32.799180496368
35.820282744143995
35.112678627458
41.346665375425005
62.815446071405994
52.82329522273
108.25526902547499
48.051372394144
80.80073393601599
92.558929050828
44.171946566049996
38.16424591002
63.10330301871599
48.795805288582
51.316712591232
47.373882990720006
47.544776454912004
43.835407621631994
41.085619356672
40.313281041792
38.140004829696
81.3256462656
67.203971864832
34.482591779328
63.702458907648
38.171180965632
33.648435988992
36.2813065875
33.873876976874996
47.097980221499995
47.902493753399995
47.96720950644999
47.96720950644999
38.131515066708005
38.135326439574
37.724365930077006
37.460376277631994
72.148825502208
70.083760535856
62.04191569762501
67.03137750609
56.43002990689999
46.94223463762499
47.592356536124996
47.22737641204999
47.4361887782
47.729370575575
48.223305603
47.762735776949995
47.459978496
41.341135102399996
44.276076920319994
36.511456576896
49.7928874413
42.841478739594
64.33104066950399
63.351644389425
62.940381590016
46.431167533816
37.709430882795004
36.479250980235
38.65438385316
36.63968382657
36.952635050240005
36.58616726166
40.72043913100799
72.754801264392
39.40607008845
40.49942963144
50.56357692672
76.62994888653
62.841922411268
36.8280084133
63.44726699961001
37.09957749849
41.907793625100005
43.344991064700004
36.48698245404
37.972428826752
39.471747016547994
37.371649461888
39.261036227759995
39.272808652415996
40.443490365252
49.72117362273
69.530715741312
65.0647549629
68.67981616584001
47.5462758573
36.527934289724996
36.52240417515
39.081964115775
48.42004858345
39.614641839694
36.5929728334
36.61189218077
49.12741461159
40.2471919398
42.101853887582
51.441962555778
72.54654401568
61.21800416624201
