task	r0_energy	r0_config	r0_reward	r0_rate	r0_avgrate	r0_rollrate	c0	c1	c2	c3	c4	c5	c6	c7	c8	c9	c10	c11
0	0.0	0	97.39359093750001	0.0	0.0	0.0	1	0	0	0	0	0	0	0	0	0	0	0
1	0.0	0	194.117935245	0.0	0.0	0.0	1	0	0	0	0	0	0	0	0	0	0	0
2	0.0	0	273.4237937925	0.0	0.0	0.0	1	0	0	0	0	0	0	0	0	0	0	0
3	0.0	0	367.1268271125	0.0	0.0	0.0	1	0	0	0	0	0	0	0	0	0	0	0
4	0.0	0	447.2052663975	0.0	0.0	0.0	1	0	0	0	0	0	0	0	0	0	0	0
5	0.0	0	525.6221746425	0.0	0.0	0.0	1	0	0	0	0	0	0	0	0	0	0	0
6	0.0	0	610.1179068075	0.0	0.0	0.0	1	0	0	0	0	0	0	0	0	0	0	0
7	0.0	0	692.6279553375	0.0	0.0	0.0	1	0	0	0	0	0	0	0	0	0	0	0
8	0.0	0	778.0152731324999	0.0	0.0	0.0	1	0	0	0	0	0	0	0	0	0	0	0
9	0.0	0	887.4545541225	0.0	0.0	0.0	1	0	0	0	0	0	0	0	0	0	0	0
10	0.0	0	970.976188715	0.0	0.0	0.0	1	0	0	0	0	0	0	0	0	0	0	0
11	0.0	0	1056.9656998875	0.0	0.0	0.0	1	0	0	0	0	0	0	0	0	0	0	0
12	0.0	0	1137.9588745525	0.0	0.0	0.0	1	0	0	0	0	0	0	0	0	0	0	0
13	0.0	0	1216.4234567225	0.0	0.0	0.0	1	0	0	0	0	0	0	0	0	0	0	0
14	0.0	0	1295.8388130025	0.0	0.0	0.0	1	0	0	0	0	0	0	0	0	0	0	0
15	0.0	0	1380.1292065275	0.0	0.0	0.0	1	0	0	0	0	0	0	0	0	0	0	0
16	0.0	0	1472.1630586649999	0.0	0.0	0.0	1	0	0	0	0	0	0	0	0	0	0	0
17	0.0	0	1566.4890575099998	0.0	0.0	0.0	1	0	0	0	0	0	0	0	0	0	0	0
18	0.0	0	1657.5037200149998	0.0	0.0	0.0	1	0	0	0	0	0	0	0	0	0	0	0
19	0.0	0	1751.8498425674998	0.0	0.0	0.0	1	0	0	0	0	0	0	0	0	0	0	0
20	0.0	0	1838.4291347174997	0.0	0.0	0.0	1	0	0	0	0	0	0	0	0	0	0	0
21	0.0	0	1926.7343307224996	0.0	0.0	0.0	1	0	0	0	0	0	0	0	0	0	0	0
22	0.0	0	2009.0388475949997	0.0	0.0	0.0	1	0	0	0	0	0	0	0	0	0	0	0
23	0.0	0	2090.2194391324997	0.0	0.0	0.0	1	0	0	0	0	0	0	0	0	0	0	0
24	0.0	0	2172.5434914949997	0.0	0.0	0.0	1	0	0	0	0	0	0	0	0	0	0	0
25	0.0	0	2252.2196261824997	0.0	0.0	0.0	1	0	0	0	0	0	0	0	0	0	0	0
26	0.0	0	2344.1922372699996	0.0	0.0	0.0	1	0	0	0	0	0	0	0	0	0	0	0
27	0.0	0	2424.6305915324997	0.0	0.0	0.0	1	0	0	0	0	0	0	0	0	0	0	0
28	0.0	0	2504.1864380324996	0.0	0.0	0.0	1	0	0	0	0	0	0	0	0	0	0	0
29	0.0	0	2596.8297452499996	0.0	0.0	0.0	1	0	0	0	0	0	0	0	0	0	0	0
30	0.0	0	2676.7311166699997	0.0	0.0	0.0	1	0	0	0	0	0	0	0	0	0	0	0
31	0.0	0	2773.0036075949997	0.0	0.0	0.0	1	0	0	0	0	0	0	0	0	0	0	0
32	0.0	0	2884.5305360625	0.0	0.0	0.0	1	0	0	0	0	0	0	0	0	0	0	0
33	0.0	0	2990.7531925374997	0.0	0.0	0.0	1	0	0	0	0	0	0	0	0	0	0	0
34	0.0	0	3077.0753872299997	0.0	0.0	0.0	1	0	0	0	0	0	0	0	0	0	0	0
35	0.0	0	3163.0482326949996	0.0	0.0	0.0	1	0	0	0	0	0	0	0	0	0	0	0
36	0.0	0	3255.2316493449994	0.0	0.0	0.0	1	0	0	0	0	0	0	0	0	0	0	0
37	0.0	0	3334.8346380699995	0.0	0.0	0.0	1	0	0	0	0	0	0	0	0	0	0	0
38	0.0	0	3415.8310166499996	0.0	0.0	0.0	1	0	0	0	0	0	0	0	0	0	0	0
39	0.0	0	3495.8719428099994	0.0	0.0	0.0	1	0	0	0	0	0	0	0	0	0	0	0
40	0.0	0	3585.885631899999	0.0	0.0	0.0	1	0	0	0	0	0	0	0	0	0	0	0
41	0.0	0	3667.081084809999	0.0	0.0	0.0	1	0	0	0	0	0	0	0	0	0	0	0
42	0.0	0	3750.158225969999	0.0	0.0	0.0	1	0	0	0	0	0	0	0	0	0	0	0
43	0.0	0	3842.922817272499	0.0	0.0	0.0	1	0	0	0	0	0	0	0	0	0	0	0
44	0.0	0	3927.8262671374987	0.0	0.0	0.0	1	0	0	0	0	0	0	0	0	0	0	0
45	0.0	0	4023.866193099999	0.0	0.0	0.0	1	0	0	0	0	0	0	0	0	0	0	0
46	0.0	0	4118.496772844999	0.0	0.0	0.0	1	0	0	0	0	0	0	0	0	0	0	0
47	0.0	0	4213.861752977499	0.0	0.0	0.0	1	0	0	0	0	0	0	0	0	0	0	0
48	0.0	0	4312.842463897499	0.0	0.0	0.0	1	0	0	0	0	0	0	0	0	0	0	0
49	0.0	0	4402.102600317499	0.0	0.0	0.0	1	0	0	0	0	0	0	0	0	0	0	0
50	0.0	0	4486.985538457499	0.0	0.0	0.0	1	0	0	0	0	0	0	0	0	0	0	0
51	0.0	0	4576.028714497499	0.0	0.0	0.0	1	0	0	0	0	0	0	0	0	0	0	0
52	0.0	0	4676.153022417499	0.0	0.0	0.0	1	0	0	0	0	0	0	0	0	0	0	0
53	0.0	0	4765.382443054999	0.0	0.0	0.0	1	0	0	0	0	0	0	0	0	0	0	0
54	0.0	0	4859.789023894999	0.0	0.0	0.0	1	0	0	0	0	0	0	0	0	0	0	0
55	0.0	0	4966.185215809999	0.0	0.0	0.0	1	0	0	0	0	0	0	0	0	0	0	0
56	0.0	0	5065.1443251499995	0.0	0.0	0.0	1	0	0	0	0	0	0	0	0	0	0	0
57	0.0	0	5158.157626505	0.0	0.0	0.0	1	0	0	0	0	0	0	0	0	0	0	0
58	0.0	0	5263.003643885	0.0	0.0	0.0	1	0	0	0	0	0	0	0	0	0	0	0
59	0.0	0	5367.6481512875	0.0	0.0	0.0	1	0	0	0	0	0	0	0	0	0	0	0
