task	p1-non1s_reward	p1-non1s_total_reward	p1-1s_reward	p1-1s_total_reward	p2-non1s_reward	p2-non1s_total_reward	p2-1s_reward	p2-1s_total_reward	p3-non1s_reward	p3-non1s_total_reward	p3-1s_reward	p3-1s_total_reward	p4-non1s_reward	p4-non1s_total_reward	p4-1s_reward	p4-1s_total_reward
12	0.0	1173.033240795	29.468445203391052	1171.767296494791	0.0	1164.08011837	28.805093977269493	1213.1657616872021	0.0	1242.4247998824999	32.88605465284585	1200.59111692194	0.0	1137.9588745525	38.08502520965193	1321.012443130153
13	0.0	1251.164102305	31.830489662084776	1260.627413468111	0.0	1253.9805693025	28.197038019034743	1291.882492823674	0.0	1325.2583640075	29.140867613986384	1281.9427056776522	0.0	1216.4234567225	32.583600382094325	1411.974994196833
14	0.0	1326.051903735	28.42473714970746	1339.979804677711	0.0	1333.5766786225	28.213875887448353	1370.646229676134	0.0	1409.162950195	29.614367467351872	1364.616148190676	0.0	1295.8388130025	37.91317062956131	1517.8159288710249
15	0.0	1403.347095735	30.507481773620416	1425.146524629068	0.0	1432.2804938324998	30.529224441368598	1455.873647908288	0.0	1488.8642350075	30.058182465900895	1448.5285742413162	0.0	1380.1292065275	31.71525358115821	1606.3543451184248
16	0.0	1484.263348425	28.999423555840476	1506.1032487224559	0.0	1531.2931976224997	28.145294171067217	1534.445927469184	0.0	1583.3721108725	31.470645637917134	1536.3841266471682	0.0	1472.1630586649999	31.864919955848595	1695.3105799951688
17	0.0	1591.342615395	31.117895993073677	1592.9740417031198	0.0	1615.9075447124997	28.267400675648954	1613.359087688704	0.0	1668.2050130849998	32.11615965397827	1626.0417390145242	0.0	1566.4890575099998	33.271753863675215	1788.1942261979289
18	0.0	1681.7491738449999	30.151557200112713	1677.1471388867678	0.0	1696.8161142724996	34.7479169084855	1710.363689058226	0.0	1754.2700385274998	33.45495455051462	1719.4368204680443	0.0	1657.5037200149998	32.804215763694806	1879.772661871577
19	0.0	1778.6549137824998	29.245465587486095	1758.7907303184998	0.0	1831.6509125524997	30.94821203027105	1796.7607809760661	0.0	1845.1624242999997	31.33339840566805	1806.9092243505343	0.0	1751.8498425674998	33.12136487285803	1972.2364721416388
20	0.0	1858.2729116574997	30.535984299625795	1844.0370198216217	0.0	1912.6899244374997	28.294068094645972	1875.748387740286	0.0	1930.5608218324996	29.208260835706028	1888.4489525168801	0.0	1838.4291347174997	31.82716281762699	2061.0873016741807
21	0.0	1957.4652703449997	30.300276110973133	1928.6252906314216	0.0	1997.6702945224997	27.835899466989847	1953.456940418966	0.0	2016.8075947174996	34.934075749246574	1985.9732473168601	0.0	1926.7343307224996	33.993857244620415	2155.9868198154127
22	0.0	2052.5378396574997	38.079757710848966	2034.9312809075416	0.0	2085.8037511674997	33.55497225270448	2047.131237957766	0.0	2121.0571152549996	34.30680595195486	2081.746413932734	0.0	2009.0388475949997	31.88136212300848	2244.9889557421448
23	0.0	2146.3093616574997	32.358339202416715	2125.2649778476216	0.0	2169.2267303524995	28.657141160152836	2127.132423696526	0.0	2214.15596974	35.35330928010447	2180.441069006359	0.0	2090.2194391324997	36.63745649335738	2347.268521786101
24	0.0	2241.4213331574997	28.18121316229254	2203.9375312590214	0.0	2264.1663380374994	28.23596986422448	2205.957839567486	0.0	2312.6521679949997	29.535071423964176	2262.8931433982593	0.0	2172.5434914949997	34.61419400614209	2443.8998133865807
25	0.0	2319.521507095	28.865326662204183	2284.5199015243415	0.0	2379.3897021699995	35.17687686431928	2304.159954147044	0.0	2414.2784732299997	29.289013972410267	2344.658307404571	0.0	2252.2196261824997	32.86996875812777	2535.661809503021
26	0.0	2399.239653395	29.604332820465665	2367.1653306481417	0.0	2479.8359109549997	39.506704467202745	2414.4495041179853	0.0	2511.8517080799998	34.09390409437612	2439.8371230013713	0.0	2344.1922372699996	37.094310411968955	2639.2167594031007
27	0.0	2478.878896195	34.574092099710086	2463.684671093166	0.0	2590.7202805899997	33.74073297344955	2508.6423836688655	0.0	2594.677647185	31.516729764451334	2527.8213269271314	0.0	2424.6305915324997	37.51296015675224	2743.9404398407005
28	0.0	2573.466269855	40.73300005152	2577.397629570326	0.0	2673.484292245	30.322018152300892	2593.2913510107055	0.0	2702.629527065	31.27624074211343	2615.1341656655313	0.0	2504.1864380324996	36.3486574081791	2845.4137751052003
29	0.0	2652.5082324	43.86479849199762	2699.853525360486	0.0	2762.7506912199997	32.90089984460597	2685.1396964102305	0.0	2792.860976165	35.61045003672072	2714.5466720180434	0.0	2596.8297452499996	32.063747040673434	2934.9250689270802
30	0.0	2731.11836725	35.26972000201074	2798.314827032766	0.0	2843.9175159849997	28.29931100433242	2764.1419396306583	0.0	2875.348527545	39.68050949999283	2825.3214277055235	0.0	2676.7311166699997	30.546578276627102	3020.200933282664
31	0.0	2811.37734553	29.883190859677615	2881.738734849366	0.0	2926.0921459899996	28.83411757482555	2844.6371845270464	0.0	2956.9308709849997	31.26898466852238	2912.6140099051486	0.0	2773.0036075949997	32.24754283621971	3110.2253237004443
32	0.0	2906.35050537	31.31766218757492	2969.167208456346	0.0	3027.0551658424997	30.435993635115224	2929.604333425076	0.0	3042.375144965	32.28179330932835	3002.7340162270234	0.0	2884.5305360625	31.767345512678688	3198.9091632566724
33	0.0	2983.76360529	29.314491786148306	3051.00349802601	0.0	3112.2738355475	29.3184445789526	3011.451657874652	0.0	3125.7275673649997	31.286781569104487	3090.0762814407735	0.0	2990.7531925374997	29.686418876557603	3281.783749287062
34	0.0	3062.9602230500004	33.92967349190686	3145.72383652425	0.0	3194.3779712325	28.920488635674264	3092.188021982576	0.0	3207.9300237724997	29.41782702662686	3172.2010485567735	0.0	3077.0753872299997	30.365614154450142	3366.5544221349023
35	0.0	3163.2249824500004	28.412786612615648	3225.042865817802	0.0	3276.78777504	29.74589880127307	3175.22865613613	0.0	3293.058305615	29.874377521343284	3255.6003524705234	0.0	3163.0482326949996	29.17994948531893	3448.015114448084
36	0.0	3242.2647749700004	28.191337646271045	3303.743683413642	0.0	3359.5224060124997	31.13198126594866	3262.1387705035704	0.0	3380.7916989275	28.470465279863635	3335.0804013768093	0.0	3255.2316493449994	31.280850435062682	3535.340821912634
37	0.0	3322.1669136500004	30.844805650095765	3389.852099186826	0.0	3449.8346147525	28.083543664173853	3340.5386632327222	0.0	3464.6574814475	29.31357764089791	3416.9141389576494	0.0	3334.8346380699995	29.576984505985077	3617.909903658509
38	0.0	3401.5007053300005	33.57651052301374	3483.586524396906	0.0	3531.6236675524997	33.796502205635804	3434.887231890122	0.0	3548.2427377474996	34.68314027691403	3513.7379055640345	0.0	3415.8310166499996	33.5405431150997	3711.543919854829
39	0.0	3480.8514992225005	27.903458326923936	3561.483678892902	0.0	3617.5258787524995	29.456268028454684	3517.119313469558	0.0	3630.9462276424997	35.405155489536	3612.5772979723224	0.0	3495.8719428099994	32.357184287605975	3801.874392657729
40	0.0	3563.0404328025006	33.05151894012178	3653.752502600742	0.0	3701.0097155524995	28.25664086127761	3596.0024358739583	0.0	3739.0779749374997	29.770550111618157	3695.6867503672565	0.0	3585.885631899999	36.29054541402269	3903.185498605209
41	0.0	3659.4593177350007	30.997292020046327	3740.286609490038	0.0	3792.0535619524994	28.083543664173853	3674.40232860311	0.0	3841.2201615124995	29.443437608293614	3777.8830136904094	0.0	3667.081084809999	37.35147177612286	4007.458357313552
42	0.0	3762.5136129100006	28.173859027135528	3818.9386326074577	0.0	3883.4592035524993	28.525510574109134	3754.036045622498	0.0	3946.6630766224994	30.50314388735105	3863.037623709264	0.0	3750.158225969999	29.646319522513433	4090.2209993139018
43	0.0	3861.2421342300004	35.367621122773606	3917.673241575201	0.0	3968.1941857024995	30.032943406764172	3837.878012633048	0.0	4050.0816600724993	31.006871075219106	3949.598472127584	0.0	3842.922817272499	29.859030601975878	4173.577459744418
44	0.0	3974.6312344700004	31.553734900900288	4005.7607515068808	0.0	4054.1416167524994	28.357401292774924	3917.042424575378	0.0	4138.3575559625	31.525755226425677	4037.607872134689	0.0	3927.8262671374987	28.626466137522986	4253.493011045003
45	0.0	4058.5491139700002	28.923336973440005	4086.5050672244006	0.0	4158.540096652499	42.81444064047761	4036.566071363378	0.0	4225.4427067775	37.45642440320597	4142.173723593639	0.0	4023.866193099999	31.17377453978149	4340.519798301893
46	0.0	4143.762885470001	30.29797620924179	4171.086917475201	0.0	4268.7922490525	34.64958283961122	4133.296156790626	0.0	4308.882052377499	32.22793444767045	4232.143373926719	0.0	4118.496772844999	32.838504655417786	4432.193957131602
47	0.0	4222.203172395	35.88634913306508	4271.269642138341	0.0	4366.806811802499	35.23355493219726	4231.65649764301	0.0	4393.116374757499	31.120517314343278	4319.021484762594	0.0	4213.861752977499	28.80598360077134	4512.610661350422
48	0.0	4300.7407399125	39.26194850546866	4380.875915049441	0.0	4481.832780002499	32.64580118347701	4322.79269261355	0.0	4477.8873683374995	31.237899792659107	4406.227288350434	0.0	4312.842463897499	31.420088567355226	4600.325075267621
49	0.0	4398.285379735001	35.05322276888454	4478.732828612577	0.0	4569.708821112499	32.361639534015055	4413.1356029793415	0.0	4563.2347624175	29.896761281308653	4489.689080260754	0.0	4402.102600317499	30.759317129322984	4686.194835586981
50	0.0	4478.476589827501	31.885606850597014	4567.746814403827	0.0	4653.564951392499	29.53640744397564	4495.591407093773	0.0	4667.7426209375	30.74065012808167	4575.506728534982	0.0	4486.985538457499	32.3045759986818	4776.3784435833
51	0.0	4592.130479592501	31.288335422257074	4655.093417457628	0.0	4739.618964502499	41.16355828326018	4610.506340634542	0.0	4775.490306177499	34.69654184359164	4672.367907848342	0.0	4576.028714497499	31.286514811667107	4863.719964099205
52	0.0	4701.56925628	33.64275702371534	4749.012780815499	0.0	4827.363524132499	30.784874271872965	4696.447447976853	0.0	4866.598837977499	29.147108028007167	4753.736917759862	0.0	4676.153022417499	33.70666711877301	4957.817743139113
53	0.0	4801.975538685	30.320696140054928	4833.658057539819	0.0	4925.2519784324995	30.85252500223809	4782.577413608101	0.0	4955.196416982499	34.89807735234483	4851.160717035158	0.0	4765.382443054999	30.00111386144238	5041.570852668973
54	0.0	4887.58010481	28.624849536159406	4913.569095828264	0.0	5012.6903489325	29.228706415932177	4864.174219019244	0.0	5042.528542122499	34.284002062163104	4946.87022279203	0.0	4859.789023894999	36.46483855542017	5143.368526969522
55	0.0	4984.76181489	29.49598805863809	4995.9120624919615	0.0	5105.0094394325	30.91962819292585	4950.491514391162	0.0	5130.9482112199985	35.181836308580785	5045.086182486818	0.0	4966.185215809999	39.58685386887402	5253.881827353462
56	0.0	5083.31449054	34.00069946009696	5090.830681818065	0.0	5198.572298432499	30.891480864275827	5036.730231803932	0.0	5235.7191354649985	28.83041397401481	5125.571088164276	0.0	5065.1443251499995	35.136589007295036	5351.9714716654935
57	0.0	5192.977846485001	32.164196444231635	5180.622396891546	0.0	5307.883336307499	32.342615019184834	5127.020032065823	0.0	5339.580555237499	30.60711186534806	5211.015942121706	0.0	5158.157626505	38.03998964533755	5458.1664427587275
58	0.0	5282.229766385	28.86251950146699	5261.196930499807	0.0	5421.385649907499	29.610287038584357	5209.682083381871	0.0	5465.544691717499	29.24762524053421	5292.665562584863	0.0	5263.003643885	35.705858012561194	5557.845296377128
59	0.0	5386.154922005	29.478058435211466	5343.48984363144	0.0	5525.585752212499	30.854827913776482	5295.818477974497	0.0	5586.497543347498	34.79511498117491	5389.801925240643	0.0	5367.6481512875	33.52873347854327	5651.4463440047275
