task	r0_energy	r0_config	r0_reward	r0_rate	r0_avgrate	r0_rollrate	r1_energy	r1_config	r1_reward	r1_rate	r1_avgrate	r1_rollrate	r2_energy	r2_config	r2_reward	r2_rate	r2_avgrate	r2_rollrate	r3_energy	r3_config	r3_reward	r3_rate	r3_avgrate	r3_rollrate	r4_energy	r4_config	r4_reward	r4_rate	r4_avgrate	r4_rollrate	r5_energy	r5_config	r5_reward	r5_rate	r5_avgrate	r5_rollrate	c0	c1	c2	c3	c4	c5	c6	c7	c8	c9	c10	c11
0	59.73178546367999	0	59.73178546367999	59.73178546367999	59.73178546367999	59.73178546367999	36.37120837095901	0	36.37120837095901	36.37120837095901	36.37120837095901	36.37120837095901	41.682232419168	0	41.682232419168	41.682232419168	41.682232419168	41.682232419168	66.00507847559999	0	66.00507847559999	66.00507847559999	66.00507847559999	66.00507847559999	42.594987207810995	0	42.594987207810995	42.594987207810995	42.594987207810995	42.594987207810995	51.581169159549994	0	51.581169159549994	51.581169159549994	51.581169159549994	51.581169159549994	6	0	0	0	0	0	0	0	0	0	0	0
1	37.0303029558	0	96.76208841948	37.0303029558	48.38104420974	48.38104420974	37.133653037436	0	73.50486140839502	37.133653037436	36.75243070419751	36.75243070419751	37.829983331624	0	79.512215750792	37.829983331624	39.756107875396	39.756107875396	57.978291720249985	0	123.98337019584997	57.978291720249985	61.991685097924986	61.991685097924986	80.18260895519	0	122.777596163001	80.18260895519	61.3887980815005	61.3887980815005	37.741892612175995	0	89.32306177172599	37.741892612175995	44.661530885862994	44.661530885862994	6	0	0	0	0	0	0	0	0	0	0	0
2	85.801732388361	1	182.563820807841	85.801732388361	60.854606935947004	60.854606935947004	113.74628277378598	1	187.251144182181	113.74628277378598	62.417048060727005	62.417048060727005	38.96332800448	1	118.47554375527199	38.96332800448	39.49184791842399	39.49184791842399	59.68289862265499	1	183.66626881850496	59.68289862265499	61.22208960616832	61.22208960616832	74.734048112892	1	197.511644275893	74.734048112892	65.83721475863099	65.83721475863099	39.010621909896	1	128.333683681622	39.010621909896	42.777894560540666	42.777894560540666	0	6	0	0	0	0	0	0	0	0	0	0
3	32.210245903164996	1	214.77406671100601	32.210245903164996	53.693516677751504	53.693516677751504	81.28836338524201	1	268.539507567423	81.28836338524201	67.13487689185575	67.13487689185575	40.001561394773	1	158.477105150045	40.001561394773	39.61927628751125	39.61927628751125	45.05714327037	1	228.72341208887497	45.05714327037	57.18085302221874	57.18085302221874	82.48926565303198	1	280.00090992892495	82.48926565303198	70.00022748223124	70.00022748223124	110.97069873003	1	239.304382411652	110.97069873003	59.826095602913	59.826095602913	0	6	0	0	0	0	0	0	0	0	0	0
4	64.522945183598	2	279.297011894604	64.522945183598	55.8594023789208	55.8594023789208	86.374484730184	2	354.913992297607	86.374484730184	70.9827984595214	70.9827984595214	41.290623713801	2	199.767728863846	41.290623713801	39.9535457727692	39.9535457727692	33.14150323792	2	261.86491532679497	33.14150323792	52.372983065358994	52.372983065358994	85.99597167242202	2	365.99688160134696	85.99597167242202	73.1993763202694	73.1993763202694	101.116651794552	2	340.421034206204	101.116651794552	68.0842068412408	68.0842068412408	0	0	6	0	0	0	0	0	0	0	0	0
5	31.984674896459996	2	311.281686791064	31.984674896459996	51.880281131843994	51.880281131843994	91.71850560474799	2	446.632497902355	91.71850560474799	74.4387496503925	74.4387496503925	93.194467768732	2	292.962196632578	93.194467768732	48.82703277209634	48.82703277209634	31.87140930764999	2	293.73632463444494	31.87140930764999	48.956054105740826	48.956054105740826	86.93207681249	2	452.92895841383694	86.93207681249	75.48815973563948	75.48815973563948	54.373618025023	2	394.794652231227	54.373618025023	65.7991087052045	65.7991087052045	0	0	6	0	0	0	0	0	0	0	0	0
6	39.914578883256	3	351.19626567432	39.914578883256	50.17089509633143	50.17089509633143	37.145299849944	3	483.777797752299	37.145299849944	69.11111396461415	69.11111396461415	42.464662892652	3	335.42685952523004	42.464662892652	47.91812278931858	47.91812278931858	54.04738368699999	3	347.7837083214449	54.04738368699999	49.68338690306356	49.68338690306356	34.176910411853996	3	487.10586882569095	34.176910411853996	69.58655268938442	69.58655268938442	51.29289865943599	3	446.087550890663	51.29289865943599	63.72679298438043	63.72679298438043	0	0	0	6	0	0	0	0	0	0	0	0
7	37.642922209244	3	388.83918788356397	37.642922209244	48.604898485445496	48.604898485445496	49.746999062585004	3	533.524796814884	49.746999062585004	66.6905996018605	66.6905996018605	40.087767134877005	3	375.51462666010707	40.087767134877005	46.939328332513384	46.939328332513384	37.84047295999999	3	385.6241812814449	37.84047295999999	48.203022660180615	48.203022660180615	35.81600269406599	3	522.9218715197569	35.81600269406599	65.36523393996961	65.36523393996961	47.73605921329499	3	493.823610103958	47.73605921329499	61.72795126299475	61.72795126299475	0	0	0	6	0	0	0	0	0	0	0	0
8	88.20135439338301	4	477.040542276947	88.20135439338301	53.004504697438556	53.004504697438556	51.91736708235	4	585.442163897234	51.91736708235	65.04912932191489	65.04912932191489	57.532777078985994	4	433.04740373909306	57.532777078985994	48.11637819323256	48.11637819323256	87.95036039999998	4	473.5745416814449	87.95036039999998	52.61939352016054	52.61939352016054	38.175133585848	4	561.0970051056049	38.175133585848	62.344111678400544	62.344111678400544	79.28939479318602	4	573.113004897144	79.28939479318602	63.67922276634934	63.67922276634934	0	0	0	0	6	0	0	0	0	0	0	0
9	41.564498607786	4	518.6050408847331	41.564498607786	51.860504088473306	51.860504088473306	64.216879374948	4	649.659043272182	64.216879374948	64.9659043272182	64.9659043272182	54.590550065051	4	487.63795380414405	54.590550065051	48.76379538041441	48.76379538041441	89.024612768	4	562.5991544494449	89.024612768	56.25991544494449	56.25991544494449	36.379891977785995	4	597.4768970833909	36.379891977785995	59.74768970833909	59.74768970833909	76.818404789828	4	649.9314096869721	76.818404789828	64.9931409686972	64.9931409686972	0	0	0	0	6	0	0	0	0	0	0	0
10	104.59026299128001	5	623.1953038760131	104.59026299128001	56.654118534183006	70.2940503518702	64.986570509206	5	714.645613781388	64.986570509206	64.96778307103527	73.0185181415732	44.077428511841994	5	531.7153823159861	44.077428511841994	48.337762028726004	73.5251988017678	90.15304984	5	652.7522042894449	90.15304984	59.34110948085863	71.44343391276479	81.80623372544	5	679.283130808831	81.80623372544	61.75301189171191	69.51239210585359	83.08902133224	5	733.0204310192121	83.08902133224	66.63822100174656	72.38393243657531	0	0	0	0	0	6	0	0	0	0	0	0
11	99.52167690959999	5	722.716980785613	99.52167690959999	60.226415065467755	77.2068102615917	41.264005995474	5	755.909619776862	41.264005995474	62.992468314738495	76.5596049398096	38.627334702594005	5	570.3427170185801	38.627334702594005	47.528559751548336	72.49339893075039	45.536312388	5	698.2885166774449	45.536312388	58.19070972312041	69.3651896905676	81.387601241688	5	760.670732050519	81.387601241688	63.38922767087658	67.0449235156084	78.66711474639999	5	811.6875457656121	78.66711474639999	67.640628813801	68.41297793932779	0	0	0	0	0	6	0	0	0	0	0	0
12	33.3067176369	6	756.023698422513	33.3067176369	58.155669109424075	67.33590685183358	30.811297491570002	6	786.720917268432	30.811297491570002	60.516993636033234	61.4017316169906	57.90538682599	6	628.2481038445701	57.90538682599	48.326777218813085	59.011646927045604	32.392860479999996	6	730.6813771574449	32.392860479999996	56.20625978134191	53.9420308418216	31.24796127023	6	791.918693320749	31.24796127023	60.91682256313454	47.1146592778846	31.356322411007994	6	843.0438681766201	31.356322411007994	64.84952832127847	46.123890919438	0	0	0	0	0	0	6	0	0	0	0	0
13	38.469367663999996	6	794.493066086513	38.469367663999996	56.74950472046521	46.108094215578596	35.442545158655996	6	822.163462427088	35.442545158655996	58.725961601934856	45.098717492644205	49.961918318832	6	678.2100221634021	49.961918318832	48.443573011671575	41.9561492003586	34.619351112000004	6	765.3007282694449	34.619351112000004	54.66433773353178	37.551372836918596	29.952819522934	6	821.8715128436829	29.952819522934	58.705108060263065	37.215983025522	31.984389824051995	6	875.028258000672	31.984389824051995	62.50201842861943	37.33329225877021	0	0	0	0	0	0	6	0	0	0	0	0
14	31.910715838518	7	826.4037819250309	31.910715838518	55.093585461668724	34.733825160023	86.550634189488	7	908.714096616576	86.550634189488	60.5809397744384	40.1496025309718	51.362870428799994	7	729.572892592202	51.362870428799994	48.63819283948013	42.161093446828794	32.79454653276	7	798.0952748022049	32.79454653276	53.206351653480326	42.304915859004	42.444061786702	7	864.315574630385	42.444061786702	57.62103830869233	42.702385271274196	46.70229765564	7	921.730555656312	46.70229765564	61.4487037104208	43.828360520972595	0	0	0	0	0	0	0	6	0	0	0	0
15	38.053678760216	7	864.4574606852469	38.053678760216	54.02859129282793	42.637536565111	33.463781833056	7	942.177878449632	33.463781833056	58.886117403102	42.521979637216596	120.06894016109999	7	849.641832753302	120.06894016109999	53.10261454708137	51.533591701033195	34.109412912938005	7	832.2046877151429	34.109412912938005	52.01279298219643	51.7460940099218	29.790863729956	7	894.1064383603409	29.790863729956	55.88165239752131	51.5341087990656	34.797650031192	7	956.528205687504	34.797650031192	59.783012855469	46.358810383236005	0	0	0	0	0	0	0	6	0	0	0	0
16	33.46406418528	8	897.9215248705269	33.46406418528	52.81891322767805	44.568929758884	41.183138564028	8	983.36101701366	41.183138564028	57.844765706685884	45.407788962010805	98.73665401370398	8	948.3784867670059	98.73665401370398	55.78696980982388	51.037048184711	66.05628770617999	8	898.2609754213229	66.05628770617999	52.83888090713664	52.972447189765	29.991140963430002	8	924.0975793237709	29.991140963430002	54.358681136692404	52.16619341008639	81.17755385452	8	1037.705759542024	81.17755385452	61.041515267177886	56.9375706122328	0	0	0	0	0	0	0	0	6	0	0	0
17	49.378330009896004	8	947.2998548804229	49.378330009896004	52.62776971557905	49.86850959711239	30.394789404306	8	1013.755806417966	30.394789404306	56.31976702322034	49.49704724624919	99.85872880115998	8	1048.237215568166	99.85872880115998	58.23540086489811	56.50383375336959	49.356061793184	8	947.6170372145069	49.356061793184	52.645390956361496	57.95967492956879	29.998186818077997	8	954.0957661418489	29.998186818077997	53.00532034121383	57.6130871928486	46.960741521592006	8	1084.666501063616	46.960741521592006	60.25925005908977	58.190847488604994	0	0	0	0	0	0	0	0	6	0	0	0
18	104.110591804428	9	1051.410446684851	104.110591804428	55.33739193078163	58.72824126767739	38.240081075484	9	1051.99588749345	38.240081075484	55.368204604918425	55.9466206046078	42.753139322459994	9	1090.990354890626	42.753139322459994	57.42054499424347	57.222820440510795	53.824478621451995	9	1001.441515835959	53.824478621451995	52.707448201892575	54.487512917204	34.485277681743	9	988.5810438235919	34.485277681743	52.03058125387326	52.998207684388696	75.840929910111	9	1160.507430973727	75.840929910111	61.07933847230142	57.542821734969195	0	0	0	0	0	0	0	0	0	6	0	0
19	115.098667997028	9	1166.509114681879	115.098667997028	58.32545573409395	59.066815654556	36.02807914314	9	1088.02396663659	36.02807914314	54.401198331829505	57.734017389551596	93.144550291296	9	1184.1349051819218	93.144550291296	59.20674525909609	64.0486537368734	57.233060081679994	9	1058.674575917639	57.233060081679994	52.93372879588195	65.0758855928822	33.791058931185	9	1022.372102754777	33.791058931185	51.11860513773885	58.0439323055579	36.944521825584	9	1197.451952799311	36.944521825584	59.87259763996555	57.91437638056791	0	0	0	0	0	0	0	0	0	6	0	0
20	105.62400893721599	10	1272.133123619095	105.62400893721599	60.577767791385476	64.2014633420435	98.6048877759	10	1186.62885441249	98.6048877759	56.50613592440428	68.6795042574883	106.34169889244698	10	1290.4766040743689	106.34169889244698	61.451266860684235	75.86514637855869	106.66852228153999	10	1165.343098199179	106.66852228153999	55.49252848567519	78.9479056157016	84.31742090045998	10	1106.6895236552368	84.31742090045998	52.69950112643985	75.86978090604481	82.11962171809498	10	1279.571574517406	82.11962171809498	60.93197973892409	80.4789351635403	0	0	0	0	0	0	0	0	0	0	6	0
21	98.47752922444799	10	1370.610652843543	98.47752922444799	62.300484220161046	81.01223305685548	85.14141361053302	10	1271.770268023023	85.14141361053302	57.80773945559195	83.80306840974079	99.048022511536	10	1389.5246265859048	99.048022511536	63.160210299359306	90.3287647677759	94.148385402904	10	1259.491483602083	94.148385402904	57.24961289100377	96.04915112550789	96.70756807571999	10	1203.3970917309568	96.70756807571999	54.699867805952586	95.1575070393583	79.08364981168799	10	1358.655224329094	79.08364981168799	61.75705565132245	93.20538324293709	0	0	0	0	0	0	0	0	0	0	6	0
22	99.69167739484799	11	1470.302330238391	99.69167739484799	63.926188271234395	92.54038109317719	91.29733603488403	11	1363.067604057907	91.29733603488403	59.26380887208291	91.0032624685116	99.364001599252	11	1488.888628185157	99.364001599252	64.73428818196335	92.50792053839079	92.157456556776	11	1351.648940158859	92.157456556776	58.76734522429822	93.5117040222589	122.40294487273499	11	1325.8000366036918	122.40294487273499	57.64347985233442	95.9042455870876	87.43814315191999	11	1446.093367481014	87.43814315191999	62.87362467308756	96.13391854122631	0	0	0	0	0	0	0	0	0	0	0	6
23	116.597335163232	11	1586.899665401623	116.597335163232	66.12081939173429	97.88884980639591	83.390959914597	11	1446.458563972504	83.390959914597	60.26910683218767	96.8131072575652	104.323331261448	11	1593.2119594466049	104.323331261448	66.38383164360853	97.574683576138	86.975350049076	11	1438.624290207935	86.975350049076	59.94267875866396	98.3638535998768	97.48124456545	11	1423.2812811691417	97.48124456545	59.3033867153809	98.14281031693702	93.86358696701198	11	1539.956954448026	93.86358696701198	64.16487310200108	98.39943541014979	0	0	0	0	0	0	0	0	0	0	0	6
24	34.636090334208006	7	1621.5357557358311	34.636090334208006	64.86143022943324	91.9266442836454	30.815341345572	6	1477.273905318076	30.815341345572	59.09095621272304	85.79243276252501	39.84710413782901	1	1633.059063584434	39.84710413782901	65.32236254337735	77.5368486890344	84.050964367104	2	1522.675254575039	84.050964367104	60.90701018300156	77.19813081055281	53.909430319125	8	1477.1907114882667	53.909430319125	59.08762845953067	70.92934032614211	49.39763199227999	6	1589.3545864403059	49.39763199227999	63.574183457612236	67.5300075339104	0	1	1	0	0	0	2	1	1	0	0	0
25	29.145261636479997	7	1650.681017372311	29.145261636479997	63.48773143739658	60.01220057141361	30.583269329402004	6	1507.857174647478	30.583269329402004	57.99450671721069	54.372992499446205	45.16777858220001	1	1678.226842166634	45.16777858220001	64.54718623717824	49.1416459011212	78.650054415936	2	1601.325308990975	78.650054415936	61.589434961191344	47.620292646013596	49.729742476270005	8	1526.9204539645368	49.729742476270005	58.7277097678668	49.1296578602198	35.416062980864	6	1624.7706494211698	35.416062980864	62.49117882389115	49.589730023749	0	1	1	0	0	0	2	1	1	0	0	0
26	87.94702684944	7	1738.628044221751	87.94702684944	64.39363126747226	54.3997222949101	30.270319002548003	6	1538.1274936500258	30.270319002548003	56.96768495000096	49.02165775845451	31.21373608444	1	1709.440578251074	31.21373608444	63.31261400929903	46.752088334986	28.928502928259995	2	1630.253811919235	28.928502928259995	60.37977081182352	44.705175428584	58.091705139380004	8	1585.012159103917	58.091705139380004	58.70415404088581	47.599819778874	33.763700389632	6	1658.5343498108018	33.763700389632	61.427198141140806	47.917862884897	0	1	1	0	0	0	2	1	1	0	0	0
27	32.467282926848	7	1771.095327148599	32.467282926848	63.25340454102139	46.6478133193618	30.99387246095	6	1569.121366110976	30.99387246095	56.04004878967771	41.8821951238632	32.844129966054	1	1742.284708217128	32.844129966054	62.22445386489743	40.1936338728416	32.636347979256	2	1662.890159898491	32.636347979256	59.38893428208896	39.9156623726808	41.745118470570006	8	1626.757277574487	41.745118470570006	58.09847419908882	35.2954715347938	31.6629543447	6	1690.1973041555018	31.6629543447	60.364189434125066	35.434735069008994	0	1	1	0	0	0	2	1	1	0	0	0
28	36.16437319862399	7	1807.2597003472229	36.16437319862399	62.319300011973205	35.92979878042739	58.615685016427	6	1627.737051127403	58.615685016427	56.128863831979416	38.8985169892441	50.897088326664	1	1793.181796543792	50.897088326664	61.8338550532342	38.1790553079725	31.306866154199994	2	1694.197026052691	31.306866154199994	58.420587105265206	37.933371884429306	33.080907895440006	8	1659.838185469927	33.080907895440006	57.235799498963004	37.9947343812885	31.615445438640002	6	1721.812749594142	31.615445438640002	59.372853434280756	38.0568916790575	0	1	1	0	0	0	2	1	1	0	0	0
29	37.09217108607999	7	1844.351871433303	37.09217108607999	61.47839571444343	38.4816957910601	54.324592043512	6	1682.061643170915	54.324592043512	56.0687214390305	40.6505201974857	95.759621570844	1	1888.941418114636	95.759621570844	62.964713937154535	46.0519705075131	31.912679237069998	2	1726.109705289761	31.912679237069998	57.53699017632537	46.0769429967501	30.803808407400002	8	1690.6419938773272	30.803808407400002	56.35473312924424	45.5408865176277	45.1604329974	6	1766.973182591542	45.1604329974	58.89910608638473	44.195361315725	0	1	1	0	0	0	2	1	1	0	0	0
30	37.108455232424994	7	1881.460326665728	37.108455232424994	60.69226860212026	42.8164980063011	49.50609909784	6	1731.567742268755	49.50609909784	55.85702394415338	44.6364213006651	53.3894823108	1	1942.330900425436	53.3894823108	62.655835497594715	46.667278742201106	31.174205120088	2	1757.2839104098489	31.174205120088	56.686577755156414	46.6231547103459	32.08131053876	8	1722.723304416087	32.08131053876	55.57171949729313	46.1220686556139	31.361862221549995	6	1798.3350448130918	31.361862221549995	58.01080789719651	43.8257956734177	0	1	1	0	0	0	2	1	1	0	0	0
31	95.738094313194	7	1977.198420978922	95.738094313194	61.787450655591314	43.823642947652694	105.51631668348	6	1837.084058952235	105.51631668348	57.40887684225734	51.18400669229369	56.915525302605	1	1999.246425728041	56.915525302605	62.47645080400128	53.795178381814196	43.766623066823996	2	1801.0505334766729	43.766623066823996	56.28282917114603	53.655797388756596	83.12542139813999	8	1805.848725814227	83.12542139813999	56.432772681694594	58.2574940053281	31.391241397530003	6	1829.7262862106218	31.391241397530003	57.17894644408193	56.4460082352971	0	1	1	0	0	0	2	1	1	0	0	0
32	86.253143687775	7	2063.451564666697	86.253143687775	62.52883529293021	59.73237437299459	36.480572950205996	6	1873.5646319024409	36.480572950205996	56.77468581522548	60.26301115600639	39.324623434848	1	2038.571049162889	39.324623434848	61.77488027766331	60.987342445615205	66.525839301123	2	1867.5763727777958	66.525839301123	56.593223417508966	64.50374015357251	82.28728215396	8	1888.136007968187	82.28728215396	57.21624266570264	63.1586589376491	35.80071552792	6	1865.5270017385417	35.80071552792	56.53112126480429	56.187098822093105	0	1	1	0	0	0	2	1	1	0	0	0
33	80.852781338784	7	2144.304346005481	80.852781338784	63.06777488251414	58.580824425710986	43.134763862511996	6	1916.699395764953	43.134763862511996	56.37351164014567	58.5176385052798	83.188402803504	1	2121.759451966393	83.188402803504	62.40468976371744	58.52393664581619	61.41194911724399	2	1928.9883218950397	61.41194911724399	56.73495064397176	61.526007417787596	85.99237392259799	8	1974.128381890785	85.99237392259799	58.06259946737603	61.499930441269896	36.204921811590005	6	1901.7319235501318	36.204921811590005	55.933291869121526	61.4723653274083	0	1	1	0	0	0	2	1	1	0	0	0
34	83.824298167815	7	2228.128644173296	83.824298167815	63.660818404951314	65.922332800705	40.5611023531	6	1957.260498118053	40.5611023531	55.92172851765866	63.325859105902694	39.001679079792	1	2160.7611310461853	39.001679079792	61.73603231560529	58.99729879848589	41.997023447508	2	1970.9853453425476	41.997023447508	56.313867009787074	59.616929590444705	83.94637446046801	8	2058.074756351253	83.94637446046801	58.80213589575009	59.9262889026131	31.783724354969998	6	1933.5156479051018	31.783724354969998	55.24330422586005	58.791184951858895	0	1	1	0	0	0	2	1	1	0	0	0
35	88.04581064989199	7	2316.1744548231877	88.04581064989199	64.3381793006441	59.276925736497695	43.335219203136	6	2000.5957173211889	43.335219203136	55.57210325892191	57.469252745086905	39.612289248719996	1	2200.3734202949054	39.612289248719996	61.12148389708071	52.83124427769909	35.47372240755	2	2006.4590677500976	35.47372240755	55.734974104169375	52.7581243372951	96.990077249385	8	2155.0648336006384	96.990077249385	59.86291204446218	54.0747022454521	32.37825013542	6	1965.893898040522	32.37825013542	54.60816383445894	53.256417023684094	0	1	1	0	0	0	2	1	1	0	0	0
36	50.91981416535	7	2367.094268988538	50.91981416535	63.975520783473996	54.44823053223989	83.349459663134	6	2083.945176984323	83.349459663134	56.32284262119792	58.58347415380249	82.58717822206398	1	2282.960598516969	82.58717822206398	61.70163779775592	58.4475545299621	37.560428959823994	2	2044.0194967099217	37.560428959823994	55.243770181349234	59.0252249904475	83.19599879562298	8	2238.2608323962613	83.19599879562298	60.49353601070977	58.54024380502059	77.31137727768001	6	2043.205275318202	77.31137727768001	55.22176419778924	61.93785961247498	0	1	1	0	0	0	2	1	1	0	0	0
37	50.506064422005004	7	2417.6003334105426	50.506064422005004	63.621061405540594	63.027237129803495	40.470845561684996	6	2124.416022546008	40.470845561684996	55.90568480384232	63.526949445217	39.529352458036	1	2322.4899509750053	39.529352458036	61.1181566046054	57.7808769660821	38.23016580481	2	2082.249662514732	38.23016580481	54.79604375038768	58.3660685330211	83.075096804304	8	2321.3359292005653	83.075096804304	61.08778761054119	61.581596796916486	33.18045724329	6	2076.385732561492	33.18045724329	54.64172980424979	56.564696554932084	0	1	1	0	0	0	2	1	1	0	0	0
38	49.686014081484004	7	2467.2863474920264	49.686014081484004	63.26375249979555	53.27458014087409	80.88271972552799	6	2205.2987422715364	80.88271972552799	56.546121596706065	57.60680921744451	82.86142937921998	1	2405.351380354225	82.86142937921998	61.675676419339105	57.5733522758042	79.273214077785	2	2161.5228765925167	79.273214077785	55.42366350237222	57.769535955814696	87.11911876128998	8	2408.455047961855	87.11911876128998	61.75525764004757	61.43084138974319	44.97355640063999	6	2121.3592889621323	44.97355640063999	54.393827922105956	61.88111247363869	0	1	1	0	0	0	2	1	1	0	0	0
39	34.601409823632	7	2501.8877573156583	34.601409823632	62.54719393289146	61.38831821019829	36.386174249039996	6	2241.6849165205763	36.386174249039996	56.04212291301441	61.203919054621295	40.047172091255995	1	2445.398552445481	40.047172091255995	61.13496381113703	56.9011265833165	78.32783266588	2	2239.850709258397	78.32783266588	55.99626773145992	61.4158641255755	85.467679007508	8	2493.9227269693633	85.467679007508	62.348068174234086	64.9940306181779	32.452270642399995	6	2153.8115596045322	32.452270642399995	53.8452889901133	60.1509857098651	0	1	1	0	0	0	2	1	1	0	0	0
40	39.090008797056	7	2540.977766112714	39.090008797056	61.97506746616376	55.773843651648704	36.142374500399995	6	2277.827291020976	36.142374500399995	55.556763195633565	51.46075969391019	39.307490839008	1	2484.706043284489	39.307490839008	60.60258642157291	46.67959690168199	31.90268379116	2	2271.753393049557	31.90268379116	55.40861934267212	45.372509640733995	84.79968969472	8	2578.7224166640835	84.79968969472	62.89566869912399	50.3923376278428	31.995099276111993	6	2185.806658880644	31.995099276111993	53.312357533674245	49.95323013054999	0	1	1	0	0	0	2	1	1	0	0	0
41	31.914099133842	7	2572.8918652465563	31.914099133842	61.25933012491801	49.13992283480859	39.180383780706	6	2317.0076748016822	39.180383780706	55.16684940004005	45.2251779462912	86.31561432908799	1	2571.021657613577	86.31561432908799	61.21480137175184	45.3099714784492	34.994378524664995	2	2306.747771574222	34.994378524664995	54.92256598986243	45.5641822666757	85.10349525035402	8	2663.8259119144377	85.10349525035402	63.42442647415328	50.165530912005494	46.370240146048	6	2232.1768990266924	46.370240146048	53.14706902444506	51.18831747657029	0	1	1	0	0	0	2	1	1	0	0	0
42	32.298787287215994	7	2605.190652533772	32.298787287215994	60.585829128692374	50.48744712139109	36.32346864531	6	2353.3311434469924	36.32346864531	54.72863124295331	50.9295256068061	46.432083117679994	1	2617.4537407312573	46.432083117679994	60.87101722630831	47.0927649491021	45.04201800524999	2	2351.789789579472	45.04201800524999	54.692785804173774	48.3974568220159	83.326370187214	8	2747.1522821016515	83.326370187214	63.88726237445701	53.5386839273531	49.803362676423994	6	2281.9802617031164	49.803362676423994	53.06930841170038	54.600981816924886	0	1	1	0	0	0	2	1	1	0	0	0
43	31.643197279667998	7	2636.8338498134403	31.643197279667998	59.92804204121455	49.1337401119829	36.38170118072	6	2389.7128446277125	36.38170118072	54.31165555972074	49.27247237758839	103.458823399144	1	2720.9125641304013	103.458823399144	61.83892191205457	51.108005192467395	31.754451977114996	2	2383.544241556587	31.754451977114996	54.17146003537698	49.646426375574094	79.87547234093	8	2827.0277544425817	79.87547234093	64.25063078278595	54.40409488094549	48.68860013337599	6	2330.6688618364924	48.68860013337599	52.969746859920285	55.640608029752094	0	1	1	0	0	0	2	1	1	0	0	0
44	36.971637706475995	7	2673.8054875199164	36.971637706475995	59.41789972266481	54.694563488631694	36.769790023365	6	2426.4826346510777	36.769790023365	53.921836325579505	53.867340690443186	47.98501848428	1	2768.897582614681	47.98501848428	61.53105739143736	50.33320552014979	32.216945844719994	2	2415.7611874013073	32.216945844719994	53.68358194225127	48.574563836979394	95.56045980553802	8	2922.5882142481196	95.56045980553802	64.94640476106932	54.96629008956639	41.617714137776	6	2372.2865759742685	41.617714137776	52.71747946609486	55.489891385271996	0	1	1	0	0	0	2	1	1	0	0	0
45	32.413210706508	7	2706.2186982264243	32.413210706508	58.83084126579183	48.3853301160084	36.8301627516	6	2463.3127974026775	36.8301627516	53.550278204406034	48.89290119345689	51.48711562394399	1	2820.3846982386253	51.48711562394399	61.312710831274465	46.0540655217583	36.01361268778	2	2451.7748000890874	36.01361268778	53.29945217584973	44.786566777198686	114.34517537788801	8	3036.9333896260077	114.34517537788801	66.02029107882626	52.5239205443399	31.408702645599995	6	2403.6952786198685	31.408702645599995	52.25424518738845	51.9878118065634	0	1	1	0	0	0	2	1	1	0	0	0
46	54.044293431828	7	2760.2629916582523	54.044293431828	58.72899982251601	52.5937393013182	36.555088345445995	6	2499.8678857481236	36.555088345445995	53.18867842017284	53.027553551390795	85.440154444288	1	2905.8248526829134	85.440154444288	61.82606069538114	52.0155230152658	31.7298848104	2	2483.5046848994875	31.7298848104	52.8405252106274	51.02674008252821	100.58876440956001	8	3137.522154035568	100.58876440956001	66.75579051139506	57.8442954528334	55.95177302822399	6	2459.6470516480927	55.95177302822399	52.33291599251261	59.7564564804958	0	1	1	0	0	0	2	1	1	0	0	0
47	32.645714617859994	7	2792.9087062761123	32.645714617859994	58.185598047419006	57.8723163798874	39.015798610446	6	2538.8836843585696	39.015798610446	52.893410090803535	58.172534972154004	58.108171748387996	1	2963.9330244313014	58.108171748387996	61.74860467565211	52.54883460920399	55.95239710031999	2	2539.4570819998075	55.95239710031999	52.90535587499599	55.003204054676	112.27712811180001	8	3249.7992821473676	112.27712811180001	67.7041517114035	60.8264875226732	32.568967900128	6	2492.2160195482206	32.568967900128	51.92116707392126	60.42787547814139	0	1	1	0	0	0	2	1	1	0	0	0
48	31.68492154695	7	2824.5936278230624	31.68492154695	57.64476791475638	55.052352188407596	49.59346696305	6	2588.4771513216197	49.59346696305	52.826064312686114	56.8387104036726	100.62932132300799	1	3064.5623457543093	100.62932132300799	62.54208868886345	56.842766095017396	51.08833117867499	2	2590.5454131784827	51.08833117867499	52.868273738336384	56.3564219100625	104.54033428167	8	3354.3396164290375	104.54033428167	68.45591053936812	63.5458838764435	91.01357196672	6	2583.2295915149407	91.01357196672	52.718971255406956	68.7456612120709	0	1	1	0	0	0	2	1	1	0	0	0
49	32.546661355295996	7	2857.140289178358	32.546661355295996	57.14280578356716	66.1895101727617	138.16886005712496	6	2726.646011378745	138.16886005712496	54.5329202275749	74.41115646844219	45.178602148063995	1	3109.740947902373	45.178602148063995	62.19481895804746	67.70130387206859	52.645202406719996	2	2643.1906155852025	52.645202406719996	52.86381231170405	69.7089273227278	92.97692193033998	8	3447.3165383593773	92.97692193033998	68.94633076718755	75.8381273610668	76.12194975839999	6	2659.351541273341	76.12194975839999	53.18703082546682	78.4909756406018	0	1	1	0	0	0	2	1	1	0	0	0
50	31.615114163688	7	2888.755403342046	31.615114163688	56.64226281062835	71.58955492466978	52.143929881055996	6	2778.789941259801	52.143929881055996	54.48607727960394	71.69511479490788	81.764770764768	1	3191.505718667141	81.764770764768	62.578543503277274	69.4175584432177	35.195288620338	2	2678.3859042055406	35.195288620338	52.51737067069687	63.83573010857949	90.39075976244999	8	3537.707298121827	90.39075976244999	69.36680976709465	69.6201399492949	45.49107432239999	6	2704.842615595741	45.49107432239999	53.03612971756355	60.3523613758224	0	1	1	0	0	0	2	1	1	0	0	0
51	32.407112295999994	7	2921.162515638046	32.407112295999994	56.17620222380857	59.07521239061599	98.87413953032998	6	2877.664080790131	98.87413953032998	55.33969386134867	63.698106102976986	38.87486913024	1	3230.380587797381	38.87486913024	62.12270361148809	58.28790082296699	40.940864110233996	2	2719.3267683157746	40.940864110233996	52.29474554453413	54.76979225815039	89.56514296966	8	3627.272441091487	89.56514296966	69.75523925175936	60.564795138747584	31.578397102512	6	2736.421012698253	31.578397102512	52.62348101342794	58.50824186089319	0	1	1	0	0	0	2	1	1	0	0	0
52	33.437099507559005	7	2954.599615145605	33.437099507559005	55.74716254991708	53.67547473517228	63.2414054705	6	2940.905486260631	63.2414054705	55.488782759634546	56.48008642018848	87.30250707446801	1	3317.683094871849	87.30250707446801	62.59779424286507	56.1712611513903	31.909918494996003	2	2751.2366868107706	31.909918494996003	51.91012616624096	54.813145568649894	87.58404482192	8	3714.856485913407	87.58404482192	70.09163180968693	60.3308388212419	33.22604667283199	6	2769.647059371085	33.22604667283199	52.25749168624689	53.7660295354921	0	1	1	0	0	0	2	1	1	0	0	0
53	37.258219050441	7	2991.857834196046	37.258219050441	55.404774707334184	53.6043645275122	38.769200803504	6	2979.674687064135	38.769200803504	55.179160871558054	53.3871981968392	39.663995261618	1	3357.3470901334667	39.663995261618	62.17309426173087	48.39708342603501	31.734955238624	2	2782.9716420493946	31.734955238624	51.536511889803606	48.412739239646214	104.01761390959999	8	3818.8740998230073	104.01761390959999	70.7198907374631	55.4707906798503	33.264509811623995	6	2802.911569182709	33.264509811623995	51.9057697996798	52.4731011139627	0	1	1	0	0	0	2	1	1	0	0	0
54	106.84951631622499	7	3098.707350512271	106.84951631622499	56.34013364567766	54.427802038138395	37.090193653097	6	3016.764880717232	37.090193653097	54.850270558495126	54.9458295539485	40.00066574735	1	3397.3477558808167	40.00066574735	61.76995919783303	50.187491646491495	31.851251446976	2	2814.822893496371	31.851251446976	51.17859806357038	50.050012123905894	91.69047224148	8	3910.5645720644875	91.69047224148	71.10117403753614	55.4932374430098	31.732800865271994	6	2834.6443700479813	31.732800865271994	51.538988546326934	54.7895974491866	0	1	1	0	0	0	2	1	1	0	0	0
55	98.05828113369999	7	3196.765631645971	98.05828113369999	57.08510056510663	60.62902603639479	36.388205071568	6	3053.1530857887997	36.388205071568	54.52059081765714	61.09435101968919	82.673153455088	1	3480.020909335905	82.673153455088	62.14323052385544	58.959904974238	45.064868866145005	2	2859.887762362516	45.064868866145005	51.06942432790207	60.13994087969011	93.90243287178002	8	4004.4670049362676	93.90243287178002	71.50833937386192	58.8452325352456	31.871013197399996	6	2866.515383245381	31.871013197399996	51.18777470081038	58.323314489675894	0	1	1	0	0	0	2	1	1	0	0	0
56	51.383441951625	7	3248.1490735975963	51.383441951625	56.9850714666245	59.4615921101034	49.718656481284995	6	3102.8717422700847	49.718656481284995	54.43634635561552	61.24833261353431	39.52315422437201	1	3519.5440635602768	39.52315422437201	61.74638708000486	56.03160081182349	33.210851117535	2	2893.098613480051	33.210851117535	50.75611602596581	56.1794058370498	111.19020177235998	8	4115.657206708627	111.19020177235998	72.20451239839697	57.492597900915804	36.3427311312	6	2902.858114376581	36.3427311312	50.927335339940015	57.488050506879006	0	1	1	0	0	0	2	1	1	0	0	0
57	51.850912899343996	7	3299.9999864969404	51.850912899343996	56.89655149132656	54.4058264513046	47.773977147287994	6	3150.6457194173727	47.773977147287994	54.32147792098918	54.67673727941891	39.87696125084	1	3559.4210248111167	39.87696125084	61.36932801398477	49.2741901173249	33.55034467083	2	2926.648958150881	33.55034467083	50.45946479570484	49.4421232646679	85.85725793049998	8	4201.514464639127	85.85725793049998	72.43990456274358	52.8895048625554	31.528111427280002	6	2934.3862258038607	31.528111427280002	50.59286596213553	51.0704503571549	0	1	1	0	0	0	2	1	1	0	0	0
58	46.227085522874994	7	3346.2270720198153	46.227085522874994	56.71571308508162	51.74084348700519	38.68305747167399	6	3189.328776889047	38.68305747167399	54.05641994727198	52.2880641224191	39.021324717382	1	3598.4423495284987	39.021324717382	60.9905482970932	45.07117641692129	78.949006337892	2	3005.597964488773	78.949006337892	50.94233838116564	49.33180393759049	84.26947888728	8	4285.783943526407	84.26947888728	72.64040582248147	52.57366053638409	78.31459870884	6	3012.700824512701	78.31459870884	51.06272583919832	55.62772269253931	0	1	1	0	0	0	2	1	1	0	0	0
59	80.405940909494	7	3426.633012929309	80.405940909494	57.11055021548849	59.6806206584047	36.490584330948	6	3225.819361219995	36.490584330948	53.763656020333244	59.974644624416484	38.85287940912	1	3637.2952289376185	38.85287940912	60.62158714896031	55.27420677227849	32.974262074966	2	3038.572226563739	32.974262074966	50.642870442728984	55.4188218370471	85.84520815152	8	4371.6291516779265	85.84520815152	72.86048586129877	59.3806340999116	31.593229401708	6	3044.294053914409	31.593229401708	50.738234231906816	58.671651292915	0	1	1	0	0	0	2	1	1	0	0	0
60	32.206948855872	7	3458.839961785181	32.206948855872	56.70229445549477	57.99021370676401	36.25232914345499	6	3262.0716903634498	36.25232914345499	53.47658508792541	53.72054598732031	96.96733630976699	1	3734.2625652473853	96.96733630976699	61.21741910241615	54.99033172956899	31.933448132975997	2	3070.5056746967152	31.933448132975997	50.336158601585495	50.35221667198259	86.75987687640001	8	4458.389028554327	86.75987687640001	73.0883447303988	50.98761026867321	50.346814796694	6	3094.640868711103	50.346814796694	50.73181751985415	52.373233315247795	0	1	1	0	0	0	2	1	1	0	0	0
61	33.177224784396	7	3492.017186569577	33.177224784396	56.3228578478964	51.8056678527754	39.53610877181	6	3301.60779913526	39.53610877181	53.25173869573	52.4618525224598	54.64077556885199	1	3788.9033408162372	54.64077556885199	61.111344206713504	49.341409264193	45.762197126652	2	3116.2678718233674	45.762197126652	50.26238502940915	50.758306036687394	85.14008317152	8	4543.529111725847	85.14008317152	73.2827276084814	56.05161946825219	49.5078362064	6	3144.148704917503	49.5078362064	50.712075885766176	57.3771701745467	0	1	1	0	0	0	2	1	1	0	0	0
62	32.40933362106399	7	3524.426520190641	32.40933362106399	55.943278098264145	50.9213699056764	51.112600147963995	6	3352.7203992832237	51.112600147963995	53.217784115606726	52.8392851071752	39.018680208981	1	3827.9220210252183	39.018680208981	60.76066700040029	48.06516544043329	32.718764582438006	2	3148.9866364058053	32.718764582438006	49.98391486358421	46.30236041900769	84.91278298104001	8	4628.441894706887	84.91278298104001	73.46733166201408	51.4759162386721	34.854416436528	6	3179.003121354031	34.854416436528	50.46036700561954	51.00774700514389	0	1	1	0	0	0	2	1	1	0	0	0
63	32.20497388105199	7	3556.631494071693	32.20497388105199	55.5723670948702	48.7641668363639	40.276238080032	6	3392.9966373632556	40.276238080032	53.01557245880087	48.215570931701905	57.59221374004499	1	3885.514234765263	57.59221374004499	60.71115991820724	45.460783988554404	49.96839779672	2	3198.9550342025254	49.96839779672	49.98367240941446	45.5068401475864	86.23613187456	8	4714.678026581447	86.23613187456	73.6668441653351	50.889519972936	45.680889701538	6	3224.684011055569	45.680889701538	50.385687672743266	50.346348928293395	0	1	1	0	0	0	2	1	1	0	0	0
64	31.635672716471994	7	3588.267166788165	31.635672716471994	55.204110258279464	49.6080481790425	36.256786168706995	6	3429.2534235319627	36.256786168706995	52.75774497741481	49.9618503376694	55.777001267699994	1	3941.2912360329633	55.777001267699994	60.63524978512251	47.048272166335394	50.590634803566	2	3249.5456690060914	50.590634803566	49.99301029240141	48.621894003039195	100.96921413667201	8	4815.647240718119	100.96921413667201	74.0868806264326	55.49831802860119	36.18645687415201	6	3260.870467929721	36.18645687415201	50.16723796814956	55.08933990801319	0	1	1	0	0	0	2	1	1	0	0	0
65	31.660943154599998	7	3619.928109942765	31.660943154599998	54.847395605193405	52.49621284946869	76.395351162593	6	3505.648774694556	76.395351162593	53.11589052567509	55.13890818605599	97.55932207982399	1	4038.8505581127874	97.55932207982399	61.19470542595133	56.271227206582395	51.193806016496	2	3300.7394750225876	51.193806016496	50.011204167008906	56.82251883807819	93.12471367735202	8	4908.771954395471	93.12471367735202	74.37533264235562	62.9714229341662	32.772030887372	6	3293.642498817093	32.772030887372	49.90367422450141	62.6229474060327	0	1	1	0	0	0	2	1	1	0	0	0
66	46.361232844828	7	3666.289342787593	46.361232844828	54.72073645951631	61.68137056374551	47.287353572695	6	3552.9361282672508	47.287353572695	53.028897436824636	61.3510424406584	54.864414642953996	1	4093.7149727557417	54.864414642953996	61.100223473966295	56.740562491286596	36.255065116843994	2	3336.9945401394316	36.255065116843994	49.805888658797485	56.74742331555581	102.37898964482	8	5011.150944040291	102.37898964482	74.79329767224314	63.81922796457779	31.713009476147995	6	3325.3555082932407	31.713009476147995	49.63217176557076	59.3509937959333	0	1	1	0	0	0	2	1	1	0	0	0
67	38.46599982901599	7	3704.7553426166087	38.46599982901599	54.48169621495013	53.4416615708525	36.034722508528006	6	3588.9708507757787	36.034722508528006	52.7789830996438	51.9257532200557	40.988947482567	1	4134.7039202383085	40.988947482567	60.80446941526924	46.712176600577195	32.201849564081996	2	3369.1963897035134	32.201849564081996	49.54700573093402	46.655158468248196	93.97855136296799	8	5105.129495403258	93.97855136296799	75.07543375593026	51.416890320062194	31.769378981704	6	3357.1248872749447	31.769378981704	49.36948363639625	49.865092860963095	0	1	1	0	0	0	2	1	1	0	0	0
68	32.84792338372	7	3737.603266000329	32.84792338372	54.168163275367085	47.6634437350397	36.282532551056	6	3625.253383326835	36.282532551056	52.539904106186015	47.666190478460905	38.43128857952999	1	4173.135208817838	38.43128857952999	60.48022041764983	41.2714203719319	32.520111797060004	2	3401.7165015005735	32.520111797060004	49.30023915218222	41.352130604023095	87.06258534329402	8	5192.192080746552	87.06258534329402	75.24916059052974	46.211789155450894	31.762338935600003	6	3388.8872262105447	31.762338935600003	49.11430762623978	45.7845507981581	0	1	1	0	0	0	2	1	1	0	0	0
69	31.579038447515995	7	3769.1823044478447	31.579038447515995	53.845461492112065	44.843559894653	37.04583385958399	6	3662.299217186419	37.04583385958399	52.31856024552027	45.327958324203195	80.73256664035199	1	4253.86777545819	80.73256664035199	60.769539649402724	44.003359851941596	47.48221644364799	2	3449.1987179442217	47.48221644364799	49.27426739920317	45.57464359813599	87.833806980472	8	5280.025887727024	87.833806980472	75.42894125324321	51.073231957811196	32.112532476864	6	3420.9997586874088	32.112532476864	48.87142512410584	50.65623195039199	0	1	1	0	0	0	2	1	1	0	0	0
70	34.53130498545	7	3803.7136094332946	34.53130498545	53.5734311187788	50.266233590983994	37.947433005328	6	3700.246650191747	37.947433005328	52.116150002700664	50.80896571181079	38.743817154944	1	4292.611592613134	38.743817154944	60.45931820581879	45.97708889297579	31.727605088465996	2	3480.926323032688	31.727605088465996	49.02713131031955	45.9736155082624	82.33179021194401	8	5362.357677938969	82.33179021194401	75.52616447801364	51.0488906847052	31.421563543776003	6	3452.4213222311846	31.421563543776003	48.62565242579133	50.4864636531244	0	1	1	0	0	0	2	1	1	0	0	0
71	48.181832274520005	7	3851.8954417078144	48.181832274520005	53.49854780149742	47.2313902165412	62.42464263728	6	3762.671292829027	62.42464263728	52.25932351151427	48.7256328359044	38.624154585599996	1	4331.235747198734	38.624154585599996	60.156052044426865	43.8046675964172	32.939010580896	2	3513.865333613584	32.939010580896	48.803685189077555	43.887315406820406	82.565662536525	8	5444.923340475494	82.565662536525	75.62393528438186	48.690751161927906	44.8800910586	6	3497.3014132897847	44.8800910586	48.5736307401359	49.38401696725511	0	1	1	0	0	0	2	1	1	0	0	0
72	36.514265908134	7	3888.4097076159483	36.514265908134	53.26588640569792	49.1610618425741	52.027022041896	6	3814.6983148709232	52.027022041896	52.25614129960169	51.1910035379171	82.05347824713598	1	4413.28922544587	82.05347824713598	60.45601678692973	51.163172341436294	81.599894834976	2	3595.46522844856	81.599894834976	49.252948334911785	56.18100547055629	82.07276701926499	8	5526.996107494759	82.07276701926499	75.71227544513368	59.57009894503081	34.455673001232	6	3531.7570862910165	34.455673001232	48.38023405878105	56.773201981426	0	1	1	0	0	0	2	1	1	0	0	0
73	49.081183454394	7	3937.490891070342	49.081183454394	53.20933636581543	57.8189048683054	51.448827381423996	6	3866.1471422523473	51.448827381423996	52.24523165205875	59.66988654835821	39.011780713087994	1	4452.301006158958	39.011780713087994	60.166229812958896	55.314498366014504	35.87365301247	2	3631.3388814610303	35.87365301247	49.07214704677068	54.4138545614015	86.53687493524	8	5613.532982429999	86.53687493524	75.85855381662161	59.4161154641121	31.65226142176	6	3563.4093477127767	31.65226142176	48.15418037449698	57.37863940209851	0	1	1	0	0	0	2	1	1	0	0	0
74	49.526190667799995	7	3987.017081738142	49.526190667799995	53.16022775650856	54.125910644164904	52.230792985536	6	3918.3779352378833	52.230792985536	52.24503913650511	51.18900045922089	83.87997404836798	1	4536.180980207327	83.87997404836798	60.482413069431026	51.3697211621312	33.85827464886	2	3665.1971561098903	33.85827464886	48.869295414798536	51.30998132689399	79.07895112383	8	5692.611933553829	79.07895112383	75.90149244738438	54.3097580938376	54.152618876412	6	3617.5619665891886	54.152618876412	48.23415955452251	54.5801372433364	0	1	1	0	0	0	2	1	1	0	0	0
75	49.92182031819199	7	4036.9389020563344	49.92182031819199	53.11761713232019	55.6711412038468	41.154430256367995	6	3959.5323654942513	41.154430256367995	52.09911007229278	56.1992189282366	42.76364688041599	1	4578.944627087742	42.76364688041599	60.24927140904924	51.8218961227542	31.535099356949996	2	3696.7322554668403	31.535099356949996	48.641213887721584	51.81017991627319	88.719797985732	8	5781.331731539561	88.719797985732	76.07015436236264	55.729540648066404	34.409976988968005	6	3651.9719435781567	34.409976988968005	48.052262415502064	53.9474590484096	0	1	1	0	0	0	2	1	1	0	0	0
76	50.23159626408	7	4087.1704983204145	50.23159626408	53.08013634182357	50.582621269980805	45.310961060288	6	4004.843326554539	45.310961060288	52.010952292916095	51.7278899111236	52.296639039839995	1	4631.241266127582	52.296639039839995	60.14599046918938	49.04965870272459	32.11449341544	2	3728.8467488822803	32.11449341544	48.42658115431533	46.845846156627395	79.199808394356	8	5860.531539933917	79.199808394356	76.110799219921	49.77364496424379	32.449829169295995	6	3684.421772747453	32.449829169295995	47.849633412304584	48.903184855536594	0	1	1	0	0	0	2	1	1	0	0	0
77	49.448573064917994	7	4136.619071385332	49.448573064917994	53.03357783827349	49.571677473986796	40.418250447211996	6	4045.261577001751	40.418250447211996	51.86232791027886	50.459992583013005	87.2289638909	1	4718.470230018482	87.2289638909	60.49320807716002	50.310909173529794	31.2631423632	2	3760.1098912454804	31.2631423632	48.20653706724975	49.996225710953	79.257438546075	8	5939.788978479992	79.257438546075	76.15114074974349	52.8988099391525	46.95375009507	6	3731.375522842523	46.95375009507	47.83814772875029	53.06308884263069	0	1	1	0	0	0	2	1	1	0	0	0
78	82.15826407829302	7	4218.777335463625	82.15826407829302	53.40224475270411	56.049251346476	77.83559596714	6	4123.097172968891	77.83559596714	52.19110345530242	60.621361601645994	39.75361819156	1	4758.223848210042	39.75361819156	60.23068162291192	56.6767425813664	33.57620221041	2	3793.6860934558904	33.57620221041	48.021342955137854	56.7893798854778	79.10472612756	8	6018.893704607552	79.10472612756	76.18852790642471	59.754995191742	49.43279886375599	6	3780.808321706279	49.43279886375599	47.85833318615543	60.6564500333964	0	1	1	0	0	0	2	1	1	0	0	0
79	42.675355151793	7	4261.452690615418	42.675355151793	53.268158632692725	56.201089159485704	87.17821040181	6	4210.275383370701	87.17821040181	52.62844229213376	61.792595963346706	61.058421183760004	1	4819.282269393802	61.058421183760004	60.24102836742253	59.9726942271152	91.06936704369001	2	3884.7554604995803	91.06936704369001	48.559443256244755	64.3842559219772	81.12515159268	8	6100.018856200231	81.12515159268	76.25023570250289	64.2809446734159	49.373637866699994	6	3830.181959572979	49.373637866699994	47.87727449466224	61.434748863371894	0	1	1	0	0	0	2	1	1	0	0	0
80	31.892605976389998	7	4293.345296591808	31.892605976389998	53.00426292088652	60.64864764185489	37.491945554558	6	4247.767328925259	37.491945554558	52.441571962040236	61.0402219762697	39.14554224061	1	4858.427811634412	39.14554224061	59.98059026709151	57.04430358757469	50.40616023135	2	3935.1616207309303	50.40616023135	48.582242231246056	57.141639724334105	82.97209854414	8	6182.990954744371	82.97209854414	76.33322166351076	61.1713140635688	35.661758156656	6	3865.843717729635	35.661758156656	47.72646565098315	56.019668839053395	0	1	1	0	0	0	2	1	1	0	0	0
81	31.620805484751997	7	4324.96610207656	31.620805484751997	52.74348904971414	53.075907269152594	40.69851898834799	6	4288.465847913607	40.69851898834799	52.29836399894643	48.038822463618395	56.198221877980004	1	4914.6260335123925	56.198221877980004	59.93446382332186	45.5461294921484	50.82894554472	2	3985.99056627565	50.82894554472	48.609641052142074	45.6916602599504	80.315021383275	8	6263.305976127646	80.315021383275	76.38178019667862	50.5339018006389	31.358963455176	6	3897.202681184811	31.358963455176	47.526861965668424	49.9206035907007	0	1	1	0	0	0	2	1	1	0	0	0
82	31.648411717244997	7	4356.614513793805	31.648411717244997	52.489331491491626	49.1708905383642	37.258013808456006	6	4325.723861722063	37.258013808456006	52.11715496050678	47.8560758960748	98.93034509058998	1	5013.5563786029825	98.93034509058998	60.40429371810822	49.4519005507198	37.93314267324	2	4023.92370894889	37.93314267324	48.481008541552896	49.6790390023782	81.76997886848999	8	6345.075954996137	81.76997886848999	76.4466982529655	54.693956340751996	31.512180164489997	6	3928.714861349301	31.512180164489997	47.333913992160255	53.775322458366205	0	1	1	0	0	0	2	1	1	0	0	0
83	31.921037749316994	7	4388.535551543122	31.921037749316994	52.24447085170383	51.34760404549991	36.65909675814	6	4362.382958480202	36.65909675814	51.93313045809765	49.93061916684191	58.242404748385	1	5071.798783351367	58.242404748385	60.37855694465913	47.7233575033529	36.73048297464	2	4060.65419192353	36.73048297464	48.34112133242298	48.2605094552993	96.62342841567	8	6441.699383411807	96.62342841567	76.68689742156913	54.7580111251418	31.530515388966	6	3960.2453767382667	31.530515388966	47.145778294503174	54.18526128319279	0	1	1	0	0	0	2	1	1	0	0	0
84	39.84419877143999	7	4428.3797503145615	39.84419877143999	52.098585297818374	48.2766466512778	36.120103503888	6	4398.50306198409	36.120103503888	51.74709484687165	48.095342734342594	42.279315094575	1	5114.0780984459425	42.279315094575	60.165624687599326	44.146276356951105	53.55909637280999	2	4114.21328829634	53.55909637280999	48.40250927407458	46.3509679777831	92.773898357866	8	6534.473281769672	92.773898357866	76.87615625611379	52.43625403863799	41.872272176196006	6	4002.1176489144627	41.872272176196006	47.083737046052505	52.9575715804436	0	1	1	0	0	0	2	1	1	0	0	0
85	32.028339602699994	7	4460.408089917261	32.028339602699994	51.865210347875134	50.33616506587511	36.962589239466	6	4435.465651223556	36.962589239466	51.57518199097158	50.3593756923577	43.625092323834	1	5157.7031907697765	43.625092323834	59.97329291592764	45.059542083174094	31.90582245312	2	4146.11911074946	31.90582245312	48.21068733429604	45.0970727895895	93.10731066728398	8	6627.580592436956	93.10731066728398	77.06489060973205	50.42338397917389	32.498528348836004	6	4034.6161772632986	32.498528348836004	46.91414159608487	50.061226463668696	0	1	1	0	0	0	2	1	1	0	0	0
86	51.840472641012	7	4512.248562558273	51.840472641012	51.86492600641693	51.01734221831239	36.283639168170005	6	4471.749290391726	36.283639168170005	51.39941713093938	49.28979649784839	99.652917332592	1	5257.356108102368	99.652917332592	60.42938055290078	49.977698395321006	81.120424887096	2	4227.239535636556	81.120424887096	48.58896017973053	53.902513666411004	85.88416693628399	8	6713.46475937324	85.88416693628399	77.16626160199127	59.288096399769394	32.968923609072	6	4067.5851008723707	32.968923609072	46.75385173416518	58.88872983673	0	1	1	0	0	0	2	1	1	0	0	0
87	35.138649236069995	7	4547.387211794343	35.138649236069995	51.67485467948117	58.0400855279536	36.877724330976	6	4508.627014722702	36.877724330976	51.23439789457616	58.53727571573919	43.62491217950999	1	5300.981020281878	43.62491217950999	60.23842068502134	53.589035866961794	86.93238772574999	2	4314.171923362306	86.93238772574999	49.02468094729893	59.03242180465319	85.56087622115	8	6799.025635594389	85.56087622115	77.26165494993624	62.404462162666995	80.95927331426	6	4148.544374186631	80.95927331426	47.142549706666266	66.87202557727599	0	1	1	0	0	0	2	1	1	0	0	0
88	36.45480408349199	7	4583.8420158778345	36.45480408349199	51.50384287503185	60.552214252366	36.47060935245	6	4545.097624075152	36.47060935245	51.068512630057896	56.0872326989014	38.81162605584	1	5339.792646337718	38.81162605584	59.997670183569866	51.379978610856995	35.377690602784	2	4349.54961396509	35.377690602784	48.87134397713585	51.620855310228194	90.323638534334	8	6889.349274128724	90.323638534334	77.4084188104351	57.139354240054594	31.535526823976998	6	4180.079901010608	31.535526823976998	46.9671898989956	56.60513448935469	0	1	1	0	0	0	2	1	1	0	0	0
89	35.460741508923995	7	4619.3027573867585	35.460741508923995	51.325586193186204	55.7887174222961	40.3934842575	6	4585.491108332652	40.3934842575	50.949901203696136	51.1348270754711	91.544008905888	1	5431.336655243606	91.544008905888	60.348185058262295	51.73314034394491	32.47085818742	2	4382.020472152511	32.47085818742	48.689116357250114	46.8842988312609	75.31551421980001	8	6964.664788348524	75.31551421980001	77.3851643149836	50.7703698448917	32.60261009230499	6	4212.682511102914	32.60261009230499	46.80758345669904	50.3835699188772	0	1	1	0	0	0	2	1	1	0	0	0
90	41.712131601121996	7	4661.01488898788	41.712131601121996	51.21994383503165	50.6736204734054	40.546540195919995	6	4626.037648528572	40.546540195919995	50.83557855525904	51.190505432719	49.2137295936	1	5480.550384837206	49.2137295936	60.22582840480447	47.0795145386456	31.42285926143	2	4413.4433314139405	31.42285926143	48.49937726828506	47.068247782390905	80.50623309252	8	7045.171021441044	80.50623309252	77.4194617740774	51.57279694075051	51.90160227252	6	4264.584113375434	51.90160227252	46.86356168544433	52.723608742252495	0	1	1	0	0	0	2	1	1	0	0	0
91	33.68418116179	7	4694.69907014967	33.68418116179	51.02933771901815	46.93762596784269	50.871416092733995	6	4676.909064621306	50.871416092733995	50.83596809370985	48.777681758374094	110.605428181248	1	5591.155813018454	110.605428181248	60.773432750200584	52.3066731545189	103.64111005247999	2	4517.084441466421	103.64111005247999	49.098743928982834	59.41052315053639	80.520705447925	8	7125.691726888969	80.520705447925	77.45317094444532	63.291380535216696	35.4220111014	6	4300.006124476834	35.4220111014	46.73919700518298	62.778927625764695	0	1	1	0	0	0	2	1	1	0	0	0
92	32.321316555066	7	4727.020386704736	32.321316555066	50.82817620112619	61.0896863219113	101.18553073632	6	4778.0945953576265	101.18553073632	51.37736124040459	68.0659534694003	42.047590638144	1	5633.203403656598	42.047590638144	60.57207960921073	64.2200892239627	91.145374092864	2	4608.229815559284	91.145374092864	49.550858231820264	68.14446640599711	82.59657193870999	8	7208.28829882768	82.59657193870999	77.50847633148042	73.0357054836891	31.839378472439996	6	4331.845502949274	31.839378472439996	46.57898390268037	71.1325017216597	0	1	1	0	0	0	2	1	1	0	0	0
93	33.537214833928005	7	4760.557601538664	33.537214833928005	50.64422980360281	63.42568038692771	52.09853897476801	6	4830.193134332395	52.09853897476801	51.385033343961645	58.2714232791565	41.52504520819199	1	5674.72844886479	41.52504520819199	60.36945158366798	54.3718572551832	38.659572419124	2	4646.889387978408	38.659572419124	49.434993489132005	54.6956133869556	94.982683163706	8	7303.270981991385	94.982683163706	77.69437214884452	60.9617500478196	37.7056311513	6	4369.551134100574	37.7056311513	46.48458653298483	54.6137600893176	0	1	1	0	0	0	2	1	1	0	0	0
94	51.29669976424	7	4811.854301302904	51.29669976424	50.65109790845162	55.5386710019272	54.146551885664	6	4884.339686218059	54.146551885664	51.414101960190095	51.8387887812072	110.11077077691601	1	5784.839219641706	110.11077077691601	60.89304441728112	54.590208665027795	58.16988633438599	2	4705.0592743127945	58.16988633438599	49.526939729608365	57.2232594512224	73.69688869264802	8	7376.967870684033	73.69688869264802	77.6522933756214	61.23922683709441	34.881283698599994	6	4404.432417799174	34.881283698599994	46.3624465031492	59.517501309477595	0	1	1	0	0	0	2	1	1	0	0	0
95	112.751274714408	7	4924.605576017312	112.751274714408	51.29797475018034	66.6401242600992	51.824253304656	6	4936.163939522715	51.824253304656	51.41837437002828	67.95659234865238	57.160239265583996	1	5841.99945890729	57.160239265583996	60.854161030284274	64.1743479588402	54.73643956243199	2	4759.795713875226	54.73643956243199	49.58120535286694	65.8774287999534	75.96946108540799	8	7452.937331769441	75.96946108540799	77.63476387259834	68.34470493207019	63.704314385279986	6	4468.136732184454	63.704314385279986	46.54309096025472	69.30048118203179	0	1	1	0	0	0	2	1	1	0	0	0
96	49.88944555056	7	4974.495021567872	49.88944555056	51.28345383059661	63.278348659396194	52.088874398303986	6	4988.252813921019	52.088874398303986	51.4252867414538	62.670247465787995	96.82429410926999	1	5938.823753016561	96.82429410926999	61.22498714450062	64.98298800745019	50.275751676527996	2	4810.071465551754	50.275751676527996	49.58836562424489	66.522434805243	76.67969799754799	8	7529.617029766989	76.67969799754799	77.62491783264937	62.915277133557005	50.346823228199995	6	4518.483555412654	50.346823228199995	46.58230469497581	62.76753412591139	0	1	1	0	0	0	2	1	1	0	0	0
97	127.55008516021202	7	5102.045106728084	127.55008516021202	52.06168476253146	69.8065187153742	36.922258211232	6	5025.1750721322505	36.922258211232	51.27729665441072	68.02510058025419	41.969155538856	1	5980.792908555417	41.969155538856	61.02849906689201	64.625070025599	49.979861569456	2	4860.05132712121	49.979861569456	49.592360480828674	63.252624744016586	75.05934131620798	8	7604.6763710831965	75.05934131620798	77.59873848044079	65.7696143205814	39.04459503436	6	4557.528150447014	39.04459503436	46.50538929027565	64.46518638418699	0	1	1	0	0	0	2	1	1	0	0	0
98	36.339675203832	7	5138.384781931915	36.339675203832	51.90287658517086	58.4167244936432	45.07470669325001	6	5070.2497788255005	45.07470669325001	51.21464423056061	57.896619995315405	57.801283542911996	1	6038.594192098329	57.801283542911996	60.99590093028615	56.0087785498518	58.798560081152	2	4918.849887202362	58.798560081152	49.68535239598346	56.85395223514699	88.52517322292799	8	7693.201544306125	88.52517322292799	77.70910650814267	52.95146104141859	55.53705629004	6	4613.065206737054	55.53705629004	46.59661824986923	54.8129408492994	0	1	1	0	0	0	2	1	1	0	0	0
99	101.96758983576001	7	5240.352371767675	101.96758983576001	52.403523717676755	60.81278427898981	36.54083959728	6	5106.79061842278	36.54083959728	51.0679061842278	59.468882081772186	116.07104356083599	1	6154.665235659165	116.07104356083599	61.54665235659165	63.57005230623499	43.72249563042	2	4962.572382832782	43.72249563042	49.62572382832782	64.037842365841	87.14064735909001	8	7780.342191665214	87.14064735909001	77.80342191665214	69.11793958136681	77.58849554639998	6	4690.653702283454	77.58849554639998	46.906537022834534	72.36931846668179	0	1	1	0	0	0	2	1	1	0	0	0
100	47.15683307148001	7	5287.509204839155	47.15683307148001	52.35157628553619	71.30487341953861	39.68086133551999	6	5146.4714797583	39.68086133551999	50.955163165923764	69.3931035449754	70.54955013396	1	6225.214785793125	70.54955013396	61.63578995834777	67.5955412360786	31.418047920532004	2	4993.990430753314	31.418047920532004	49.445449809438756	65.18364039912781	94.450353926474	8	7874.792545591688	94.450353926474	77.96824302566029	64.43191680819919	31.742569780479997	6	4722.396272063934	31.742569780479997	46.75639873330628	63.952089826519206	0	1	1	0	0	0	2	1	1	0	0	0
101	32.58344703042	7	5320.092651869575	32.58344703042	52.15777109676054	55.603330173477595	36.262321029795	6	5182.733800788095	36.262321029795	50.81111569400093	54.85731271341509	102.155468977884	1	6327.370254771009	102.155468977884	62.033041713441264	56.35879487529449	45.017557199664	2	5039.0079879529785	45.017557199664	49.40203909757822	53.1017010406209	98.236128720483	8	7973.0286743121715	98.236128720483	78.16694778737423	58.20963060552119	79.34146437770399	6	4801.737736441638	79.34146437770399	47.07586016119253	62.17569090973959	0	1	1	0	0	0	2	1	1	0	0	0
102	41.439645042048	7	5361.532296911623	41.439645042048	52.0537116205012	59.26470040054839	39.268892844264	6	5222.002693632359	39.268892844264	50.69905527798407	60.04978489292159	42.66917458689599	1	6370.039429357905	42.66917458689599	61.84504300347481	54.87166695896379	61.140918882079994	2	5100.148906835058	61.140918882079994	49.516008804223866	57.81150186912379	104.121574457316	8	8077.150248769487	104.121574457316	78.41893445407268	64.9653146118134	31.587346194239995	6	4833.325082635878	31.587346194239995	46.92548623918328	64.49781712825789	0	1	1	0	0	0	2	1	1	0	0	0
103	94.036053573	7	5455.568350484623	94.036053573	52.457387985429065	63.6858755877695	50.529476855898004	6	5272.532170488257	50.529476855898004	50.69742471623324	64.2370675533929	42.516147495695996	1	6412.5555768536005	42.516147495695996	61.65918823897693	58.66506943091421	31.389694677982003	2	5131.538601513041	31.389694677982003	49.341717322240775	53.869892460942005	82.83999889526399	8	8159.990247664751	82.83999889526399	78.46144468908415	58.0099278462636	31.798688782968	6	4865.123771418846	31.798688782968	46.78003626364276	57.26290744013401	0	1	1	0	0	0	2	1	1	0	0	0
104	99.268897911612	7	5554.837248396235	99.268897911612	52.90321188948795	62.9228797726056	40.138605048387	6	5312.670775536644	40.138605048387	50.59686452892042	60.822648389236306	41.505942987599994	1	6454.061519841201	41.505942987599994	61.4672525699162	54.561085242264696	31.934156552063993	2	5163.472758065104	31.934156552063993	49.17593102919147	54.595766278047094	83.96142238639999	8	8243.95167005115	83.96142238639999	78.51382542905857	53.5883031593871	34.78519561107599	6	4899.908967029923	34.78519561107599	46.66579968599926	52.01387503490489	0	1	1	0	0	0	2	1	1	0	0	0
105	71.027635672448	7	5625.864884068683	71.027635672448	53.07419701951588	54.8650238525801	93.205867663263	6	5405.876643199907	93.205867663263	50.9988362566029	61.046641151108204	104.59568990645998	1	6558.657209747661	104.59568990645998	61.87412462026095	63.222210252227796	35.034755391480005	2	5198.507513456584	35.034755391480005	49.042523711854564	63.54581691307899	85.498973565876	8	8329.450643617027	85.498973565876	78.57972305299081	62.16882447850539	45.108031619448006	6	4945.016998649371	45.108031619448006	46.65110376084312	62.665767135611496	0	1	1	0	0	0	2	1	1	0	0	0
106	31.89929432326	7	5657.764178391943	31.89929432326	52.876300732634974	61.70510226917751	89.10208967039998	6	5494.978732870308	89.10208967039998	51.35494142869447	67.4218955810111	51.980550260049995	1	6610.637760007711	51.980550260049995	61.78166130848328	64.2238083683761	40.618747056337995	2	5239.126260512922	40.618747056337995	48.963796827223575	64.80716351290229	87.08990353128002	8	8416.540547148306	87.08990353128002	78.65925744998417	66.4133902987855	31.965405589223995	6	4976.982404238595	31.965405589223995	46.513854245220514	60.2893440913816	0	1	1	0	0	0	2	1	1	0	0	0
107	33.56951395429	7	5691.333692346233	33.56951395429	52.697534188391046	53.1867264961646	79.95901655807998	6	5574.937749428388	79.95901655807998	51.61979397618878	57.6791526128246	38.219003258527	1	6648.856763266238	38.219003258527	61.56348854876146	52.9511555820897	32.895469698738	2	5272.02173021166	32.895469698738	48.81501602047833	51.729899390018694	97.668466710516	8	8514.209013858823	97.668466710516	78.83526864684096	58.3068166287443	31.853257182647994	6	5008.8356614212435	31.853257182647994	46.37810797612263	52.5819333799691	0	1	1	0	0	0	2	1	1	0	0	0
108	35.833602374117994	7	5727.167294720351	35.833602374117994	52.5428192176179	50.9672385913759	62.82117063936	6	5637.7589200677485	62.82117063936	51.72255889970411	53.187480949678104	91.29439294727	1	6740.151156213508	91.29439294727	61.83624913957347	53.6079298912771	31.672817605358	2	5303.694547817018	31.672817605358	48.65774814511026	53.5786710928905	85.027811154624	8	8599.236825013446	85.027811154624	78.89208096342611	58.72450081292389	31.908791957579997	6	5040.744453378824	31.908791957579997	46.24536195760389	53.919478352873895	0	1	1	0	0	0	2	1	1	0	0	0
109	43.161270061338	7	5770.328564781688	43.161270061338	52.45753240710626	54.413705033155	36.767632469759995	6	5674.526552537509	36.767632469759995	51.586605023068266	54.80092131025718	38.635891791404	1	6778.787048004912	38.635891791404	61.62533680004466	48.897663818346	32.167152075105	2	5335.861699892123	32.167152075105	48.50783363538294	48.929053307591694	83.105184494358	8	8682.342009507804	83.105184494358	78.9303819046164	53.656211519615695	34.34654067235199	6	5075.090994051176	34.34654067235199	46.13719085501069	50.80874852291489	0	1	1	0	0	0	2	1	1	0	0	0
110	42.796598726259994	7	5813.125163507948	42.796598726259994	52.370496968540074	45.9589691008139	38.01229067519999	6	5712.538843212709	38.01229067519999	51.4643139028172	46.5929164077981	50.95969313877	1	6829.746741143682	50.95969313877	61.52924992021335	43.186104606212695	31.70531769652	2	5367.5670175886435	31.70531769652	48.356459617915704	43.165757180106695	89.80531446369602	8	8772.1473239715	89.80531446369602	79.02835427001351	47.83016162034251	39.448888520832	6	5114.539882572008	39.448888520832	46.0769358790271	48.098287225449695	0	1	1	0	0	0	2	1	1	0	0	0
111	35.996075057952	7	5849.1212385659	35.996075057952	52.224296772909824	47.834305552104496	36.2292627648	6	5748.76810597751	36.2292627648	51.32828666051348	48.24051662107399	48.139071638788	1	6877.88581278247	48.139071638788	61.40969475698633	44.743905335517	50.620423390042	2	5418.187440978685	50.620423390042	48.37667358016683	46.371293607286006	89.66008917876002	8	8861.80741315026	89.66008917876002	79.1232804745559	51.057642652535996	35.469285801839995	6	5150.009168373847	35.469285801839995	45.98222471762364	50.8033421652	0	1	1	0	0	0	2	1	1	0	0	0
112	45.21137514729599	7	5894.332613713196	45.21137514729599	52.162235519585806	50.228510366052596	37.632984615926	6	5786.401090593436	37.632984615926	51.20708929728704	50.82127705799321	40.599776984315994	1	6918.485589766786	40.599776984315994	61.22553619262642	45.9007233100552	50.75350597671901	2	5468.940946955404	50.75350597671901	48.39770749518056	47.031185055643896	99.51657802752	8	8961.32399117778	99.51657802752	79.30375213431664	53.38323535260069	51.26227152710399	6	5201.271439900951	51.26227152710399	46.02895079558364	54.8865362288311	0	1	1	0	0	0	2	1	1	0	0	0
113	37.883568670319995	7	5932.216182383516	37.883568670319995	52.03698405599575	53.860985931984295	36.540305115299994	6	5822.941395708735	36.540305115299994	51.07843329569066	52.4529741045101	84.57973150322398	1	7003.06532127001	84.57973150322398	61.430397555000084	51.9449383369565	95.35526528285001	2	5564.296212238254	95.35526528285001	48.80961589682679	57.93353628505749	88.10692458048001	8	9049.43091575826	88.10692458048001	79.38097294524789	62.22309122837589	51.01520292576	6	5252.286642826711	51.01520292576	46.07268984935711	63.56131305935931	0	1	1	0	0	0	2	1	1	0	0	0
114	50.829130910687994	7	5983.045313294204	50.829130910687994	52.02648098516699	64.5842484519965	49.65083184032999	6	5872.592227549066	49.65083184032999	51.06601936999188	64.4739810383576	50.63771064128401	1	7053.703031911294	50.63771064128401	61.33654810357647	59.586094299733986	34.076663912676	2	5598.37287615093	34.076663912676	48.681503270877656	57.8675335382912	84.89737436736002	8	9134.328290125619	84.89737436736002	79.42894165326625	62.568914107995205	50.21766403238	6	5302.50430685909	50.21766403238	46.108733103122525	63.93664999970319	0	1	1	0	0	0	2	1	1	0	0	0
115	60.095695212087996	7	6043.141008506292	60.095695212087996	52.09604317677837	61.48824637058961	51.441320669759996	6	5924.033548218826	51.441320669759996	51.06925472602436	57.0968519092806	56.13526271191	1	7109.838294623204	56.13526271191	61.29170943640693	53.8996857224236	31.121841920714996	2	5629.494718071645	31.121841920714996	48.53012687992798	51.9103496219191	85.501409594272	8	9219.82969971989	85.501409594272	79.48129051482664	55.377577490277496	32.472956926787	6	5334.977263785878	32.472956926787	45.99118330849895	53.6597899989232	0	1	1	0	0	0	2	1	1	0	0	0
116	65.89477803389	7	6109.035786540182	65.89477803389	52.21398108154002	55.185496738183794	77.63854942904202	6	6001.672097647867	77.63854942904202	51.29634271493904	59.54168528982039	58.617997944839985	1	7168.456292568044	58.617997944839985	61.26885720143627	56.9137476475684	32.387400572645994	2	5661.882118644291	32.387400572645994	48.39215486020762	55.130721301594996	90.99714134139398	8	9310.826841061284	90.99714134139398	79.57971659026738	58.2208659145256	32.826446257423	6	5367.803710043301	32.826446257423	45.87866418840429	56.3593784732919	0	1	1	0	0	0	2	1	1	0	0	0
117	50.25767349889	7	6159.293460039072	50.25767349889	52.19740220372095	55.77161955198991	58.088555996855995	6	6059.760653644723	58.088555996855995	51.353903844446805	58.468290959604005	61.916373509424005	1	7230.372666077468	61.916373509424005	61.27434462777516	56.1097873511192	31.159690553061	2	5693.041809197352	31.159690553061	48.246117027096204	55.978460713746585	101.062819849306	8	9411.88966091059	101.062819849306	79.76177678737788	59.4952648952882	32.608086413902996	6	5400.411796457204	32.608086413902996	45.76620166489156	54.9922185937743	0	1	1	0	0	0	2	1	1	0	0	0
118	35.138744070647995	7	6194.432204109719	35.138744070647995	52.05405213537579	52.6442932063551	40.280162681304006	6	6100.040816326027	40.280162681304006	51.26084719601703	53.433569417220895	89.87988571907398	1	7320.252551796542	89.87988571907398	61.514727326021365	53.32184385498889	34.006195911744	2	5727.048005109096	34.006195911744	48.12645382444619	53.439818820420996	100.799232231376	8	9512.688893141967	100.799232231376	79.93856212724342	58.4939746936696	35.500448323600004	6	5435.912244780804	35.500448323600004	45.679934830090794	56.235163926344	0	1	1	0	0	0	2	1	1	0	0	0
119	31.832075241351994	7	6226.264279351071	31.832075241351994	51.88553566125893	53.22673409953679	96.81076161993602	6	6196.851577945963	96.81076161993602	51.64042981621636	59.7918412062243	54.463787481554995	1	7374.716339278098	54.463787481554995	61.45596949398415	55.13193796944919	31.621380496649998	2	5758.669385605746	31.621380496649998	47.988911546714554	55.033267377723895	109.79916368060599	8	9622.488056822573	109.79916368060599	80.18740047352144	62.4993093387197	32.06117115532499	6	5467.973415936129	32.06117115532499	45.56644513280107	61.677410186121804	0	1	1	0	0	0	2	1	1	0	0	0
120	32.631754458813994	7	6258.896033809885	32.631754458813994	51.72641350256103	55.95259706009581	77.799812293504	6	6274.651390239467	77.799812293504	51.856623059830305	60.3319586982718	42.1822898892	1	7416.898629167297	42.1822898892	61.29668288568014	54.470264464054196	32.019754845624	2	5790.689140451371	32.019754845624	47.85693504505265	54.12219511625659	99.0713681037	8	9721.559424926272	99.0713681037	80.34346632170472	60.8461244024914	31.779078467399994	6	5499.7524944035285	31.779078467399994	45.45249995374817	54.3429560872378	0	1	1	0	0	0	2	1	1	0	0	0
121	31.967852512407998	7	6290.863886322293	31.967852512407998	51.56445808460896	52.09336259032309	36.170789854275995	6	6310.822180093744	36.170789854275995	51.72805065650609	52.54830352608569	82.85286748182	1	7499.751496649117	82.85286748182	61.473372923353416	49.8536739062071	31.67500207788	2	5822.364142529251	31.67500207788	47.72429625023976	49.815056998462595	91.21229855712	8	9812.771723483393	91.21229855712	80.43255511051962	55.673111408293195	31.731640902719995	6	5531.484135306248	31.731640902719995	45.34003389595286	51.066294269214794	0	1	1	0	0	0	2	1	1	0	0	0
122	79.69811830302399	7	6370.562004625317	79.69811830302399	51.793187029474126	54.817877110597195	80.77399200948	6	6391.596172103224	80.77399200948	51.96419652116442	59.69330082698279	41.287496924327996	1	7541.038993573445	41.287496924327996	61.30926011035321	53.91491370904559	31.462580623403998	2	5853.826723152655	31.462580623403998	47.59208718010289	53.88326392464601	89.24175114254699	8	9902.01347462594	89.24175114254699	80.5041745904548	59.6106537876599	124.97731260746399	6	5656.461447913713	124.97731260746399	45.98749144645295	68.4913060629787	0	1	1	0	0	0	2	1	1	0	0	0
123	39.062520006944006	7	6409.6245246322615	39.062520006944006	51.690520359937594	64.1122713154911	42.758420699904	6	6434.354592803127	42.758420699904	51.889956393573605	65.22061317769351	42.696792625242	1	7583.735786198687	42.696792625242	61.15915956611844	60.369062584505706	39.15473436063	2	5892.981457513285	39.15473436063	47.52404401220391	61.1113719302967	84.68678366968	8	9986.70025829562	84.68678366968	80.53790530883563	61.6102384669623	111.38411674288798	6	5767.845564656601	111.38411674288798	46.51488358594033	64.6712509403031	0	1	1	0	0	0	2	1	1	0	0	0
124	105.60354987664999	7	6515.228074508911	105.60354987664999	52.121824596071285	71.1028562355353	40.322867546444	6	6474.677460349571	40.322867546444	51.79741968279657	71.98888492783931	42.269052145593	1	7626.00483834428	42.269052145593	61.00803870675424	67.29161502814392	48.60099966792	2	5941.582457181205	48.60099966792	47.53265965744964	59.6539837341895	85.58072125633599	8	10072.280979551955	85.58072125633599	80.57824783641564	64.3058038591287	109.589156230428	6	5877.434720887029	109.589156230428	47.01947776709623	70.9888774121811	0	1	1	0	0	0	2	1	1	0	0	0
