66.078019049364
42.751639057775996
43.096511999376
64.918637894757
56.127041972673
36.794197596324004
65.734663364664
70.406591117751
45.244717808073
64.22228090090401
66.76122870746
40.32573967819601
40.327083287288005
39.243013453224
64.146338022984
43.462749292415005
33.89573558998
64.22090248159
75.10157461937
34.052734576155
65.21409964036
64.591964392275
34.01508986652
33.89686495844
64.04392149566
64.94780083284
36.04314489336
74.51415455805
64.43916495984
35.8617617924
35.95424309039
67.50181877229001
35.90399215755
36.337682035200004
65.379781727196
67.774807773816
46.206637805016
45.921471931192
79.14874203135899
45.68341480950001
36.623087792928004
75.90720162922
73.290854447448
48.096985371708
74.92587642162
81.973636339916
36.99644829222999
43.868768518134004
68.382700116405
66.723701041689
38.404574197403996
29.505139828416
29.230477407935997
29.191223831238
33.278315933142
34.93425423070799
36.008441084322
29.617735500359995
29.235726553319996
29.07202546584
29.10839023764
43.66252574207999
50.433665389758
50.165150709828
58.51819657941599
64.65875579856
47.53412765941
35.063230677651006
40.475646226977005
45.033774631686
29.996369393319995
29.151077568271997
64.11434150728601
56.61289744952201
29.128536243377997
29.062643509729998
65.887888729182
30.70976280372
67.510856430828
31.606708939632004
29.669093909135995
29.222741758391997
29.005493463143996
31.52698917012
44.138473473762
42.657044988600006
44.258751024767996
83.30882845743001
46.67006036160001
55.65000288969001
84.60129799683001
49.648869995199995
28.95648957712
29.907932890639998
62.42660985791999
30.87120400056
54.9638149312
32.814077818479994
28.993456768639998
51.40767607752
46.280240484240004
29.043849407439996
