task	r0_energy	r0_config	r0_reward	r0_rate	r0_avgrate	r0_rollrate	r1_energy	r1_config	r1_reward	r1_rate	r1_avgrate	r1_rollrate	c0	c1	c2	c3	c4	c5	c6	c7	c8	c9	c10	c11
0	15.145835855202984	0	41.467874904225	14.854164144797016	14.854164144797016	14.854164144797016	1.7501518795450721	0	78.86415933627002	28.249848120454928	28.249848120454928	28.249848120454928	2	0	0	0	0	0	0	0	0	0	0	0
1	16.496832988479404	0	79.16421614472	13.503167011520596	14.178665578158807	14.178665578158807	1.4854529325904409	0	158.46726989945503	28.51454706740956	28.382197593932244	28.382197593932244	2	0	0	0	0	0	0	0	0	0	0	0
2	16.725276904709737	1	116.22281811907199	13.274723095290263	13.877351417202625	13.877351417202625	14.108705521484415	1	202.83046698531103	15.891294478515585	24.21856322212669	24.21856322212669	0	2	0	0	0	0	0	0	0	0	0	0
3	16.042708614740782	1	155.186923236254	13.95729138525922	13.897336409216773	13.897336409216773	15.841962906852535	1	242.35498720368105	14.158037093147465	21.703431689881885	21.703431689881885	0	2	0	0	0	0	0	0	0	0	0	0
4	16.795127172015043	2	192.050526547712	13.204872827984955	13.75884369297041	13.75884369297041	15.95029233290042	2	281.577087774334	14.04970766709958	20.172686885325426	20.172686885325426	0	0	2	0	0	0	0	0	0	0	0	0
5	14.962060774069254	2	234.031440220102	15.037939225930746	13.972026281797133	13.972026281797133	17.2967807010806	2	317.040241650484	12.7032192989194	18.92777562092442	18.92777562092442	0	0	2	0	0	0	0	0	0	0	0	0
6	10.675459404357493	3	287.979116049604	19.324540595642507	14.736671183775043	14.736671183775043	1.6569454285723069	3	405.41588097191504	31.656945428572307	20.746228450588404	20.746228450588404	0	0	0	2	0	0	0	0	0	0	0	0
7	10.74115422210842	3	341.743393846218	19.25884577789158	15.30194300803961	15.30194300803961	2.9819728639597614	3	480.84120672669405	27.01802713604024	21.530203286269884	21.530203286269884	0	0	0	2	0	0	0	0	0	0	0	0
8	2.4670593873327746	4	418.606186389914	27.532940612667225	16.660942741887123	16.660942741887123	2.6906528772680574	4	557.0798007776541	27.309347122731943	22.172330379210113	22.172330379210113	0	0	0	0	2	0	0	0	0	0	0	0
9	0.2361850331777866	4	503.01553627420196	30.236185033177787	18.01846697101619	18.01846697101619	2.870532887968473	4	648.8433717565661	32.87053288796847	23.24215063008595	23.24215063008595	0	0	0	0	2	0	0	0	0	0	0	0
10	15.012993235787462	2	544.854263490962	14.987006764212538	17.74287967948858	21.915866494461707	11.957156879082984	1	699.212975469126	18.042843120917016	22.76948631107059	20.868696099812453	0	1	1	0	0	0	0	0	0	0	0	0
11	16.78787626379463	1	581.738108921202	13.212123736205369	17.36531668421498	20.60077902558143	10.766868790278807	3	752.905466762931	19.233131209721193	22.474790052624808	21.108288437238805	0	1	0	1	0	0	0	0	0	0	0	0
12	0.5217303283085393	4	666.94460608773	30.52173032830854	18.37734850299141	22.7554907033597	8.138689682974565	1	813.934958064627	21.861310317025435	22.427599303732546	23.671299805170303	0	1	0	0	1	0	0	0	0	0	0	0
13	1.173658230937793	4	753.971068649098	31.173658230937793	19.29137062641615	23.622971085406853	10.0012818917237	2	869.7647127835651	19.9987181082763	22.254107789771385	22.921040182630463	0	0	1	0	1	0	0	0	0	0	0	0
14	4.0214258558185065	0	826.494588134938	25.978574144181493	19.737184194267172	22.787962884775418	2.1170591922454918	4	947.6045892052131	27.88294080775451	22.629363324303593	22.28920367675402	1	0	0	0	1	0	0	0	0	0	0	0
15	5.007752584003349	3	924.224564098614	35.00775258400335	20.691594718625684	24.291278258733104	0.480052090681788	4	1032.694734625033	30.480052090681788	23.12003137220223	25.534999155709578	0	0	0	1	1	0	0	0	0	0	0	0
16	8.643679291817548	4	1032.104835454938	38.64367929181755	21.747599693519323	28.07815471127079	1.2529571568111066	4	1112.9468958956022	28.747042843188893	23.451032046966155	29.029545874617565	0	0	0	0	2	0	0	0	0	0	0	0
17	5.200775480905087	4	1130.373667005798	35.20077548090509	22.494998348374086	29.49745038987722	2.5279950326364187	3	1189.6395764294923	27.47200496736358	23.67441943143268	30.058519854911037	0	0	0	1	1	0	0	0	0	0	0	0
18	2.106956138779708	4	1220.005586226558	32.10695613877971	23.000890863658594	30.15184964569523	0.8623266610746363	4	1270.9822478339922	29.137673338925364	23.961959110774398	31.065745168760127	0	0	0	0	2	0	0	0	0	0	0	0
19	1.6239464925492584	4	1299.222068934858	28.37605350745074	23.2696489958482	31.305493105087056	2.928909455512837	4	1346.5557089373522	27.071090544487163	24.117415682460038	31.224308078760323	0	0	0	0	2	0	0	0	0	0	0	0
20	0.5664956167135493	2	1381.390602004866	29.43350438328645	23.563165919059546	30.66688325868863	17.709352435296	0	1380.8671000554841	12.290647564703999	23.55423624828118	28.84794280609085	1	0	1	0	0	0	0	0	0	0	0	0
21	15.317428267242986	2	1422.379448092146	14.682571732757014	23.159502546954887	26.451832050184798	1.6753805214519382	4	1459.9399960997641	28.324619478548062	23.771071849656945	26.409589713720713	0	0	1	0	1	0	0	0	0	0	0	0
22	13.71245854129003	2	1467.848834664378	16.28754145870997	22.86072163007467	24.518266311501204	0.19044350836800916	4	1544.2216508939582	30.19044350836801	24.050174965253078	24.79011016560165	0	0	1	0	1	0	0	0	0	0	0	0
23	11.105625341568004	3	1520.595630585834	18.894374658431996	22.69545717292289	23.468852017566878	1.0776341097743298	4	1624.9632556708382	28.92236589022567	24.253182920460272	23.447321272696907	0	0	0	1	1	0	0	0	0	0	0	0
24	0.8462309652537314	4	1601.983235807834	29.15376903474627	22.953789647395823	23.525092825426462	16.1473051929446	3	1663.6353620072011	13.852694807055398	23.837163395924076	22.203253251683282	0	0	0	1	1	0	0	0	0	0	0	0
25	0.02088063627402903	4	1685.791527584099	30.02088063627403	23.225600839275753	22.26199087698204	17.42834748435188	4	1796.0394987343502	47.42834748435188	24.744516630094378	25.775760868946826	0	0	0	0	2	0	0	0	0	0	0	0
26	0.3125258369803028	4	1770.413995545669	30.312525836980303	23.48807954289444	27.338756279369157	21.97852975656035	4	1941.1462276380812	51.97852975656035	25.75318378292645	29.704147307170388	0	0	0	0	2	0	0	0	0	0	0	0
27	1.6114789945253776	4	1849.6652833526189	28.388521005474622	23.663095309415162	30.914245261846855	1.3211733389455453	4	2021.2079520668583	28.678826661054455	25.85767102857388	30.7630835771155	0	0	0	0	2	0	0	0	0	0	0	0
28	1.3477559072847782	4	1929.6527981114489	28.65224409271522	23.835134922632406	31.73887052054382	1.0414623019235876	4	2102.0505364739884	28.958537698076412	25.964597465453274	31.74248770132889	0	0	0	0	2	0	0	0	0	0	0	0
29	1.12190018217672	4	2010.2708267695389	28.87809981782328	24.003233752472102	31.714920779636593	0.6251135805850794	4	2184.0554277281885	29.37488641941492	26.078273763918663	33.267139940872546	0	0	0	0	2	0	0	0	0	0	0	0
30	3.005378920359412	4	2102.4108429222088	33.00537892035941	24.293625532081368	33.56558976928108	2.2319415121773147	0	77.51916327850499	27.768058487822685	26.132782948560727	31.59956086962817	1	0	0	0	1	0	0	0	0	0	0	0
31	0.8678809882889595	4	2188.5836773478486	30.86788098828896	24.499071015087857	31.655096384759037	2.2786472558758106	0	154.907939689185	27.72135274412419	26.182425754672085	29.22937868351542	1	0	0	0	1	0	0	0	0	0	0	0
32	0.6312481182770107	4	2270.5714430176586	29.36875188172299	24.64663710195559	29.327401771140252	4.642155200883579	1	251.617289624985	34.64215520088358	26.43878119243607	29.92373462512316	0	1	0	0	1	0	0	0	0	0	0	0
33	0.9192899391836384	4	2351.7550919374376	29.08071006081636	24.77705101251032	29.966581221933286	10.937547338536117	1	304.83330330490503	19.062452661463883	26.221830353289832	28.97697271827203	0	1	0	0	1	0	0	0	0	0	0	0
34	4.877630849605261	4	2449.1218113925856	34.87763084960526	25.06563900785589	29.576925821450224	4.837845535192834	2	402.08895542398506	34.837845535192834	26.468002215629916	30.12322173302802	0	0	1	0	1	0	0	0	0	0	0	0
35	6.454208455639879	4	2550.8898099979137	36.45420845563988	25.381988159183223	30.468104686556064	3.98279720539702	2	496.95759762238504	33.98279720539702	26.676746520901226	31.089578558313498	0	0	1	0	1	0	0	0	0	0	0	0
36	4.930078996207165	0	97.513137197745	34.930078996207165	25.640044668291978	31.49579835910531	0.5058111239641754	3	579.2955415679851	29.494188876035825	26.75289361158054	31.67308197229648	1	0	0	1	0	0	0	0	0	0	0	0
37	10.508950109652893	0	151.925651474964	19.491049890347107	25.478229016240796	30.68531177315889	0.7711297233528356	3	660.8928044236251	29.228870276647164	26.818050892240187	30.14398328073525	1	0	0	1	0	0	0	0	0	0	0	0
38	16.055439022925373	1	190.854217535964	13.944560977074627	25.182493938313456	28.630368372361072	1.5250106840482367	4	740.3854829306571	28.474989315951763	26.860536492848176	29.571622037809863	0	1	0	0	1	0	0	0	0	0	0	0
39	1.0441532592895513	1	277.519145384814	31.04415325928955	25.32903542133786	29.188274278778295	1.0048624145208294	4	821.3302420234531	28.99513758547917	26.91390152016395	28.604003483806924	0	1	0	0	1	0	0	0	0	0	0	0
40	1.8151489716537341	2	366.336436264014	31.815148971653734	25.48723331280898	28.140097535408312	4.146161821484419	3	916.6549437750971	34.14616182148442	27.090298112879083	28.156433997017054	0	0	1	1	0	0	0	0	0	0	0	0
41	0.7959075910925364	2	447.864527572214	29.204092408907464	25.575729957954177	27.58383533828708	0.6104667592191078	1	998.7007240722771	29.389533240780892	27.145041806400553	27.57336977476159	0	1	1	0	0	0	0	0	0	0	0	0
42	0.10216747902089551	3	531.329310026614	29.897832520979104	25.676243971047782	28.614048037824784	0.6473351534815528	2	1080.6435801021412	29.352664846518447	27.196381877100965	28.626427494811914	0	0	1	1	0	0	0	0	0	0	0	0
43	0.8907898208955132	3	612.592521776614	29.109210179104487	25.7542659303218	30.1428924150149	1.7149213416852511	0	1159.6060913566032	28.28507865831475	27.221124985764913	30.123901349251206	1	0	0	1	0	0	0	0	0	0	0	0
44	3.6256651851796917	4	706.464170418574	33.62566518517969	25.92918591376309	30.382052541840217	1.3368383360632734	4	1247.0880983781133	31.336838336063273	27.31258528243821	30.616222616898625	0	0	0	0	2	0	0	0	0	0	0	0
45	0.6917971272472805	4	792.1454373988059	30.69179712724728	26.032720940143182	30.50388743245798	15.646235294547585	0	1287.1590248475013	14.353764705452415	27.030871791634173	28.52464772085478	1	0	0	0	1	0	0	0	0	0	0	0
46	17.046426655556775	0	828.3074963187099	12.953573344443225	25.754441204064456	26.899595814408354	1.3733667903152238	3	1374.7430071371314	31.373366790315224	27.123265302244405	27.097979169361786	1	0	0	1	0	0	0	0	0	0	0	0
47	0.16670763448836468	3	911.5921041724299	29.833292365511635	25.83941726992794	27.09152515381504	2.5277134211892474	3	1465.5495404379515	32.52771342118925	27.23585797138909	27.40903001128212	0	0	0	2	0	0	0	0	0	0	0	0
48	4.3688869526657825	4	1007.5385802486219	34.36888695266578	26.013488079779734	27.934997688638255	5.222957950474033	3	1563.8802980496914	35.22295795047403	27.398860011778577	28.62878561785418	0	0	0	1	1	0	0	0	0	0	0	0
49	2.782162331537201	3	1099.05545009083	32.7821623315372	26.148861564814883	28.544435332489932	5.141622800707346	1	1661.9839950349995	35.141622800707346	27.553715267557155	28.924913778954334	0	1	0	1	0	0	0	0	0	0	0	0
50	16.62960103744549	3	1229.229752987032	46.62960103744549	26.55044469172921	30.518694169974157	6.304024560067347	1	1763.3327302651874	36.30402456006735	27.725289959567156	32.71372015543566	0	1	0	1	0	0	0	0	0	0	0	0
51	4.626879848471646	1	1325.896459230682	34.626879848471646	26.705760752435797	34.88105080583849	8.529293290656717	2	1870.8936740349372	38.52929329065672	27.933059254395804	35.59664345587264	0	1	1	0	0	0	0	0	0	0	0	0
52	11.700652317328117	1	1376.982138178141	18.299347682671883	26.547149185081757	34.44324898758867	17.464526863700065	2	2003.3988115294333	47.464526863700065	28.30157751117513	35.936930331839754	0	1	1	0	0	0	0	0	0	0	0	0
53	7.459325151755458	1	1439.908188796157	22.540674848244542	26.472955215881072	34.75410912139763	7.709177231728475	4	2108.6702646346753	37.709177231728475	28.475792320815007	35.002731049523064	0	1	0	0	1	0	0	0	0	0	0	0
54	5.738757377483466	4	1539.678886474965	35.738757377483466	26.641424346092027	35.29839055411769	7.327209298828656	3	2212.875390593905	37.327209298828656	28.636727174960708	35.516949203929826	0	0	0	1	1	0	0	0	0	0	0	0
55	5.8647321413158195	3	1639.801263702805	35.86473214131582	26.80612627100674	34.44046231431686	5.17594137496836	4	2311.074893599025	35.17594137496836	28.7534988571037	34.32765399580696	0	0	0	1	1	0	0	0	0	0	0	0
56	0.5948365806805995	2	1721.890678248405	29.4051634193194	26.851723413959594	33.805482352891744	3.022899830254211	3	2403.263822291818	33.02289983025421	28.82840062856248	33.25484300685149	0	0	1	1	0	0	0	0	0	0	0	0
57	2.2319309049886584	2	1811.871485358165	32.23193090498866	26.944485612080786	34.64810132908316	2.064193590562386	3	2481.251281851498	27.935806409437614	28.813011073060327	32.695229283656914	0	0	1	1	0	0	0	0	0	0	0	0
58	3.5336913859593935	2	1905.486373810635	33.53369138595939	27.05616706587534	33.794530937428405	2.2249818310495577	1	2558.789874239818	27.775018168950442	28.79541797299067	32.801115031150594	0	1	1	0	0	0	0	0	0	0	0	0
59	0.8872733927856693	4	1986.759402255775	29.11272660721433	27.090443058230992	32.138511954123686	17.7045350819606	1	2593.1147138026777	12.295464918039402	28.52041875540815	29.635337516044764	0	1	0	0	1	0	0	0	0	0	0	0
60	2.2635590023543877	2	2064.1903000408693	27.736440997645612	27.101033188385326	28.822508401677744	0.7016259576730697	0	81.791294201496	29.29837404232693	28.533172120767475	28.234751668413605	1	0	1	0	0	0	0	0	0	0	0	0
61	7.512095175712478	2	2126.969034342005	22.487904824287522	27.026627892190202	27.54302580891042	1.7541875365282422	0	160.644187328688	28.245812463471758	28.528537287585287	27.065317072232165	1	0	1	0	0	0	0	0	0	0	0	0
62	2.9717533414932618	2	2219.0151790870073	32.97175334149326	27.120994962814063	27.139299315882624	1.5955931348367791	1	239.93982316060197	28.40440686516322	28.526566963419857	27.186159361455186	0	1	1	0	0	0	0	0	0	0	0	0
63	1.9616310436542044	2	2297.288959090139	28.038368956345796	27.135328931462993	26.636627118493827	0.6560453141437641	1	321.85836332528396	29.343954685856236	28.539338646582927	26.793520770184408	0	1	1	0	0	0	0	0	0	0	0	0
64	2.4907600884780905	2	2374.085587176471	27.50923991152191	27.141081408079284	26.633172100615166	0.9934969562149156	2	408.38187566138396	30.993496956214916	28.57709492826957	28.50297530443272	0	0	2	0	0	0	0	0	0	0	0	0
65	2.2624040441237057	2	2451.519709219959	27.737595955876294	27.15011950728833	28.50309080025579	1.2388898384038143	2	488.67330819584	28.761110161596186	28.57988303786543	28.44936441218271	0	0	2	0	0	0	0	0	0	0	0	0
66	1.6013960885265668	2	2530.799145139489	28.398603911473433	27.16875360287318	29.040434320901305	1.9634163274001146	3	566.942104281848	28.036583672599885	28.571774092115195	29.019511441814114	0	0	1	1	0	0	0	0	0	0	0	0
67	10.698008243272117	2	2584.683872127021	19.301991756727883	27.053065928665163	27.652535283337574	1.4441232595142708	3	646.6605935157039	28.55587674048573	28.57154030753241	27.667682270869825	0	0	1	1	0	0	0	0	0	0	0	0
68	7.442261374613732	0	62.97368699587	22.557738625386268	26.98791625760315	27.119619237773872	2.3960466071584534	4	737.0995569606879	32.39604660715845	28.626967935063224	27.424828429904096	1	0	0	0	1	0	0	0	0	0	0	0
69	6.349350867136472	0	164.44895816662597	36.34935086713647	27.12165103773934	28.30883952546555	1.9102063017786222	4	826.1822162198199	31.910206301778622	28.673871340302014	28.400510460021923	1	0	0	0	1	0	0	0	0	0	0	0
70	5.825073847649193	1	264.46062265797997	35.82507384764919	27.244234457597226	29.209258249199213	1.9713354085382662	1	904.428904870984	28.028664591461734	28.664783921304263	29.13601369218577	0	2	0	0	0	0	0	0	0	0	0	0
71	3.3492914146792927	1	357.560727857293	33.34929141467929	27.329026915334477	29.63108244250635	1.4999173313731333	1	983.991635654234	28.500082668626867	28.662496403905966	29.67743234210905	0	2	0	0	0	0	0	0	0	0	0	0
72	6.419810014251944	2	459.232697480413	36.419810014251944	27.453558190662115	31.389214167861457	2.8790508715801693	1	1075.778986004062	32.87905087158017	28.72025742401109	31.821531580970902	0	1	1	0	0	0	0	0	0	0	0	0
73	1.818095907263288	2	537.9071797393029	28.181904092736712	27.46340070285231	32.38394812770595	3.2245029763242883	3	1168.5307234796342	33.22450297632429	28.78112560715046	32.46679376462253	0	0	1	1	0	0	0	0	0	0	0	0
74	2.2619626459787447	3	615.3425340192789	27.738037354021255	27.467062524867895	31.605662413311006	1.8077887081017252	3	1247.23398000285	28.192211291898275	28.773273416280432	31.23386291232297	0	0	0	2	0	0	0	0	0	0	0	0
75	0.7525329660207731	3	696.9917128224708	29.247467033979227	27.49048889998778	30.576102230955975	1.598898760620898	2	1326.5203876294502	28.401101239379102	28.76837641395278	30.613345895747717	0	0	1	1	0	0	0	0	0	0	0	0
76	0.9090535832109836	4	778.2039382360068	29.090946416789016	27.51127406254364	30.187511395958683	1.898358526561431	3	1404.9708034094663	28.10164147343857	28.75971751862143	30.147667276439858	0	0	0	1	1	0	0	0	0	0	0	0
77	0.5443152456537277	4	863.4734849634568	30.544315245653728	27.550159205916845	29.560117799580034	0.5490231841719435	1	1487.1881136869863	29.450976815828056	28.768579817303564	29.217310394004823	0	1	0	0	1	0	0	0	0	0	0	0
78	0.26842770770149116	3	946.4741242794569	29.73157229229851	27.577772029795096	29.372277213961006	1.9963296829941513	1	1565.3650266552943	28.00367031700585	28.75889741856562	28.850193948029165	0	1	0	1	0	0	0	0	0	0	0	0
79	2.498873245308179	4	1023.2481031363048	27.50112675469182	27.576813963856306	28.82650288809622	2.165220337859111	2	1643.0704532121042	27.83477966214089	28.747345946610313	28.790759725120477	0	0	1	0	1	0	0	0	0	0	0	0
80	2.7978963287176164	3	1099.187309218635	27.202103671282384	27.572187910861565	28.58622338885079	1.9707535593406575	1	1732.3221402319302	31.970753559340658	28.787141102323034	28.943188620846946	0	1	0	1	0	0	0	0	0	0	0	0
81	2.7047116904826325	0	1175.386655749371	27.295288309517368	27.568811086454925	28.763622810119784	1.1967697149879442	1	1812.7311581109223	28.803230285012056	28.78733731186802	28.83378169127713	1	1	0	0	0	0	0	0	0	0	0	0
82	1.3417392595916482	4	1255.390966983011	28.658260740408352	27.58193698590015	28.645176240752598	0.4366377132637602	1	1895.2622111613941	29.56336228673624	28.796687010360408	28.656414787843413	0	1	0	0	1	0	0	0	0	0	0	0
83	0.6094606664554121	2	1337.439555955823	29.390539333544588	27.60346796622925	28.622311491968027	2.1142040400544495	1	1973.1100582162421	27.88579595994555	28.785843069284038	28.610524056261987	0	1	1	0	0	0	0	0	0	0	0	0
84	1.022680798658861	4	1424.044539852079	31.02268079865886	27.64369399955195	28.962679460658695	2.6302758180608947	1	2049.517204890822	27.369724181939105	28.769182847079982	28.916173912638516	0	1	0	0	1	0	0	0	0	0	0	0
85	2.5533194311694274	4	1514.922556597427	32.55331943116943	27.70078266736145	29.45129548862722	0.9400428466459658	3	2135.891491171042	30.940042846645966	28.794425405214472	29.34822441735775	0	0	0	1	1	0	0	0	0	0	0	0
86	3.896027397019708	2	1609.548966414107	33.89602739701971	27.771992376897753	30.00829832610798	1.242641191855526	3	2223.110531164972	31.242641191855526	28.822565816555173	30.25223941679233	0	0	1	1	0	0	0	0	0	0	0	0
87	6.851880097761672	4	1712.4271316870252	36.85188009776167	27.875172919180297	31.071601352527665	0.49411902614686554	3	2305.481115550312	29.505880973853134	28.830330761524465	31.065853221239358	0	0	0	1	1	0	0	0	0	0	0	0
88	5.038938242538258	0	1810.2441676141111	35.03893824253826	27.955664664386568	31.630693112138722	1.8250078954567108	3	2384.136301842162	28.17499210454329	28.82296740582805	31.659612726598493	1	0	0	1	0	0	0	0	0	0	0	0
89	1.1441934805740885	0	1890.7999608141752	28.85580651942591	27.965666240553674	31.4429252986752	1.9065558972573236	2	2473.2087703886723	31.906555897257324	28.857229500177265	31.89660847020702	1	0	1	0	0	0	0	0	0	0	0	0
90	1.6773089090600592	3	1969.8674734430492	28.32269109093994	27.969589590557916	31.47354563618407	7.749727071091343	2	2578.593425128802	37.74972707109134	28.954949253703795	32.154514058628614	0	0	1	1	0	0	0	0	0	0	0	0
91	1.7124773925377887	0	2048.8368073888814	28.28752260746221	27.97304538421992	31.59366357967287	2.278584970774922	3	2668.704474838882	32.27858497077492	28.99107572888935	31.69725795756481	1	0	0	1	0	0	0	0	0	0	0	0
92	0.36084553131940567	0	2133.5941678304816	30.360845531319406	27.998720654618836	31.048154500920578	1.0563276171797007	3	2755.403389436842	31.0563276171797	29.013282738440857	31.20319916525323	1	0	0	1	0	0	0	0	0	0	0	0
93	0.302980173380778	3	2216.4983481797935	29.697019826619222	28.016787667086923	30.669007323661326	3.1989866390142083	3	2830.222885069594	26.80101336098579	28.989747957829636	30.531609449305574	0	0	0	2	0	0	0	0	0	0	0	0
94	0.12878021472286605	0	2299.8888367470254	29.871219785277134	28.036308005173133	30.633150775890705	2.76510555158686	3	2906.2536320714144	27.23489444841314	28.971275815625255	30.16598463100628	1	0	0	1	0	0	0	0	0	0	0	0
95	3.1196055002134884	0	2374.9299380589296	26.88039449978651	28.024267239492023	30.021754971890935	0.9042542140692582	3	2987.4792557238043	29.095745785930742	28.972572377815936	29.156356843374873	1	0	0	1	0	0	0	0	0	0	0	0
96	17.73520965498269	0	2409.1691444387698	12.264790345017312	27.86179840552837	27.55408361713039	3.402259298907232	3	3061.7312818476885	26.597740701092768	28.948089577024977	26.985999190162175	1	0	0	1	0	0	0	0	0	0	0	0
97	3.1296126995104494	4	2484.18230898597	26.87038730048955	27.851681965681035	26.63695336707919	1.4946259544955183	3	3149.6537793039884	31.49462595449552	28.974074642101204	26.680783200810765	0	0	0	1	1	0	0	0	0	0	0	0
98	2.2233714538681824	0	77.54308802461799	27.776628546131818	27.85092385033205	26.488744072762028	3.669328913730631	3	3223.1602360864904	26.33067108626937	28.947373596082702	26.441709845290386	1	0	0	1	0	0	0	0	0	0	0	0
99	1.162325437191047	0	158.04826284579298	28.837674562808953	27.86079135745682	26.338355323043565	3.460073107062449	3	3297.2508653292743	26.53992689293755	28.92329912905125	26.26885856749601	1	0	0	1	0	0	0	0	0	0	0	0
100	2.905913157681674	1	233.68592194726497	27.094086842318326	27.853200223643565	26.290227801749193	1.1416934121528328	1	3377.8136378870145	28.858306587847167	28.922655638544278	26.266483881940832	0	2	0	0	0	0	0	0	0	0	0	0
101	1.9157934670051375	1	312.08766518520895	28.084206532994862	27.855464991382302	27.848425500738593	1.3378066449270527	1	3457.8289276699265	28.662193355072947	28.920102086745537	28.054870766136606	0	2	0	0	0	0	0	0	0	0	0	0
102	7.083301843773135	2	415.6118828324089	37.083301843773135	27.94505564043464	29.076162220464965	2.1076161847479398	1	3535.6951658208386	27.89238381525206	28.910124239449484	28.71593800654062	0	1	1	0	0	0	0	0	0	0	0	0
103	5.295920804426501	2	514.1463284114329	35.2959208044265	28.015737036242253	29.46786723237009	0.48208684270423774	3	3618.0993400516227	29.517913157295762	28.915968363659545	29.786591439472726	0	0	1	1	0	0	0	0	0	0	0	0
104	7.0393610558586275	3	617.5478780257049	37.03936105585863	28.101676312619553	30.606760088777698	8.31760962025075	3	3725.069333574823	38.31760962025075	29.005507804198505	31.78452836150901	0	0	0	2	0	0	0	0	0	0	0	0
105	3.387297899243457	3	710.7540846610929	33.38729789924346	28.151540667210345	32.41384946720153	0.41391768300896814	3	3807.6638133764227	29.586082316991032	29.01098492224372	32.48662704011591	0	0	0	2	0	0	0	0	0	0	0	0
106	2.28630720556513	4	788.1214770455568	27.71369279443487	28.147448631016182	32.44957566625992	0.8979693186483537	3	3888.906982361863	29.102030681351646	29.01183581718865	32.49355939888778	0	0	0	1	1	0	0	0	0	0	0	0
107	3.158212634318332	4	863.0548001080848	26.841787365681668	28.135359174855676	31.469407951078644	2.334990899591638	3	3966.1384661005027	27.665009100408362	28.99936519944069	31.446670479594275	0	0	0	1	1	0	0	0	0	0	0	0
108	2.9359093134419183	2	938.6087199413928	27.06409068655808	28.125531023586895	30.62348746780743	6.6767187599369535	3	4068.527639305327	36.67671875993695	29.069799635775517	31.339368028071544	0	0	1	1	0	0	0	0	0	0	0	0
109	1.3022315502519426	3	1018.7233235302728	28.697768449748057	28.130733182006537	30.505208767460488	10.056127191845725	3	4180.350994382563	40.056127191845725	29.169675340830704	30.67906052461999	0	0	0	2	0	0	0	0	0	0	0	0
110	3.57491471811403	4	1092.4933532755376	26.42508528188597	28.115366984708153	29.982839262884237	4.614968018518212	3	4276.984446767593	34.61496801851821	29.21873203162068	30.485727833036954	0	0	0	1	1	0	0	0	0	0	0	0
111	3.5837192929182073	3	1166.2388035828076	26.416280707081793	28.10019657151506	30.355986624301647	0.5938617147997682	3	4359.076582813777	29.40613828520023	29.220405301741923	30.386397384686507	0	0	0	2	0	0	0	0	0	0	0	0
112	2.631510070509851	0	1242.6425046359675	27.36848992949015	28.093721291497143	30.43906764106735	0.8396835796334372	3	4440.482466153967	29.160316420366563	29.219873541729754	30.58859837306317	1	0	0	1	0	0	0	0	0	0	0	0
113	3.4325012965074606	2	1316.8101051832175	26.56749870349254	28.080333374058508	30.53893917475662	4.20480815895116	3	4535.970888931039	34.20480815895116	29.263601038372045	30.29174811465804	0	0	1	1	0	0	0	0	0	0	0	0
114	3.745407074001669	0	1390.1041771016296	26.25459292599833	28.06445737016233	30.04743056228307	1.2294573816472827	3	4616.288653740607	28.770542618352717	29.25931357385014	28.91887210493376	1	0	0	1	0	0	0	0	0	0	0	0
115	3.2869072082930124	4	1464.6782278118117	26.713092791706988	28.052807675520473	28.94767285591586	2.6066666085123558	3	4707.315598022704	32.606666608512356	29.288170065528263	28.74684271491528	0	0	0	1	1	0	0	0	0	0	0	0
116	2.3860517954091947	4	1555.0892890739956	32.386051795409195	28.089843950049435	29.34381982374802	0.8321301884306855	3	4788.742567913335	29.167869811569314	29.287141858229468	29.31999297638493	0	0	0	1	1	0	0	0	0	0	0	0
117	3.175542473331582	4	1647.7043451453796	33.17554247333158	28.132943090077248	29.900698230769073	2.677632527696602	3	4879.967625386488	32.6776325276966	29.315874830004613	30.252429841502078	0	0	0	1	1	0	0	0	0	0	0	0
118	2.8978997688788084	4	1739.5443153334998	32.89789976887881	28.172984742840285	30.8854699480407	1.0582024729425683	3	4966.671773956787	31.05820247294257	29.330516238768794	30.570809379439844	0	0	0	1	1	0	0	0	0	0	0	0
119	0.9896251122598194	2	1826.0570187718918	30.98962511225982	28.196456745918784	31.044312598065993	1.5786061104985123	3	5046.014831898312	28.421393889501488	29.32294021919157	31.00939772518087	0	0	1	1	0	0	0	0	0	0	0	0
120	2.206777293971463	4	1903.6464321595547	27.793222706028537	28.193124233192417	31.117410716613023	2.4827469736033407	3	5136.695833866288	32.48274697360334	29.34905432459993	31.105018753122124	0	0	0	1	1	0	0	0	0	0	0	0
