task	r0_energy	r0_config	r0_reward	r0_rate	r1_energy	r1_config	r1_reward	r1_rate	c0	c1	c2	c3	c4	c5	c6	c7	c8	c9	c10	c11
0	54.67746715719199	0	54.67746715719199	19.58595838466579	67.62694006227599	0	67.62694006227599	24.224575544695877	2	0	0	0	0	0	0	0	0	0	0	0
1	50.245502830776	1	104.92296998796799	17.998389073710808	39.77102854543	1	107.39796860770599	14.246338583437609	0	2	0	0	0	0	0	0	0	0	0	0
2	129.66418031003997	2	234.58715029800794	46.44687055882029	36.11128133508	2	143.509249942786	12.935384358834627	0	0	2	0	0	0	0	0	0	0	0	0
3	98.791753556856	3	333.37890385486395	35.38809082633648	52.52292868914	3	196.032178631926	18.814183411035227	0	0	0	2	0	0	0	0	0	0	0	0
4	87.34645071540001	4	420.72535457026396	31.28828085327762	84.47145746684399	4	280.50363609877	30.258432525436653	0	0	0	0	2	0	0	0	0	0	0	0
5	35.258906947134	0	455.98426151739795	12.630056219868896	37.070226934999994	3	317.57386303377	13.278887260298506	1	0	0	1	0	0	0	0	0	0	0	0
6	68.055463267022	1	524.03972478442	24.378076394157134	66.53064401235	0	384.10450704612003	23.83187248203582	1	1	0	0	0	0	0	0	0	0	0	0
7	33.545305431356	1	557.585030215776	12.016228811232	71.30378729524399	0	455.408294341364	25.54165515053516	1	1	0	0	0	0	0	0	0	0	0	0
8	40.782219449267004	1	598.367249665043	14.60855622063296	36.081318071526	0	491.48961241289	12.92465124950185	1	1	0	0	0	0	0	0	0	0	0	0
9	64.07767602607	4	662.444925691113	22.95319738247283	35.93863763216999	0	527.4282500450599	12.87354183838925	1	0	0	0	1	0	0	0	0	0	0	0
10	65.18441274942101	1	727.629338440534	23.349640387852308	34.81887435062401	0	562.247124395684	12.4724326032086	1	1	0	0	0	0	0	0	0	0	0	0
11	88.83383221080001	1	816.4631706513339	31.82107422476419	66.27495597559201	0	628.5220803712759	23.740282737525497	1	1	0	0	0	0	0	0	0	0	0	0
12	103.73331637887301	1	920.196487030207	37.15820288198437	51.586307642688	0	680.1083880139639	18.478677364544957	1	1	0	0	0	0	0	0	0	0	0	0
13	50.9704692972	1	971.166956327407	18.258078554220894	52.35154217868399	0	732.4599301926479	18.75279122818531	1	1	0	0	0	0	0	0	0	0	0	0
14	38.720861608176	1	1009.887817935583	13.870159382033192	51.10726556922	0	783.5671957618679	18.307080203899705	1	1	0	0	0	0	0	0	0	0	0	0
15	46.74067296129	1	1056.628490896873	16.74292762792478	51.01491426927	0	834.5821100311379	18.273999141231048	1	1	0	0	0	0	0	0	0	0	0	0
16	44.966238024672	1	1101.594728921545	16.107309143166095	48.918175324368	0	883.5002853555059	17.52292847440048	1	1	0	0	0	0	0	0	0	0	0	0
17	34.457470506816	1	1136.052199428361	12.34297450990424	40.378585486624	0	40.378585486624	14.463970920581732	1	1	0	0	0	0	0	0	0	0	0	0
18	66.968620277376	0	1203.020819705737	23.988759502343644	40.289969648362	1	80.66855513498601	14.432227933741611	1	1	0	0	0	0	0	0	0	0	0	0
19	32.637628062687995	1	1235.658447768425	11.691090649321072	75.74252077119	2	156.411075906176	27.131649231471044	0	1	1	0	0	0	0	0	0	0	0	0
20	33.95232397939199	1	1269.6107717478171	12.162026500080714	54.34710254114401	2	210.75817844732	19.467618820708303	0	1	1	0	0	0	0	0	0	0	0	0
21	35.05363408563199	1	1304.664405833449	12.556525642614444	75.44169915733	2	286.19987760465	27.023892235461496	0	1	1	0	0	0	0	0	0	0	0	0
22	70.378947180864	3	1375.0433530143132	25.21036913941397	40.220228139519996	2	326.42010574417	14.407245900723579	0	0	1	1	0	0	0	0	0	0	0	0
23	48.683880934304	0	1423.7272339486171	17.439002125720837	40.64294359389001	2	367.06304933805995	14.55866636199045	1	0	1	0	0	0	0	0	0	0	0	0
24	76.5978313608	0	1500.3250653094171	27.43802914416716	45.327063451890005	2	412.39011278994997	16.23656004246806	1	0	1	0	0	0	0	0	0	0	0	0
25	98.05042891068801	0	1598.375494220105	35.122541699350926	51.35928094836001	2	463.74939373831	18.397354369561793	1	0	1	0	0	0	0	0	0	0	0	0
26	104.63942511443199	0	1703.0149193345371	37.48277914546817	37.41018720109	2	501.15958093940003	13.400664072032237	1	0	1	0	0	0	0	0	0	0	0	0
27	76.75594094111999	1	1779.770860275657	27.494665411744474	38.585892260630004	2	539.74547320003	13.821812153061497	0	1	1	0	0	0	0	0	0	0	0	0
28	70.59184874112	1	1850.362709016777	25.286632384878807	36.13538507744	0	36.13538507744	12.944018535202389	1	1	0	0	0	0	0	0	0	0	0	0
29	48.701427922056	1	1899.064136938833	17.445287613870804	47.69029604592	1	83.82568112336	17.083091120926568	0	2	0	0	0	0	0	0	0	0	0	0
30	231.48427619049596	1	2130.5484131293288	82.91974072495377	39.996815763744	2	123.822496887104	14.327217587012777	0	1	1	0	0	0	0	0	0	0	0	0
31	51.241283318959994	1	2181.789696448289	18.355086562015522	69.40830707622	3	193.23080396332398	24.862677161631044	0	1	0	1	0	0	0	0	0	0	0	0
32	55.663015549642	1	2237.4527119979307	19.938990644647877	80.53084421423999	4	273.761648177564	28.846869569280003	0	1	0	0	1	0	0	0	0	0	0	0
33	57.65429980892399	1	2295.1070118068546	20.652286498719043	76.68306809170001	3	350.444716269264	27.468561704489556	0	1	0	1	0	0	0	0	0	0	0	0
34	35.618636964504994	1	2330.72564877136	12.758914733554029	46.04364324168	1	396.488359510944	16.493245340303282	0	2	0	0	0	0	0	0	0	0	0	0
35	38.880907708535	1	2369.6065564798946	13.927489328430449	68.27097889864001	3	464.759338409584	24.455276023393438	0	1	0	1	0	0	0	0	0	0	0	0
36	64.98232928387101	1	2434.5888857637656	23.277252280789618	61.50572764	3	526.265066049584	22.031902438208956	0	1	0	1	0	0	0	0	0	0	0	0
37	70.23768417459199	1	2504.8265699383574	25.159767465525487	38.705575190240005	3	564.970641239824	13.864683650235227	0	1	0	1	0	0	0	0	0	0	0	0
38	34.535524532224	1	2539.3620944705813	12.370934160796658	53.16499934214001	3	618.135640581964	19.044178868826272	0	1	0	1	0	0	0	0	0	0	0	0
39	34.610565418264	1	2573.972659888845	12.39781447818412	51.696157239247995	3	669.831797821212	18.518026473760475	0	1	0	1	0	0	0	0	0	0	0	0
40	116.73049629654301	1	2690.7031561853883	41.81390912114974	127.29688341924002	3	797.128681240452	45.598883612862096	0	1	0	1	0	0	0	0	0	0	0	0
41	75.418000662536	4	2766.1211568479243	27.01540322240096	85.901720591952	3	883.030401832404	30.770765585176836	0	0	0	1	1	0	0	0	0	0	0	0
42	64.493470576964	1	2830.6146274248886	23.10213871413636	83.65797420412801	3	966.688376036532	29.967035535807046	0	1	0	1	0	0	0	0	0	0	0	0
43	50.824334971903994	1	2881.4389623967927	18.205731930234265	75.13070126990401	3	1041.819077306436	26.912490007129794	0	1	0	1	0	0	0	0	0	0	0	0
44	63.54947397072	1	2944.988436367513	22.763990676078805	67.73499514616	3	1109.5540724525958	24.2632818434006	0	1	0	1	0	0	0	0	0	0	0	0
45	74.91579881385601	1	3019.9042351813687	26.835510022873798	66.99928209850002	0	66.99928209850002	23.999742841253738	1	1	0	0	0	0	0	0	0	0	0	0
46	34.12854308864	1	3054.0327782700087	12.225149763094926	43.07058174594	1	110.06986384444002	15.428268088097907	0	2	0	0	0	0	0	0	0	0	0	0
47	34.007197079856	1	3088.0399753498646	12.181682536067818	69.666103079496	2	179.73596692393602	24.95502199862543	0	1	1	0	0	0	0	0	0	0	0	0
48	37.91580429436801	1	3125.9557796442327	13.581780642758691	83.636787589696	3	263.372754513632	29.959446300786624	0	1	0	1	0	0	0	0	0	0	0	0
49	74.76389329609201	4	3200.719672940325	26.781096106062808	70.414913557296	4	333.787668070928	25.22325261753887	0	0	0	0	2	0	0	0	0	0	0	0
50	63.987283249120004	1	3264.706956189445	22.9208178802818	44.23824620423999	0	378.025914275168	15.846535953757611	1	1	0	0	0	0	0	0	0	0	0	0
51	65.34775034930401	1	3330.054706538749	23.408149378855168	65.69348080063999	0	443.719395075808	23.531993122617305	1	1	0	0	0	0	0	0	0	0	0	0
52	64.660073418864	1	3394.7147799576132	23.161817344070684	70.99337479344	0	514.712769869248	25.43046261257552	1	1	0	0	0	0	0	0	0	0	0	0
53	71.65460609575202	1	3466.3693860533654	25.667321586538037	36.35127369104	0	551.0640435602879	13.021351769924777	1	1	0	0	0	0	0	0	0	0	0	0
54	64.07177683968	1	3530.441162893045	22.951084241079407	37.436979764096	0	588.5010233243839	13.41026140803439	1	1	0	0	0	0	0	0	0	0	0	0
55	82.959296930125	1	3613.4004598231704	29.716763079447762	40.286415515808	0	628.787438840192	14.430954811632718	1	1	0	0	0	0	0	0	0	0	0	0
56	39.15428423445	1	3652.5547440576206	14.025415248161195	66.629135249424	0	695.416574089616	23.867152925166803	1	1	0	0	0	0	0	0	0	0	0	0
57	54.69299109215999	1	3707.2477351497805	19.59151919719164	40.885221092760005	0	736.301795182376	14.645452331734925	1	1	0	0	0	0	0	0	0	0	0	0
58	54.600869604074994	1	3761.8486047538554	19.558520455191044	36.382776278970006	0	772.6845714613461	13.032636279034032	1	1	0	0	0	0	0	0	0	0	0	0
59	53.291034076200006	1	3815.1396388300554	19.089325639235824	65.67890263605001	0	65.67890263605001	23.526771093510455	1	1	0	0	0	0	0	0	0	0	0	0
60	48.88919807104	1	3864.0288369010955	17.5125485627606	82.83351257544	1	148.51241521149	29.671705997172534	0	2	0	0	0	0	0	0	0	0	0	0
61	48.73100492031999	1	3912.7598418214156	17.45588235951761	78.49368900318	2	227.00610421467002	28.11714232949731	0	1	1	0	0	0	0	0	0	0	0	0
62	55.365046661419996	1	3968.1248884828356	19.832255520508657	51.98741467920001	0	278.99351889387003	18.622357497026865	1	1	0	0	0	0	0	0	0	0	0	0
63	33.98119274795	1	4002.1060812307855	12.172367551504475	81.4271239859	0	360.42064287977	29.167925009874622	1	1	0	0	0	0	0	0	0	0	0	0
64	34.95402629817001	1	4037.0601075289555	12.520845241135525	41.49480964068	0	401.91545252045	14.863812408601794	1	1	0	0	0	0	0	0	0	0	0	0
65	35.25332489968499	0	35.25332489968499	12.628056680484177	39.8402971967	0	441.75574971715	14.271151234638808	2	0	0	0	0	0	0	0	0	0	0	0
66	36.20772873536	1	71.46105363504499	12.969932681322987	41.1528061406	0	482.90855585775	14.741303692155226	1	1	0	0	0	0	0	0	0	0	0	0
67	33.927874827210005	2	105.388928462255	12.153268594821492	65.784826848405	0	548.693382706155	23.564714094951043	1	0	1	0	0	0	0	0	0	0	0	0
68	38.137908640272	3	143.526837102527	13.661340408455642	41.519120051772	0	590.212502757927	14.87252061556012	1	0	0	1	0	0	0	0	0	0	0	0
69	35.473528121328	4	179.000365223855	12.70693544644585	46.393786555523995	0	636.606289313451	16.61866981093397	1	0	0	0	1	0	0	0	0	0	0	0
70	46.770424971984	3	225.770790195839	16.753585064591284	41.771197627739994	0	41.771197627739994	14.962817060682982	1	0	0	1	0	0	0	0	0	0	0	0
71	39.902098472784	3	265.672888668623	14.293289005176359	83.72736925627198	1	125.49856688401198	29.991893464933245	0	1	0	1	0	0	0	0	0	0	0	0
72	35.6001463314	3	301.273035000023	12.75229122318806	39.916755075774	2	165.41532195978598	14.298539131620535	0	0	1	1	0	0	0	0	0	0	0	0
73	39.383228682504004	3	340.656263682527	14.107425199702925	67.86718836309	0	233.28251032287596	24.310634637524775	1	0	0	1	0	0	0	0	0	0	0	0
74	70.44589535335201	3	411.102159035879	25.234350574335046	66.546559447368	0	299.82906977024396	23.83757353338555	1	0	0	1	0	0	0	0	0	0	0	0
75	36.275997524274	3	447.378156560153	12.99438717287427	36.202922750655	0	336.03199252089894	12.968211134562985	1	0	0	1	0	0	0	0	0	0	0	0
76	66.75063888472201	3	514.128795444875	23.910676615422812	39.233013123119996	0	375.2650056440189	14.05361664111761	1	0	0	1	0	0	0	0	0	0	0	0
77	39.459066558976	3	553.587862003851	14.134591006200358	48.554010807855	0	423.8190164518739	17.392481483410744	1	0	0	1	0	0	0	0	0	0	0	0
78	35.289602746035996	3	588.8774647498869	12.641051729923342	79.95753680901	0	503.7765532608839	28.64150572263044	1	0	0	1	0	0	0	0	0	0	0	0
79	48.78878985014999	0	48.78878985014999	17.4765814388597	55.51221715345799	0	559.2887704143419	19.88497330870137	2	0	0	0	0	0	0	0	0	0	0	0
80	44.49022135434599	1	93.27901120449599	15.936795709019458	52.18694265911399	0	611.475713073456	18.693830206249785	1	1	0	0	0	0	0	0	0	0	0	0
81	39.67682730135499	2	132.95583850585098	14.21259485421671	52.014594488094	0	52.014594488094	18.632093547973966	1	0	1	0	0	0	0	0	0	0	0	0
82	36.960838541423996	3	169.91667704727496	13.239703358122028	57.776629845984004	1	109.79122433407801	20.696106213486807	0	1	0	1	0	0	0	0	0	0	0	0
83	70.51234832006	4	240.42902536733496	25.258154622111043	67.04625007185001	2	176.83747440592802	24.01656718991642	0	0	1	0	1	0	0	0	0	0	0	0
84	82.50372474785999	4	322.93275011519495	29.553573044009543	60.84015246579599	1	237.67762687172402	21.79348745043438	0	1	0	0	1	0	0	0	0	0	0	0
85	50.804176410351	0	373.7369265255459	18.198510952961552	72.63244723735	1	310.310074109074	26.017593040244773	1	1	0	0	0	0	0	0	0	0	0	0
86	51.66770608316799	0	425.40463260871394	18.50783501486615	61.461537218379995	1	371.77161132745397	22.016073033449548	1	1	0	0	0	0	0	0	0	0	0	0
87	65.57527703189798	0	490.97990964061194	23.489651474112712	41.44390436646	1	413.21551569391397	14.84557768350806	1	1	0	0	0	0	0	0	0	0	0	0
88	50.58962640347401	0	541.5695360440859	18.12165721915487	47.53222226009999	1	460.747737954014	17.0264676752597	1	1	0	0	0	0	0	0	0	0	0	0
89	40.447986002934	0	582.01752204702	14.488830807021134	42.664387091004	1	503.412125045018	15.28276552513576	1	1	0	0	0	0	0	0	0	0	0	0
90	68.435396403932	0	650.452918450952	24.5141718461846	42.564602192112	1	545.97672723713	15.247021680756532	1	1	0	0	0	0	0	0	0	0	0	0
91	35.84958972725	0	686.302508178202	12.841644081402984	42.12427894037099	1	588.1010061775011	15.08929394878961	1	1	0	0	0	0	0	0	0	0	0	0
92	36.424001259625	0	722.726509437827	13.047403436283583	40.240329877215	2	628.3413360547161	14.414446523181491	1	0	1	0	0	0	0	0	0	0	0	0
93	64.82144599603201	0	787.547955433859	23.219622446339827	69.34653062548199	1	697.6878666801981	24.840548283754742	1	1	0	0	0	0	0	0	0	0	0	0
94	76.045539567258	0	863.5934950011169	27.240193277823767	41.434298828775	0	41.434298828775	14.842136893889553	2	0	0	0	0	0	0	0	0	0	0	0
95	39.439283624704	0	903.0327786258209	14.12750458198352	40.956096940074	1	82.390395768849	14.670840694951877	1	1	0	0	0	0	0	0	0	0	0	0
96	34.056295701575	0	34.056295701575	12.199270102056717	39.09082511304	2	121.481220881889	14.002683622581493	1	0	1	0	0	0	0	0	0	0	0	0
97	38.79755605008	1	72.853851751655	13.897632017939106	41.263021048031995	0	162.744241929921	14.780783658996535	1	1	0	0	0	0	0	0	0	0	0	0
98	119.29676825576	2	192.150620007415	42.7331707184812	71.546227893072	0	234.290469822993	25.628499543786987	1	0	1	0	0	0	0	0	0	0	0	0
99	53.490584070302006	1	245.64120407771702	19.160806234138036	49.744432004904006	0	284.034901827897	17.818901016682034	1	1	0	0	0	0	0	0	0	0	0	0
100	42.66053781968	1	288.30174189739705	15.281386681676421	47.083531304160005	0	331.118433132057	16.865742556714032	1	1	0	0	0	0	0	0	0	0	0	0
101	36.026686048026	1	324.3284279454231	12.905081569442148	45.838922156118	0	376.957355288175	16.419912414131822	1	1	0	0	0	0	0	0	0	0	0	0
102	35.648343620868005	1	359.97677156629106	12.769555923893016	47.995690534973996	0	424.953045823149	17.192486161781726	1	1	0	0	0	0	0	0	0	0	0	0
103	37.322714953944	1	397.29948652023506	13.369330729770986	152.26696281179997	0	577.220008634949	54.54338966392835	1	1	0	0	0	0	0	0	0	0	0	0
104	36.499328121191	1	433.7988146414261	13.074386192665433	53.756445243108	0	630.976453878057	19.256040087083463	1	1	0	0	0	0	0	0	0	0	0	0
105	97.465121174016	1	531.2639358154421	34.91287922651319	81.23449958604799	0	712.2109534641049	29.098925224853012	1	1	0	0	0	0	0	0	0	0	0	0
106	38.814786444555004	1	570.0787222599971	13.903804099542091	50.598152889344	0	50.598152889344	18.12471148275009	1	1	0	0	0	0	0	0	0	0	0	0
107	38.754352839384	0	38.754352839384	13.882156240973373	88.02674367077198	1	138.62489656011599	31.53196788206757	1	1	0	0	0	0	0	0	0	0	0	0
108	78.91523956979199	1	117.66959240917599	28.268145517537427	54.77039971966799	2	193.39529627978396	19.619247660776594	0	1	1	0	0	0	0	0	0	0	0	0
109	54.92443559283599	2	172.59402800201198	19.6744246899711	43.29453765105	2	236.68983393083397	15.508491098883583	0	0	2	0	0	0	0	0	0	0	0	0
110	66.82555836622	3	239.419586368232	23.937513444616116	90.162756130167	0	326.85259006100097	32.29710667349266	1	0	0	1	0	0	0	0	0	0	0	0
111	91.77703729127998	4	331.19662365951194	32.87535664165253	36.569080026125995	0	363.421670087127	13.099371949657073	1	0	0	0	1	0	0	0	0	0	0	0
112	56.27693818585999	2	387.47356184537193	20.15890323075582	38.017424364288	0	401.439094451415	13.618181861834504	1	0	1	0	0	0	0	0	0	0	0	0
113	78.58905192771998	2	466.0626137730919	28.151302183063873	76.14182468362499	0	477.58091913503995	27.274683468761186	1	0	1	0	0	0	0	0	0	0	0	0
114	75.282404870088	2	541.34501864318	26.966831595255407	72.90121695948599	0	550.4821360945259	26.113868761606923	1	0	1	0	0	0	0	0	0	0	0	0
115	37.127565299711996	2	578.472583942892	13.299426376016235	42.07674481461	0	592.558880909136	15.072266799263284	1	0	1	0	0	0	0	0	0	0	0	0
116	36.028522666343996	2	614.501106609236	12.905739462570983	37.16022983904	0	629.7191107481759	13.311127106521791	1	0	1	0	0	0	0	0	0	0	0	0
