35.878511335392
35.8987588092
49.58850549312
44.884840552848
89.99810560382399
36.003973847472004
39.566967018624
39.142828271232
38.288268644256
73.2198648888
77.54675349888001
65.77355432808001
68.20907973736
70.88908483424
37.738366153200005
35.868943605375996
39.43826099586
35.89283751003
36.082266956995994
37.66548679173
37.931182241664
40.291950816192
73.61063352474001
38.80798356475599
39.32922040932
76.85995647285
38.893561126305
72.55212434604
61.55819745906
61.427055678749994
43.78674673215
36.13930063887
35.984743680150004
37.16328407634
36.83979108336
36.790297505775
36.296754407550004
35.88201205209599
36.108505400085
36.108505400085
38.510843757768
48.498828775739995
64.793595423156
36.196415634225
62.65383344109001
67.852872271395
36.01362471345
36.18315466596599
41.556903425114996
37.019260510065
36.02412285172799
46.875934040616
52.337124037107
44.998787026049996
66.642319634574
65.330778585321
32.589434859788
45.444266054124
29.571571817799995
29.18447670398
29.408649175190998
29.2595985034
29.046366673605004
42.997324669499996
30.37879976142
29.06340412263
32.732901936024994
66.904406057772
64.08016203562599
65.156652144792
47.864055171552
59.404171315982
45.995367548046005
46.315974731256006
32.88887583762
33.051509233577995
30.062634802304
31.516799777528004
29.732924501176
34.56690664918399
34.57611773616
29.088304278982
29.816909116279998
68.479529698294
81.936322384956
82.285073440596
73.27101762188
42.298661017808
29.555987858189997
29.449084903424996
31.075898967000004
29.373313261319996
29.3534842248
48.33477144458999
47.003093019
60.35933603529
48.20137333191
42.60431970279
35.02016842311
29.104678896479996
33.54980128695
68.08609900310401
