63.673740691694995
89.99721844451999
73.80409567283999
67.36418589383999
66.43655380381499
66.43876798657799
72.69645096792
81.52157616525
71.49948290717398
64.19766221505
66.773470932532
70.252706543285
67.81884742769499
66.027614912406
87.71067459976499
82.27469364839999
94.91792201749999
72.67134176207999
64.99967113476
65.67393836123999
64.0296221448
73.61897024988
80.70211464744
62.93636939720001
65.88707688959
65.141781531156
66.016881556164
65.99640100724
86.600491114896
62.554889235850005
63.207142508290005
65.03016697507
77.567572944264
75.28226745375001
82.63897302970801
72.26932186802401
63.49078401767999
65.292237751104
62.427534786744005
64.172781310144
63.603470500469996
63.888719970348006
63.897237330696
67.657890908475
71.237380737222
62.93004005339999
79.44754091030998
63.94514509822499
63.18399709343999
66.786059500992
67.256817916608
66.9189848052
66.816347122448
69.774239643504
77.03553916702799
66.91229469075
71.29112511394798
62.813513147352005
68.919411170016
65.43830950748999
66.35953021869
64.111955346522
63.83903670035999
72.334957259376
66.03542599032
62.919851353919995
65.57481563472
65.83096366001999
69.01626335376
65.82876973334999
70.32872787139499
65.31965628899398
73.844986617366
73.842525692028
65.66060234457
64.99363612760999
67.229246905254
70.145015551884
78.7414115817
65.278070312364
67.371169034988
75.612654947088
66.64389641406
79.58757094142399
68.61400066114999
73.51615274692
77.910096383496
80.22321282742
96.024664541728
79.169358824355
91.70846921574001
86.42503125126001
81.34414720036801
81.22599996950402
98.31172881771
72.4732692654
78.27895222224
70.53418653756
77.74909456392
76.01404567308
82.27883207592
86.8171865199
