task	r0_energy	r0_config	r0_reward	r0_rate	r0_avgrate	r0_rollrate	r1_energy	r1_config	r1_reward	r1_rate	r1_avgrate	r1_rollrate	r2_energy	r2_config	r2_reward	r2_rate	r2_avgrate	r2_rollrate	r3_energy	r3_config	r3_reward	r3_rate	r3_avgrate	r3_rollrate	c0	c1	c2	c3	c4	c5	c6	c7	c8	c9	c10	c11	c12	c13	c14	c15	c16	c17	c18	c19	c20	c21	c22	c23	c24	c25	c26	c27	c28	c29
0	3.207963174120003	0	89.938233596575	33.20796317412	33.20796317412	33.20796317412	14.808998811012925	0	41.14229488683999	15.191001188987075	15.191001188987075	15.191001188987075	11.929026092375995	0	48.942220999815014	18.070973907624005	18.070973907624005	18.070973907624005	10.48511856613662	0	52.85280388337999	19.51488143386338	19.51488143386338	19.51488143386338	4	0	0	0	0	0	0	0	0	0	0	0	0	0	0	0	0	0	0	0	0	0	0	0	0	0	0	0	0	0
1	15.674987597934276	0	128.735142185503	14.325012402065724	23.766487788092864	23.766487788092864	14.510125670210957	0	83.09403786335199	15.489874329789043	15.34043775938806	15.34043775938806	15.062594353823998	0	89.39769462487502	14.937405646176002	16.504189776900002	16.504189776900002	10.585380924917168	0	105.43406387839599	19.414619075082832	19.464750254473106	19.464750254473106	4	0	0	0	0	0	0	0	0	0	0	0	0	0	0	0	0	0	0	0	0	0	0	0	0	0	0	0	0	0
2	16.729551074296616	0	164.675941359283	13.270448925703384	20.26780816729637	20.26780816729637	10.515491783955696	0	135.86458094847197	19.484508216044304	16.721794578273474	16.721794578273474	16.150664360639997	0	126.90631198147503	13.849335639360003	15.619238397720002	15.619238397720002	16.1759917391808	0	142.87408625144798	13.8240082608192	17.584502923255137	17.584502923255137	4	0	0	0	0	0	0	0	0	0	0	0	0	0	0	0	0	0	0	0	0	0	0	0	0	0	0	0	0	0
3	16.857666367990152	1	200.269761612643	13.142333632009848	18.48643953347474	18.48643953347474	9.981877936175263	1	190.08032820466397	20.018122063824737	17.54587644966129	17.54587644966129	1.3242050977199966	1	204.56992317515005	28.675794902280003	18.883377523860002	18.883377523860002	16.741556316384738	1	178.78237122790597	13.25844368361526	16.502988113345168	16.502988113345168	0	4	0	0	0	0	0	0	0	0	0	0	0	0	0	0	0	0	0	0	0	0	0	0	0	0	0	0	0	0
4	12.664242506025232	1	247.220771492158	17.335757493974768	18.256303125574746	18.256303125574746	2.4326424269937235	1	264.74192163155595	27.567357573006277	19.550172674330287	19.550172674330287	0.5435278111200041	1	284.34786868670005	29.456472188879996	20.997996456864	20.997996456864	15.927420505538587	1	216.89560735873897	14.072579494461413	16.016906389568415	16.016906389568415	0	4	0	0	0	0	0	0	0	0	0	0	0	0	0	0	0	0	0	0	0	0	0	0	0	0	0	0	0	0
5	16.08607153992554	1	284.904327738193	13.91392846007446	17.53257401465803	17.53257401465803	10.790092668822645	1	316.76875398682796	19.209907331177355	19.4934617838048	19.4934617838048	1.0009452464400113	1	368.30876206247507	31.00094524644001	22.665154588460002	22.665154588460002	1.933476858720745	1	303.382107184441	31.933476858720745	18.669668134427138	18.669668134427138	0	4	0	0	0	0	0	0	0	0	0	0	0	0	0	0	0	0	0	0	0	0	0	0	0	0	0	0	0	0
6	14.621930028391384	2	326.553267244633	15.378069971608616	17.224787722793828	17.224787722793828	17.234141866099204	2	351.34295309947595	12.765858133900796	18.532375548104227	18.532375548104227	3.194238534144006	2	458.20982475911507	33.194238534144006	24.16930943784343	24.16930943784343	13.785937183789287	2	347.295193978345	16.214062816210713	18.318867374681933	18.318867374681933	0	0	4	0	0	0	0	0	0	0	0	0	0	0	0	0	0	0	0	0	0	0	0	0	0	0	0	0	0	0
7	16.083933632599383	2	364.242613656343	13.916066367400617	16.811197553369677	16.811197553369677	17.21596912584074	2	385.9663700503239	12.78403087415926	17.813832463861107	17.813832463861107	12.707755251600002	2	505.0429876193651	17.292244748399998	23.309676351663004	23.309676351663004	16.00866499670031	2	385.188392945615	13.99133500329969	17.777925828259153	17.777925828259153	0	0	4	0	0	0	0	0	0	0	0	0	0	0	0	0	0	0	0	0	0	0	0	0	0	0	0	0	0	0
8	16.146935467115078	2	401.761330099573	13.853064532884924	16.48251610664915	16.48251610664915	12.045093939507698	2	434.5942406308239	17.954906060492302	17.82950730793124	17.82950730793124	11.964120841919996	2	553.890160339165	18.035879158080004	22.72369888570934	22.72369888570934	14.443233361706213	2	427.32130259099404	15.556766638293787	17.531130362707447	17.531130362707447	0	0	4	0	0	0	0	0	0	0	0	0	0	0	0	0	0	0	0	0	0	0	0	0	0	0	0	0	0	0
9	15.282503898384002	3	441.621215374783	14.717496101615998	16.306014106145835	16.306014106145835	17.37704375211323	3	468.7814138021839	12.622956247886771	17.308852201926793	17.308852201926793	11.47045565719532	3	604.074342934261	18.52954434280468	22.304283431418874	22.304283431418874	11.79251570778683	3	476.63323921573806	18.20748429221317	17.598765755658018	17.598765755658018	0	0	0	4	0	0	0	0	0	0	0	0	0	0	0	0	0	0	0	0	0	0	0	0	0	0	0	0	0	0
10	10.315332216802705	3	494.933857287609	19.684667783197295	16.61316444042324	14.953684567053562	18.002920167618463	3	501.27350501488394	11.997079832381537	16.825963804695405	16.989460066266236	8.271776127175386	3	707.727069945361	38.271776127175386	23.755873676487646	24.324363653374007	15.312475449068309	3	516.411951541178	14.687524550931691	17.334107464319263	17.116030067364854	0	0	0	4	0	0	0	0	0	0	0	0	0	0	0	0	0	0	0	0	0	0	0	0	0	0	0	0	0	0
11	2.057161349241589	3	581.755335941805	32.05716134924159	17.90016418282477	16.726899461771147	12.552223267476926	3	548.527900332134	17.447776732523074	16.877781548681046	17.185250306539636	13.024245738276925	3	753.703071070861	16.975754261723075	23.190863725257262	24.528198514928715	7.20629570719311	3	578.14490066753	22.79370429280689	17.789073866693233	17.45393858913726	0	0	0	4	0	0	0	0	0	0	0	0	0	0	0	0	0	0	0	0	0	0	0	0	0	0	0	0	0	0
12	0.35575200132332085	4	663.9688309453891	30.35575200132332	18.858286322709272	18.435429769333144	13.888557809623755	4	592.1630562644029	16.111442190376245	16.818832367272982	16.847943703972835	1.7737902758045543	4	839.757086401165	31.773790275804554	23.851088844530132	26.320643978573173	14.426651621650704	4	620.322719192226	15.573348378349296	17.61863344451293	17.62887260089027	0	0	0	0	4	0	0	0	0	0	0	0	0	0	0	0	0	0	0	0	0	0	0	0	0	0	0	0	0	0
13	4.1704741238783996	4	756.513865030893	34.1704741238784	19.95201402279278	20.538243818519994	0.24718517632984316	4	674.0825161169629	30.247185176329843	17.77800042506276	17.870850015223347	2.8557847325302106	4	928.7415033851009	32.85578473253021	24.49428140795871	26.73864296159819	0.8193150031310807	4	699.353741058746	29.18068499686892	18.44449426968121	19.22109673221563	0	0	0	0	4	0	0	0	0	0	0	0	0	0	0	0	0	0	0	0	0	0	0	0	0	0	0	0	0	0
14	0.4858491619170415	4	839.0797065110851	30.48584916191704	20.6542696987344	21.85325298531422	0.9412213244082466	4	752.7833750300239	29.058778675591753	18.53005230843136	18.019992125481895	0.5693759630414803	4	1008.449443485197	29.43062403695852	24.823370916558698	26.736058146406045	15.778815747822277	4	737.869448408394	14.221184252177723	18.162940268514316	19.235957207987262	0	0	0	0	4	0	0	0	0	0	0	0	0	0	0	0	0	0	0	0	0	0	0	0	0	0	0	0	0	0
15	17.072842247624862	5	874.0907587571011	12.927157752375138	20.171325202086944	21.75457591454429	0.8400500020475086	5	836.3085104522359	30.84005000204751	19.29942716428237	19.18300639256891	16.492049064062034	5	1045.033477270029	13.507950935937966	24.116157167769902	24.98675871535584	7.872952033401599	5	797.796869984598	22.1270479665984	18.41069699964457	18.255314318775028	0	0	0	0	0	4	0	0	0	0	0	0	0	0	0	0	0	0	0	0	0	0	0	0	0	0	0	0	0	0
16	16.78633515001698	5	909.877767725805	13.213664849983017	19.76205106372789	21.538135402381734	15.892104647051816	5	874.5173936998038	14.107895352948184	18.994042940086242	19.31721011447365	16.525803777083077	5	1081.526092040429	13.474196222916925	23.49015946513149	23.014754484233134	5.657759480152617	5	863.723771392518	24.342240519847383	18.759611324362385	19.068132089138693	0	0	0	0	0	4	0	0	0	0	0	0	0	0	0	0	0	0	0	0	0	0	0	0	0	0	0	0	0	0
17	16.554663814656003	5	946.292219894445	13.445336185343997	19.411122459373228	21.49106238417607	16.404516188136373	5	911.3384956902678	13.595483811863627	18.694122988518316	19.398355408244086	16.664400303820802	5	1117.6433412175809	13.335599696179198	22.926017255745254	22.61908997901105	7.974588553471758	5	923.3759273935319	22.025411446528242	18.94104466448271	19.871539733461553	0	0	0	0	0	4	0	0	0	0	0	0	0	0	0	0	0	0	0	0	0	0	0	0	0	0	0	0	0	0
18	12.023058643542647	6	994.979769401517	17.976941356457353	19.335639243430286	21.903450066533317	15.730572284895137	6	949.9848624186768	14.269427715104863	18.461244289917612	19.02980757370534	10.00505598853514	6	1171.796314581965	19.99494401146486	22.77175024288839	22.81499646434954	6.859689097034586	6	986.0476027557299	23.140310902965414	19.162058677034434	20.629894159928714	0	0	0	0	0	0	4	0	0	0	0	0	0	0	0	0	0	0	0	0	0	0	0	0	0	0	0	0	0	0
19	11.059780557335635	6	1046.276197058733	18.940219442664365	19.31586825339199	22.32572240063815	1.9476518506301517	6	1036.5097528474669	31.94765185063015	19.13556466795324	20.962277133979676	5.910664106141546	6	1237.0382659611648	24.089335893858454	22.837629525436892	23.370975619454917	14.543607813136981	6	1027.9086649284839	15.456392186863019	18.976775352525863	20.354784949393697	0	0	0	0	0	0	4	0	0	0	0	0	0	0	0	0	0	0	0	0	0	0	0	0	0	0	0	0	0	0
20	11.818575205265727	6	1095.517555877805	18.181424794734273	19.26184713631305	22.17539810179185	10.517604386392613	6	1089.2745743009868	19.482395613607387	19.1520804272701	21.710808712102263	7.108556876933903	6	1299.0359244194688	22.891443123066097	22.84019207770495	21.832942319043987	16.430070964866463	6	1064.6605560653038	13.569929035133537	18.719306480269086	20.24302539781388	0	0	0	0	0	0	4	0	0	0	0	0	0	0	0	0	0	0	0	0	0	0	0	0	0	0	0	0	0	0
21	11.661056114924307	7	1145.1855288998852	18.338943885075693	19.219896988529538	20.80357635537526	9.594414643690335	7	1144.5397013076588	20.405585356309665	19.209057924044625	22.00658957448092	10.919111664974771	7	1350.7133303268288	19.08088833502523	22.669314634855873	22.0434557263742	14.667403272073848	7	1106.1863388701038	15.332596727926152	18.565365127889862	19.49691464132581	0	0	0	0	0	0	0	4	0	0	0	0	0	0	0	0	0	0	0	0	0	0	0	0	0	0	0	0	0	0
22	10.520884058348308	7	1197.9414679085253	19.479115941651692	19.231167377795717	19.715912749408098	8.726756935250584	7	1202.1547346080217	21.273243064749416	19.298805104075267	22.52276966191824	16.2017685009408	7	1388.0835406367808	13.7982314990592	22.283615368082106	20.24589984869967	16.454435146486155	7	1142.8722436817038	13.545564853513843	18.347112942047428	19.29413628884226	0	0	0	0	0	0	0	4	0	0	0	0	0	0	0	0	0	0	0	0	0	0	0	0	0	0	0	0	0	0
23	13.256142158863756	7	1243.2894162282694	16.743857841136244	19.127529480434905	17.97325112113388	16.267325523088246	7	1239.3473946496576	13.732674476911754	19.066882994610122	20.871318591976433	15.75895313542302	7	1426.6530425616768	14.24104686457698	21.948508347102727	18.384426061904342	12.072705818630773	7	1191.425332089579	17.927294181369227	18.329620493685834	18.168797207292293	0	0	0	0	0	0	0	4	0	0	0	0	0	0	0	0	0	0	0	0	0	0	0	0	0	0	0	0	0	0
24	16.705879796263382	8	1279.2943251133893	13.294120203736616	18.894193109366974	16.254078225315837	2.605946180706468	8	1327.6551655557378	32.60594618070647	19.608445522053977	21.2260353424879	12.743654889216003	8	1473.3889772367168	17.256345110783997	21.760821817649976	17.16699816928689	15.86734073396234	8	1229.701284268431	14.13265926603766	18.161742044579906	18.15994470867829	0	0	0	0	0	0	0	0	4	0	0	0	0	0	0	0	0	0	0	0	0	0	0	0	0	0	0	0	0	0
25	11.870840673947079	8	1328.3941316214493	18.12915932605292	18.86476873308566	16.77427838268362	15.156496240187074	8	1367.8563215718978	14.843503759812926	19.42517853119855	19.626380718264443	11.739815883033604	8	1522.8436425535008	18.260184116966396	21.626181906085222	17.642221487389737	15.939421139082832	8	1267.782018683415	14.060578860917168	18.00400499905442	17.353297798110162	0	0	0	0	0	0	0	0	4	0	0	0	0	0	0	0	0	0	0	0	0	0	0	0	0	0	0	0	0	0
26	16.395048413243078	8	1365.2408755022493	13.604951586756922	18.66996069062904	16.813407056361008	15.977720560246157	8	1405.8333283878978	14.022279439753843	19.225071157441338	19.61781912694501	16.0985745808896	8	1560.4933363969249	13.9014254191104	21.34007981397504	17.684944407009084	2.6882618291387104	8	1356.312727803999	32.68826182913871	18.547866363131615	18.187899929039297	0	0	0	0	0	0	0	0	4	0	0	0	0	0	0	0	0	0	0	0	0	0	0	0	0	0	0	0	0	0
27	16.477349835027688	9	1401.8647196990494	13.522650164972312	18.486128171855587	16.821138454323837	15.379256681350153	9	1445.4311748759078	14.620743318649847	19.0606308774845	19.72034507762363	16.224079439313233	9	1597.803121248785	13.775920560686767	21.06993126921475	17.72897649345984	1.400859479810947	9	1441.356722228487	31.400859479810947	19.00690183158445	19.125444732367566	0	0	0	0	0	0	0	0	0	4	0	0	0	0	0	0	0	0	0	0	0	0	0	0	0	0	0	0	0	0
28	16.19420194317785	9	1439.2554227696094	13.805798056822152	18.324737478233743	16.40402412436032	16.012890682009846	9	1483.3129292787978	13.987109317990152	18.885681858191592	19.692113237912164	15.608401679058465	9	1636.780366701335	14.391598320941535	20.839643926170844	17.168641924407506	16.07934401158302	9	1479.058498863783	13.920655988416978	18.831514043889023	18.203479240912724	0	0	0	0	0	0	0	0	0	4	0	0	0	0	0	0	0	0	0	0	0	0	0	0	0	0	0	0	0	0
29	16.453231716837415	9	1475.9445868698413	13.546768283162587	18.165471838398037	15.864679008410139	14.58995406531988	9	1525.0484703518898	15.41004593468012	18.769827327407878	18.038352646317158	16.03199539951016	9	1674.6103791609949	13.968004600489843	20.61058928198148	16.156508795070643	1.529370178821413	9	1564.450543098091	31.529370178821413	19.254775915053433	19.810777040108565	0	0	0	0	0	0	0	0	0	4	0	0	0	0	0	0	0	0	0	0	0	0	0	0	0	0	0	0	0	0
30	17.300158543399384	10	1510.3399908148012	12.699841456600614	17.989161180920703	15.316520674596774	17.99978538654277	10	1557.5490515966699	12.000214613457231	18.55145272373205	17.29013454630214	18.215863588128002	10	1706.5257486098149	11.784136411872	20.325864995848914	15.045778123951234	16.472126246778096	10	1601.0885345130669	13.527873753221906	19.070037135639513	19.8065715119174	0	0	0	0	0	0	0	0	0	0	4	0	0	0	0	0	0	0	0	0	0	0	0	0	0	0	0	0	0	0
31	15.970222118854887	10	1548.3373059095693	14.029777881145113	17.865430452802716	14.885604074203718	16.15533669552739	10	1595.04501471295	13.844663304472613	18.404365554380195	16.634042341118437	18.094446038224618	10	1738.76995725629	11.905553961775382	20.062730276034117	14.328244686626253	16.099651690495016	10	1638.7353111846428	13.900348309504983	18.90848435982281	19.66334667007528	0	0	0	0	0	0	0	0	0	0	4	0	0	0	0	0	0	0	0	0	0	0	0	0	0	0	0	0	0	0
32	18.765340077542398	10	1578.7645098662254	11.234659922457602	17.664498012489226	14.06115847228431	1.1986228422912042	10	1673.048744515078	28.801377157708796	18.71942651205682	17.386855750414373	18.157713295091078	10	1770.8428170820848	11.842286704908922	19.81362592539396	14.132650207211224	7.7042380017038745	10	1699.1196665966947	22.295761998296125	19.011129136746245	20.538366384553512	0	0	0	0	0	0	0	0	0	0	4	0	0	0	0	0	0	0	0	0	0	0	0	0	0	0	0	0	0	0
33	17.000980801550767	11	1613.9701868620255	12.999019198449233	17.5272780473704	13.686674608015608	18.300135473811693	11	1704.735877606838	11.699864526188305	18.5129688065901	17.18357475534203	17.49156721392	11	1804.719822544385	12.50843278608	19.59876730364943	13.959388799361525	10.793670913039755	11	1751.1368078738788	19.206329086960245	19.01687031175254	20.66626987511261	0	0	0	0	0	0	0	0	0	0	0	4	0	0	0	0	0	0	0	0	0	0	0	0	0	0	0	0	0	0
34	18.531486390625474	11	1645.0307445540814	11.468513609374526	17.354170491999092	13.504113948579397	18.377001119029664	11	1736.214832909466	11.622998880970338	18.316112523000964	15.085280025368416	18.50064752064	11	1835.863902175985	11.499352479359999	19.367355451526876	13.383689536219123	10.64375114498954	11	1803.5599818561986	19.35624885501046	19.02656684155991	21.18862883400989	0	0	0	0	0	0	0	0	0	0	0	4	0	0	0	0	0	0	0	0	0	0	0	0	0	0	0	0	0	0
35	14.67171048185206	11	1686.5448619990655	15.32828951814794	17.297896020503227	13.224026967788898	18.28772997799385	11	1767.935564219066	11.712270022006154	18.132672453528883	14.772156651587741	18.198904733538463	11	1867.825201855985	11.801095266461537	19.15718155749728	12.737780651168638	16.474746342118898	11	1840.1908771796266	13.525253657881104	18.87375258645772	21.135096313706285	0	0	0	0	0	0	0	0	0	0	0	4	0	0	0	0	0	0	0	0	0	0	0	0	0	0	0	0	0	0
36	14.641253278995693	12	1728.1414677017854	15.358746721004307	17.24548657997623	13.39940648121364	18.253807477692554	12	1799.7481689669821	11.746192522307446	17.960064887820195	14.5445479598431	9.613856565849233	12	1975.11273005516	39.61385656584923	19.71006466583112	15.309023765842522	9.929918931786837	12	1894.5473467393706	20.070081068213163	18.906085788667326	19.873278237613732	0	0	0	0	0	0	0	0	0	0	0	0	4	0	0	0	0	0	0	0	0	0	0	0	0	0	0	0	0	0
37	15.085395631174888	12	1768.5351878673534	14.914604368825112	17.184147574419622	13.53860190159892	9.927958601082832	12	1854.1099477557161	20.072041398917168	18.01564321705959	15.089677767869834	16.570253639525905	12	2011.484959781444	13.429746360474095	19.54479313147962	15.274406345821257	16.3337882548224	12	1931.5600035492266	13.6662117451776	18.76819436647023	18.099813464150397	0	0	0	0	0	0	0	0	0	0	0	0	4	0	0	0	0	0	0	0	0	0	0	0	0	0	0	0	0	0
38	1.1399919295679943	12	1846.6977097247734	28.860008070432006	17.483528612778915	15.044022902959904	11.887047238345843	12	1903.165861485196	18.112952761654157	18.018138333587654	15.502262112236235	1.2745969447550856	12	2089.282926389399	28.725403055244914	19.78019338593514	16.707786819251595	9.903379613045168	12	2039.6316566678906	39.90337961304517	19.310122193305485	20.698085826613216	0	0	0	0	0	0	0	0	0	0	0	0	4	0	0	0	0	0	0	0	0	0	0	0	0	0	0	0	0	0
39	1.0214504491584009	13	1930.7141380245773	31.0214504491584	17.821976658688403	16.79149111955949	11.768582658482956	13	1952.542616785138	18.231417341517044	18.02347030878589	15.784399252919922	13.29433247998228	13	2134.527442589447	16.70566752001772	19.703330239287205	16.981553111204384	16.206936335323572	13	2076.9878707597227	13.793063664676428	19.17219573008976	18.92445517519872	0	0	0	0	0	0	0	0	0	0	0	0	0	4	0	0	0	0	0	0	0	0	0	0	0	0	0	0	0	0
40	9.278343671827201	13	1986.8352905800452	20.7216563281728	17.89270055306607	17.5936726067167	12.134798426868183	13	2000.9275377123702	17.865201573131817	18.019610095721156	16.370897948887382	2.7051142433523623	13	2223.1037936651933	32.70511424335236	20.020446922313184	19.07365089435242	4.919534475132565	13	2144.9141315562388	25.080465524867435	19.3162998714258	20.079714352363272	0	0	0	0	0	0	0	0	0	0	0	0	0	4	0	0	0	0	0	0	0	0	0	0	0	0	0	0	0	0
41	0.10480785964799466	13	2067.8014359601652	29.895192140352005	18.178474162287166	19.18021403263739	17.76209194037169	13	2034.0718720405303	12.237908059628309	17.881950523433233	16.210222424402954	2.4908302040872528	13	2311.099792134596	32.49083020408725	20.31736080997447	21.132178518583608	5.080314985763437	13	2239.923317976015	35.08031498576344	19.69163356462432	22.197711019989118	0	0	0	0	0	0	0	0	0	0	0	0	0	4	0	0	0	0	0	0	0	0	0	0	0	0	0	0	0	0
42	5.39428389530881	14	2163.6609548432934	35.39428389530881	18.57884183049697	21.596176429922515	18.24315849643717	14	2065.9133177793465	11.756841503562828	17.739506127622292	14.505768858988356	5.4097253688801175	14	2407.001131675313	35.40972536888012	20.668346032274602	23.48892238498072	4.744484110989049	14	2334.022962443277	34.74448411098905	20.041699856400243	23.442583231258407	0	0	0	0	0	0	0	0	0	0	0	0	0	0	4	0	0	0	0	0	0	0	0	0	0	0	0	0	0	0
43	6.511728688512001	14	2262.5468867080135	36.511728688512	18.986407440906405	23.94744737892879	9.815841123655389	14	2120.5787480694466	20.18415887634461	17.79506641736598	15.354198294003988	9.82979105446153	14	2514.873482447813	39.82979105446153	21.103833419142486	26.221058211818878	0.9501357825090437	14	2417.846246854239	30.950135782509044	20.2896188547209	24.61696390081329	0	0	0	0	0	0	0	0	0	0	0	0	0	0	4	0	0	0	0	0	0	0	0	0	0	0	0	0	0	0
44	6.332210427744002	14	2360.9466232831537	36.332210427744	19.371869729502794	26.43381706076574	0.9715709548061362	14	2199.1974100668467	29.028429045193864	18.044696697984378	17.09474131042634	9.010975572047258	14	2620.528207955441	39.01097557204726	21.50176991142926	28.972220521087603	4.7513070030646105	14	2511.9643699875387	34.75130700306461	20.610989702461872	26.156469715618705	0	0	0	0	0	0	0	0	0	0	0	0	0	0	4	0	0	0	0	0	0	0	0	0	0	0	0	0	0	0
45	11.117490283776	15	2412.0867537645936	18.882509716224	19.36123146834456	26.789239080573346	12.0160960177152	15	2247.903816685535	17.9839039822848	18.043375117208303	17.721904706454204	12.067243026266585	15	2669.096091425969	17.932756973733415	21.424182673653263	29.58538669181479	16.47592317114683	15	2548.592078065683	13.52407682885317	20.45692637912255	26.156352032715915	0	0	0	0	0	0	0	0	0	0	0	0	0	0	0	4	0	0	0	0	0	0	0	0	0	0	0	0	0	0
46	16.204662452914707	15	2449.4491262879496	13.795337547085293	19.24280819342415	26.632898163181444	16.45029559585477	15	2284.600932780095	13.549704404145231	17.947765102036747	17.90225589463798	10.898498721858466	15	2720.829324054269	19.101501278141534	21.374763920557267	27.534151163044022	4.958385821204679	15	2643.271039664779	34.95838582120468	20.76546806937962	27.64518250801506	0	0	0	0	0	0	0	0	0	0	0	0	0	0	0	4	0	0	0	0	0	0	0	0	0	0	0	0	0	0
47	14.768168280873601	15	2490.7020038605838	15.231831719126399	19.159246183542948	26.66462089821157	14.16738538848886	15	2327.4809306862708	15.83261461151114	17.903699466817464	17.47831321589738	6.660770849538466	15	2784.039736336769	23.339229150461534	21.41569027951361	28.525099442042755	8.857539573996917	15	2748.510209344354	38.85753957399692	21.14238622572581	30.164315290896997	0	0	0	0	0	0	0	0	0	0	0	0	0	0	0	4	0	0	0	0	0	0	0	0	0	0	0	0	0	0
48	1.3710375338562528	16	2575.6652305147777	31.371037533856253	19.408466415181994	26.915723844553998	3.1589391387707124	16	2417.2863908537747	33.15893913877071	18.215030888694063	18.982911853609032	1.5220003192246132	16	2869.4118205346685	31.522000319224613	21.621941504813833	28.804759168440732	10.771878296826095	16	2800.5863722904496	19.228121703173905	21.103319602816587	28.096789499909868	0	0	0	0	0	0	0	0	0	0	0	0	0	0	0	0	4	0	0	0	0	0	0	0	0	0	0	0	0	0
49	16.43816245473969	16	2612.395207199858	13.56183754526031	19.29153383778356	25.169762554164187	15.4991217183744	16	2456.559602866511	14.5008782816256	18.14074783655269	18.60985794761989	14.40692424329354	16	2911.6430673757486	15.59307575670646	21.501364189851685	28.69349999210961	6.46687990223262	16	2864.3219058885697	23.53312009776738	21.1519156127156	29.070795143218966	0	0	0	0	0	0	0	0	0	0	0	0	0	0	0	0	4	0	0	0	0	0	0	0	0	0	0	0	0	0
50	16.67744115393748	16	2648.4771374079437	13.32255884606252	19.1744951124557	24.42985280595316	10.874306948163692	16	2508.358354881901	19.125693051836308	18.160060487832762	18.73590709549034	0.635819649083075	16	2994.615078925349	30.635819649083075	21.680471159640533	28.48657053268268	15.292773397384988	16	2904.153977937319	14.707226602615012	21.02554916153716	28.03347125099372	0	0	0	0	0	0	0	0	0	0	0	0	0	0	0	0	4	0	0	0	0	0	0	0	0	0	0	0	0	0
51	9.960241995769113	17	2702.751482002736	20.039758004230887	19.191134783451375	23.444309392341047	13.68724237259815	17	2552.538740122781	16.31275762740185	18.124535432824477	19.143392052267696	6.715396676732311	17	3094.052611591499	36.71539667673231	21.96960434266153	28.90902717994719	0.2374017602880052	17	2984.761014836539	29.762598239711995	21.19356933611744	27.50169957638858	0	0	0	0	0	0	0	0	0	0	0	0	0	0	0	0	0	4	0	0	0	0	0	0	0	0	0	0	0	0
52	11.34767496716308	17	2753.268195633336	18.65232503283692	19.180968561741665	21.77011350609386	0.5915327452918149	17	2635.390807974613	30.591532745291815	18.359761797210652	21.026861176440594	14.696428124340922	17	3135.499785421409	15.303571875659078	21.84383014517092	26.898411830625083	15.11368810079742	17	3025.0781095635457	14.88631189920258	21.074564478817162	25.51588235520993	0	0	0	0	0	0	0	0	0	0	0	0	0	0	0	0	0	4	0	0	0	0	0	0	0	0	0	0	0	0
53	5.5306577673599975	17	2849.4970604199357	35.53065776736	19.48374058406793	21.672006413978657	16.305809940505107	17	2672.479239385745	13.694190059494895	18.273362320586287	20.37786429475562	15.484248324391386	17	3174.8132795428487	14.515751675608614	21.708124988327175	24.367007892739792	16.405953694740923	17	3061.8953183069557	13.594046305259075	20.936036364492015	23.780273407484934	0	0	0	0	0	0	0	0	0	0	0	0	0	0	0	0	0	4	0	0	0	0	0	0	0	0	0	0	0	0
54	0.6207610646267057	18	2932.4282883032997	30.620761064626706	19.686231865532637	21.10086147766693	6.542702376307943	18	2771.4490583215793	36.54270237630794	18.605532139781225	21.129291627867033	11.49465042506585	18	3224.9319346416287	18.50534957493415	21.649892708083666	22.316445293028476	15.570844965508432	18	3100.9742798587035	14.429155034491568	20.817729431219277	21.748058210627626	0	0	0	0	0	0	0	0	0	0	0	0	0	0	0	0	0	0	4	0	0	0	0	0	0	0	0	0	0	0
55	16.10920899057083	18	2970.0491806205036	13.890791009429169	19.582741850245075	20.601689606987446	3.593657040875808	18	2842.9662371692075	26.406342959124192	18.744832332983776	21.97153552555097	15.848159667349663	18	3263.2598355425566	14.151840332650337	21.515998915665214	21.93835362892017	5.354661603271751	18	3196.7264883675643	35.35466160327175	21.077317505720213	23.931116688069487	0	0	0	0	0	0	0	0	0	0	0	0	0	0	0	0	0	0	4	0	0	0	0	0	0	0	0	0	0	0
56	12.565614305870032	18	3017.2673085421056	17.43438569412997	19.545051391365863	20.96559442169191	9.410094941215753	18	2949.7019109683333	39.41009494121575	19.10738079979486	24.557574579258024	16.049118860331323	18	3301.0434719624927	13.950881139668677	21.383277551174043	21.423291615072888	15.733000840763081	18	3235.3662777571644	14.266999159236919	20.957838236483667	21.86197802187271	0	0	0	0	0	0	0	0	0	0	0	0	0	0	0	0	0	0	4	0	0	0	0	0	0	0	0	0	0	0
57	13.504780056335996	19	3135.0927545280156	43.504780056335996	19.958150161451552	23.792889255412867	3.8608682756174773	19	3041.4084292147973	33.86086827561748	19.361751273515942	26.360399945668654	1.9780730743177735	19	3387.6507532054366	31.978073074317773	21.56594643950411	22.287176007458505	6.368567711357528	19	3333.8644819754245	36.36856771135753	21.22354046880908	21.61308083560877	0	0	0	0	0	0	0	0	0	0	0	0	0	0	0	0	0	0	0	4	0	0	0	0	0	0	0	0	0	0
58	17.24316785475692	19	3263.0430008013154	47.24316785475692	20.420608088456728	25.38010228750294	7.9798503944831936	19	3144.2705240331893	37.979850394483194	19.677312275566237	26.84249107123991	1.7577507939559247	19	3473.6613282724006	31.757750793955925	21.73868888618973	22.310751054931636	0.5942795069183973	19	3416.7239889733287	30.594279506918397	21.382366554200765	22.74969661598322	0	0	0	0	0	0	0	0	0	0	0	0	0	0	0	0	0	0	0	4	0	0	0	0	0	0	0	0	0	0
59	0.832944481267198	19	3346.548892104747	30.832944481267198	20.594147028336906	27.10721298110363	17.255059391740062	19	3272.2529765524855	47.25505939174006	20.136941394169135	30.117909182251356	2.2416712788125466	19	3560.982521319185	32.24167127881255	21.91373859273345	23.975610607142244	1.5796323877543337	19	3502.252160023497	31.579632387754334	21.55232098475999	23.554347844981915	0	0	0	0	0	0	0	0	0	0	0	0	0	0	0	0	0	0	0	4	0	0	0	0	0	0	0	0	0	0
60	17.158366518355194	4	3381.328316117535	12.841633481644806	20.46705664232556	27.05912044466185	14.593320977664003	18	3313.9793989046457	15.406679022335997	20.059396109384984	29.746007779301316	18.37396713687434	1	3592.4696936568166	11.626032863125658	21.74508767913332	22.074631928546506	15.356474820326397	15	3541.911707385113	14.643525179673603	21.439062037135624	23.547977702687774	0	1	0	0	1	0	0	0	0	0	0	0	0	0	0	1	0	0	1	0	0	0	0	0	0	0	0	0	0	0
61	17.69934208455286	4	3414.642597971871	12.300657915447138	20.33534053382752	26.285210435783476	1.7321032558375435	18	3399.9205118892055	31.732103255837544	20.24766557948906	31.28794234214489	19.212763052928004	1	3621.6851270551365	10.787236947071998	21.568348151196844	19.48181595558048	15.306885818687997	15	3581.705558292833	14.693114181312003	21.330256426557824	22.04102929684778	0	1	0	0	1	0	0	0	0	0	0	0	0	0	0	1	0	0	1	0	0	0	0	0	0	0	0	0	0	0
62	18.690935135881844	4	3445.271315312191	11.309064864118158	20.192066316848006	25.550884418911604	15.490476945004799	18	3439.2171368298177	14.509523054995201	20.15658395211614	29.679741373115228	11.649682545812677	1	3671.3839034935604	18.350317454187323	21.51726829886336	19.7864905134333	11.982679570927754	15	3630.502467788237	18.017320429072246	21.277670140883448	22.35413014983474	0	1	0	0	1	0	0	0	0	0	0	0	0	0	0	1	0	0	1	0	0	0	0	0	0	0	0	0	0	0
63	17.68997522374154	4	3478.610965747891	12.31002477625846	20.068909417776293	23.228821119801456	0.1343489658653496	18	3520.8309986123695	30.13434896586535	20.312486530455974	31.323757263752277	11.074208709548309	1	3722.6412549052	18.92579129045169	21.47677647060693	20.227494474917606	11.501232275725293	15	3680.603297041481	18.498767724274707	21.234249790623938	22.844602291736308	0	1	0	0	1	0	0	0	0	0	0	0	0	0	0	1	0	0	1	0	0	0	0	0	0	0	0	0	0	0
64	11.552727118750525	4	3528.572329801275	18.447272881249475	20.043961163368188	22.011472301463733	15.987244958116433	18	3558.7822101841375	14.012755041883567	20.215567584477938	29.07076253030984	11.20252918872	1	3773.5510716857502	18.79747081128	21.43555638354036	20.256706598552192	3.258752931806029	15	3753.0275078511727	26.74124706819397	21.31897282566348	24.075811495106546	0	1	0	0	1	0	0	0	0	0	0	0	0	0	0	1	0	0	1	0	0	0	0	0	0	0	0	0	0	0
65	11.528196690163199	4	3578.600130432083	18.4718033098368	20.020140589829836	22.469573531504494	16.123912679601233	18	3596.3632800102173	13.876087320398765	20.11951485320401	27.81773696643729	17.403653773676307	1	3807.6661760487104	12.596346226323693	21.301628956915863	20.10115718791953	10.511602664492305	15	3805.8085839681726	19.488397335507695	21.29123683338839	22.489185068330137	0	1	0	0	1	0	0	0	0	0	0	0	0	0	0	1	0	0	1	0	0	0	0	0	0	0	0	0	0	0
66	8.112049102216616	4	3637.879997446913	21.887950897783384	20.048018355620187	22.914930051869838	15.789085762855384	18	3634.8511727358173	14.210914237144616	20.031326784307602	25.29781889603018	17.214793701533537	1	3842.2927764403903	12.785206298466461	21.174518170968856	19.98458970379931	10.333663521876925	15	3859.0715785964226	19.666336478123075	21.266984589279954	23.029118800218757	0	1	0	0	1	0	0	0	0	0	0	0	0	0	0	1	0	0	1	0	0	0	0	0	0	0	0	0	0	0
67	13.077632471488247	4	3683.711409503299	16.922367528511753	20.002052902280358	20.25668879908741	15.968864821689236	18	3672.8521638437423	14.031135178310764	19.943088672454707	23.314845586299505	12.452521167813423	1	3889.817198277562	17.547478832186577	21.121179357163236	18.541530279586187	7.669801614830771	15	3919.5491992229227	22.33019838516923	21.282620086278328	21.625281867599924	0	1	0	0	1	0	0	0	0	0	0	0	0	0	0	1	0	0	1	0	0	0	0	0	0	0	0	0	0	0
68	16.173103217452798	4	3721.159254956031	13.826896782547202	19.91255788605234	16.915061691866438	0.860345622849227	18	3756.4322665722925	30.860345622849227	20.101309787677813	22.602895109136107	12.459572266057847	1	3937.322523390322	17.540427733942153	21.06928440610206	17.11979797358481	16.24700368850769	15	3956.7968975665476	13.75299631149231	21.17349510403505	19.941153548057315	0	1	0	0	1	0	0	0	0	0	0	0	0	0	0	1	0	0	1	0	0	0	0	0	0	0	0	0	0	0
69	18.671161388724187	4	3751.841526194903	11.328838611275815	19.789933324984105	14.964651104867297	15.82002480769846	18	3794.8363660514424	14.17997519230154	20.016719293458152	19.295386689192252	14.314540666722465	1	3979.803975751282	15.685459333277535	20.992372619347424	15.46417677903131	14.86683153064615	15	3997.7825621710476	15.13316846935385	21.087204723539607	18.296507156217274	0	1	0	0	1	0	0	0	0	0	0	0	0	0	0	1	0	0	1	0	0	0	0	0	0	0	0	0	0	0
70	17.72200355185772	4	3785.094433241955	12.277996448142279	19.68413139714126	14.908287401517049	1.7859845061599913	18	3880.9234074222923	31.78598450615999	20.182483592228603	20.93331723757466	16.372217779663757	1	4016.712552598026	13.627782220336243	20.888645994009238	15.664351714752371	14.970853042153848	15	4038.4865018485475	15.029146957846152	21.00187996627632	18.33506933403452	0	1	0	0	1	0	0	0	0	0	0	0	0	0	0	1	0	0	1	0	0	0	0	0	0	0	0	0	0	0
71	18.690626661320863	4	3815.723986034211	11.309373338679139	19.567815312995954	14.809158943840249	10.138315510283075	18	3934.715469581942	19.861684489716925	20.178028049138163	19.746275360962596	15.566198517168743	1	4055.804098280694	14.433801482831257	20.798995375798434	16.029008168328296	10.325524165292308	15	4091.7715405675476	19.674475834707692	20.98344379778231	18.833205499374092	0	1	0	0	1	0	0	0	0	0	0	0	0	0	0	1	0	0	1	0	0	0	0	0	0	0	0	0	0	0
72	1.4219318514815953	4	3900.825051465307	31.421931851481595	19.7302004710574	16.82044564257659	7.997422413895379	18	4037.6251552862423	37.99742241389538	20.422129341806073	22.095065296852614	16.341430879488	1	4092.796056315414	13.658569120512	20.70118131750684	15.55983333496076	16.30753803203077	15	4128.855291730798	13.692461967969232	20.88356733436021	18.40071965326379	0	1	0	0	1	0	0	0	0	0	0	0	0	0	0	1	0	0	1	0	0	0	0	0	0	0	0	0	0	0
73	0.6678335985526189	4	3983.883767461387	30.66783359855262	19.878006324131658	18.65622652480601	15.230834382747691	18	4077.6249788329674	14.769165617252309	20.345737940122913	20.558546961991308	16.380380942178466	1	4129.682524597014	13.619619057821534	20.605484530213797	15.029216111697744	14.843665500184613	15	4169.903697667798	15.156334499815387	20.806172296055554	18.066476330817856	0	1	0	0	1	0	0	0	0	0	0	0	0	0	0	1	0	0	1	0	0	0	0	0	0	0	0	0	0	0
74	1.8388790479488009	4	4070.114064882915	31.8388790479488	20.037484627115884	19.995387141475938	5.627852662338469	18	4174.117079793467	35.62785266233847	20.549499469752455	22.7200567240368	16.231322268683815	1	4166.972693452662	13.768677731316185	20.514327106228492	14.526336803701364	14.203713986123079	15	4212.685305622048	15.796286013876921	20.73937381229317	16.971980225386154	0	1	0	0	1	0	0	0	0	0	0	0	0	0	0	1	0	0	1	0	0	0	0	0	0	0	0	0	0	0
75	0.05741363663040744	4	4151.208569617041	29.942586363369593	20.167814913119223	21.14246544682922	15.793461808331815	18	4212.593120729235	14.206538191668185	20.466039452935558	22.75310181116374	15.933718218129231	1	4205.068873278562	14.066281781870769	20.429484404592205	14.67333035925607	7.722062898461541	15	4273.021385272048	22.27793710153846	20.75961806609903	17.25093420198923	0	1	0	0	1	0	0	0	0	0	0	0	0	0	0	1	0	0	1	0	0	0	0	0	0	0	0	0	0	0
76	1.4560809827039947	4	4236.40212227853	31.456080982703995	20.31441577116578	22.09927845532128	15.72897045553625	18	4251.243825745491	14.27102954446375	20.385584778799558	22.759113341895656	14.582091781023511	1	4246.82570803829	15.417908218976489	20.364398999584207	14.936600551307075	1.6231153516512045	15	4349.875447861326	28.376884648348796	20.858543606128247	18.121989019011803	0	1	0	0	1	0	0	0	0	0	0	0	0	0	0	1	0	0	1	0	0	0	0	0	0	0	0	0	0	0
77	2.4166224349343963	4	4324.197141373144	32.416622434934396	20.46957226685512	23.648703945963543	15.846881838336	18	4289.575187433332	14.153118161664	20.305681360631155	22.771311640230973	14.747433666183877	1	4288.134741859042	15.252566333816123	20.29886268335641	14.70710930147003	16.29379986106523	15	4386.996406570941	13.706200138934769	20.76684689501038	17.25958919438836	0	1	0	0	1	0	0	0	0	0	0	0	0	0	0	1	0	0	1	0	0	0	0	0	0	0	0	0	0	0
78	1.2196269706367993	4	4402.143984994336	28.7803730293632	20.57477227650712	25.144051570645146	15.06567594204923	18	4330.022315090282	14.93432405795077	20.237689496040264	21.17870948374113	15.090670931551017	1	4328.514174752758	14.909329068448983	20.230640738863915	14.443999434920713	12.022844138448743	15	4435.684537029309	17.977155861551257	20.73153435028305	17.682005149394254	0	1	0	0	1	0	0	0	0	0	0	0	0	0	0	1	0	0	1	0	0	0	0	0	0	0	0	0	0	0
79	1.7780268447456038	4	4488.2094743655225	31.778026844745604	20.714812958610104	27.188970393992122	0.683102194818467	18	4409.422246645982	29.316897805181533	20.35117959990453	22.69240174502913	16.247255427596308	1	4365.761191303018	13.752744572403692	20.149667036783164	14.250727958833329	7.569059680070403	15	4496.435000395784	22.430940319929597	20.752776924903632	18.411782334451825	0	1	0	0	1	0	0	0	0	0	0	0	0	0	0	1	0	0	1	0	0	0	0	0	0	0	0	0	0	0
80	6.937924458246641	4	4588.249686439941	36.93792445824664	20.91509828576611	29.65496319500256	15.465869531878893	18	4448.78551666381	14.534130468121107	20.279364178524485	20.967216341225242	15.873787239871016	1	4404.019684195034	14.126212760128984	20.075303403738047	14.300571012812602	10.55922417320862	15	4549.087101593344	19.44077582679138	20.736579380482492	18.852945221346346	0	1	0	0	1	0	0	0	0	0	0	0	0	0	0	1	0	0	1	0	0	0	0	0	0	0	0	0	0	0
81	1.210618713546463	4	4672.778445455796	31.210618713546463	21.040653412934162	31.645087732489294	0.6073194390616621	18	4531.680340144602	30.607319439061662	20.405314852433477	22.041779836159712	8.339893531285664	1	4462.682472547802	21.660106468714336	20.0946302703841	15.02320151140091	15.577000422408373	15	4588.149392115988	14.422999577591627	20.659584504837483	18.327797595634742	0	1	0	0	1	0	0	0	0	0	0	0	0	0	0	1	0	0	1	0	0	0	0	0	0	0	0	0	0	0
82	1.9408392915592643	4	4759.284885203769	31.940839291559264	21.17198095364049	31.696978476497055	15.51078674814831	18	4570.921959368367	14.48921325185169	20.334036519896348	19.690958919955346	16.33325591275422	1	4499.696571117426	13.666744087245782	20.01718585853906	15.024019008074287	14.416938312558273	15	4630.353517519477	15.583061687441727	20.598421579326686	18.516857567581994	0	1	0	0	1	0	0	0	0	0	0	0	0	0	0	1	0	0	1	0	0	0	0	0	0	0	0	0	0	0
83	18.86688373649428	4	4891.632695323441	48.86688373649428	21.50168217724589	33.51688349029122	14.76754069109797	18	4612.176536663311	15.23245930890203	20.2733034578607	19.73728828912032	10.982505324642464	1	4551.202285863186	19.017494675357536	20.005284773024997	15.563806569827886	15.575755534127262	15	4669.419179614549	14.424244465872738	20.52491947083319	18.44364856418773	0	1	0	0	1	0	0	0	0	0	0	0	0	0	0	1	0	0	1	0	0	0	0	0	0	0	0	0	0	0
84	5.845900405919991	4	4988.715342256141	35.84590040591999	21.670437685818527	33.91758562608834	0.8305589167458471	18	4691.177106263791	29.169441083254153	20.377963900512388	19.091447131211886	10.567497930371076	1	4603.831978968431	19.432502069628924	19.998546152985043	16.13018900365916	14.904181741623137	15	4710.3036873976525	15.095818258376863	20.461047691863115	18.37360178863772	0	1	0	0	1	0	0	0	0	0	0	0	0	0	0	1	0	0	1	0	0	0	0	0	0	0	0	0	0	0
85	4.550539881739191	4	5082.289721102518	34.55053988173919	21.820206316003652	34.37838097792531	14.330770287396918	18	4733.614603402091	15.669229712603082	20.323211177397162	19.237716283305378	10.691520281664005	1	4656.125778205591	19.308479718335995	19.99052212467517	16.654408797305685	1.201558470770209	15	4788.299466539316	28.79844152922979	20.557994131832494	19.025652231406852	0	1	0	0	1	0	0	0	0	0	0	0	0	0	0	1	0	0	1	0	0	0	0	0	0	0	0	0	0	0
86	4.481988987108913	4	5175.678441275938	34.48198898710891	21.965744047855438	34.680971778365794	4.769555214443088	18	4827.782148774541	34.76955521444309	20.48926110885746	21.287568850303312	10.500605706618096	1	4708.9366377501665	19.499394293381904	19.984876977189042	17.062557404746226	0.17656436917956952	15	4870.027661705844	30.17656436917957	20.668552410422688	19.205620203489932	0	1	0	0	1	0	0	0	0	0	0	0	0	0	0	1	0	0	1	0	0	0	0	0	0	0	0	0	0	0
87	1.4764308904615469	4	5252.929774280938	28.523569109538453	22.040264787192744	34.29166644582621	10.42184668565908	18	4880.806314000882	19.57815331434092	20.478907611192497	21.830072365571006	15.805286165537723	1	4747.380654385169	14.194713834462277	19.919079668748964	16.956772154810842	16.325600365393477	15	4907.06249404957	13.674399634606521	20.589073401606598	19.202440153057108	0	1	0	0	1	0	0	0	0	0	0	0	0	0	0	1	0	0	1	0	0	0	0	0	0	0	0	0	0	0
88	2.070445236849224	4	5339.787230130738	32.070445236849224	22.152963443930457	34.6206736665748	5.444776879633849	18	4976.802584716556	35.44477687963385	20.647063445669367	23.88111764773931	12.480364725275447	1	4794.829666587548	17.519635274724553	19.892119619377905	17.217802775438397	11.6216064478464	15	4956.837309919986	18.3783935521536	20.56423430217454	19.242563922117338	0	1	0	0	1	0	0	0	0	0	0	0	0	0	0	1	0	0	1	0	0	0	0	0	0	0	0	0	0	0
89	0.9025220778129217	4	5418.592899503328	29.09747792218708	22.23012471591109	34.35261877431894	8.705162234182154	18	5034.476103665646	21.294837765817846	20.65426093811546	23.07891164380294	12.19391736073846	1	4843.054473735548	17.80608263926154	19.868941430709945	17.623136582124182	11.389206321349292	15	5007.241542799665	18.610793678650708	20.54252940635761	18.86054925798945	0	1	0	0	1	0	0	0	0	0	0	0	0	0	0	1	0	0	1	0	0	0	0	0	0	0	0	0	0	0
90	2.7082694904516984	4	5507.177796039969	32.7082694904517	22.345269163982962	33.92965327753946	15.681945801673844	18	5073.254167119447	14.318054198326156	20.58463229262327	23.057304016823448	1.3539816612594464	1	4927.971507401458	31.353981661259446	19.995150664012687	19.34591347223723	16.406007243925664	15	5044.058606514032	13.593992756074337	20.466171860750098	18.275870950917746	0	1	0	0	1	0	0	0	0	0	0	0	0	0	0	1	0	0	1	0	0	0	0	0	0	0	0	0	0	0
91	0.8552307876886118	4	5590.744046089959	30.855230787688612	22.437768746849326	33.894114484953676	1.2682550636584686	18	5157.939024583522	31.26825506365847	20.700758627091044	23.12339757928313	0.7254853187136021	1	5011.186363472974	30.725485318713602	20.111784736346394	20.252451357237156	15.869989037638891	15	5082.32738620376	14.130010962361109	20.397300546637176	18.246572089394697	0	1	0	0	1	0	0	0	0	0	0	0	0	0	0	1	0	0	1	0	0	0	0	0	0	0	0	0	0	0
92	0.36829311828000044	4	5672.991506618634	30.36829311828	22.523043202456105	33.73685986762574	0.9999942317187696	18	5241.897342294427	30.99999423171877	20.81150309595801	24.77447567726984	1.2363466333055975	1	5095.784802271511	31.236346633305597	20.231403681474987	22.009411611843138	16.403083265641104	15	5119.152369025983	13.596916734358896	20.32417814005354	18.04795759408641	0	1	0	0	1	0	0	0	0	0	0	0	0	0	0	1	0	0	1	0	0	0	0	0	0	0	0	0	0	0
93	4.5698261735423955	4	5766.618119171978	34.569826173542396	22.65120046810596	32.307154111330554	15.12614050956923	18	5282.180711747677	14.87385949043077	20.748336674622614	24.738615695422713	3.2516438714879925	1	5185.84133775679	33.25164387148799	20.369916874985762	23.432826531456183	11.94565021648025	15	5168.049566356349	18.05434978351975	20.300031029877648	18.410968125851113	0	1	0	0	1	0	0	0	0	0	0	0	0	0	0	1	0	0	1	0	0	0	0	0	0	0	0	0	0	0
94	5.568743445580807	4	5862.950132670426	35.56874344558081	22.787174604710955	32.27943841529664	15.86304249046154	18	5320.468305002677	14.13695750953846	20.67874320972699	23.23536733805114	0.7340013768147671	1	5269.07925815233	30.734001376814767	20.479012501320806	24.562976462174767	8.9001184054992	15	5225.195079008122	21.0998815945008	20.30845050950526	19.011374459463507	0	1	0	0	1	0	0	0	0	0	0	0	0	0	0	1	0	0	1	0	0	0	0	0	0	0	0	0	0	0
95	0.3153129040319982	4	5945.054105118846	30.315312904031998	22.86559271199555	31.85591571752592	15.314553556342155	18	5360.241389120917	14.685446443657845	20.616313035080434	23.136989011156615	1.7728657611094079	1	5355.130769588668	31.772865761109408	20.59665680611027	25.809415066452107	4.993317883367624	15	5319.968648275576	34.993317883367624	20.461417877982992	19.63086209487729	0	1	0	0	1	0	0	0	0	0	0	0	0	0	0	1	0	0	1	0	0	0	0	0	0	0	0	0	0	0
96	1.3676469636479958	4	6022.600061258966	28.632353036352004	22.92504384936005	31.27095212245023	15.444615483139938	18	5399.662222187413	14.555384516860062	20.553829235923526	21.115571941398315	5.136429112844297	1	5450.291931769288	35.1364291128443	20.74655136597351	27.37311854839835	23.005523535810454	15	5463.525274518396	53.005523535810454	20.79692412187812	21.913758011540384	0	1	0	0	1	0	0	0	0	0	0	0	0	0	0	1	0	0	1	0	0	0	0	0	0	0	0	0	0	0
97	1.1965641945024075	4	6100.609366565522	28.803435805497593	22.985027440749207	31.29893879204614	0.17248148136369323	18	5481.379359532773	30.172481481363693	20.6519787486321	22.17500475810059	14.768969884275698	1	5491.542638332708	15.231030115724302	20.690270536889333	27.476750176524554	15.977107277902894	15	5501.5039423074095	14.022892722097106	20.7278013524926	21.948607320289437	0	1	0	0	1	0	0	0	0	0	0	0	0	0	0	1	0	0	1	0	0	0	0	0	0	0	0	0	0	0
98	3.3914029695744006	4	6191.044416274785	33.3914029695744	23.090142345080775	31.43103456531866	15.825013815413172	18	5519.7699471160295	14.174986184586828	20.58655458131851	20.048025688595892	14.769437955268803	1	5532.792077203854	15.230562044731197	20.635121966261472	27.247842853525214	16.031460786749534	15	5539.335402676629	13.968539213250466	20.659525977348743	21.50762188639913	0	1	0	0	1	0	0	0	0	0	0	0	0	0	0	1	0	0	1	0	0	0	0	0	0	0	0	0	0	0
99	2.966921211588918	4	6280.329827889505	32.96692121158892	23.188910133745857	31.817978894258847	1.5335629304861484	18	5605.17334671943	31.53356293048615	20.69602466481019	21.07189820506272	14.814854102438401	1	5573.918514009751	15.185145897561599	20.58062220557447	26.985749179355224	16.206552522854395	15	5576.692656260565	13.793447477145603	20.59086519234671	21.025887266248617	0	1	0	0	1	0	0	0	0	0	0	0	0	0	0	1	0	0	1	0	0	0	0	0	0	0	0	0	0	0
100	1.7380072706481293	4	6356.872724864834	28.26199272935187	23.23913867429641	31.373351218148862	14.814772400424367	18	5646.300004801614	15.185227599575633	20.64146231762965	21.158615545187665	14.943176840924677	1	5614.69741006558	15.056823159075323	20.525931125906165	25.35603332913681	12.072948124396792	15	5625.245088423657	17.92705187560321	20.564490803072022	21.459193178201502	0	1	0	0	1	0	0	0	0	0	0	0	0	0	0	1	0	0	1	0	0	0	0	0	0	0	0	0	0	0
101	4.416709450078521	4	6450.08464629213	34.41670945007852	23.34872270150996	31.729499084387857	15.6521521598592	18	5685.158759368662	14.3478478401408	20.579760214909168	19.4665748228359	14.351996528092068	1	5657.077419468664	15.648003471907932	20.478108305768927	23.84828514445624	16.14447355990154	15	5662.7704725322565	13.855526440098458	20.498716642650713	21.43174472597524	0	1	0	0	1	0	0	0	0	0	0	0	0	0	0	1	0	0	1	0	0	0	0	0	0	0	0	0	0	0
102	6.474937967627824	4	6548.870936621122	36.474937967627824	23.476161684676153	32.340163569322634	4.8098038824959986	18	5779.435311550422	34.809803882496	20.71791597867215	19.84755578791362	10.876307268124062	1	5708.870753950828	19.123692731875938	20.464958640002976	22.637019754313275	16.298308166163693	15	5699.879221248896	13.701691833836305	20.432726110526303	21.442222235922976	0	1	0	0	1	0	0	0	0	0	0	0	0	0	0	1	0	0	1	0	0	0	0	0	0	0	0	0	0	0
103	16.515909476798022	4	6674.85152478745	46.51590947679802	23.697697721138866	33.53477189964819	10.32374196304541	18	5832.725177067174	19.67625803695459	20.707900036924862	20.327795642566002	16.29279890177132	1	5745.994423591864	13.707201098228678	20.399980202101304	20.682575476987342	13.839468787554463	15	5743.647326615936	16.160531212445537	20.391647313429374	21.252840378815556	0	1	0	0	1	0	0	0	0	0	0	0	0	0	0	1	0	0	1	0	0	0	0	0	0	0	0	0	0	0
104	5.397085507773042	4	6770.718631371003	35.39708550777304	23.809120461963953	33.517606105867415	5.970343386619568	18	5930.144857072602	35.97034338661957	20.853256640255292	22.511134230274113	10.974663435222649	1	5797.521376788136	19.02533656477735	20.38688835793631	19.5117089957836	8.826117595015386	15	5800.993258129436	21.173882404984614	20.399097171444183	21.260240459863937	0	1	0	0	1	0	0	0	0	0	0	0	0	0	0	1	0	0	1	0	0	0	0	0	0	0	0	0	0	0
105	1.682502217964302	4	6856.525408211322	31.682502217964302	23.883397648341315	33.654325037260655	15.869328351407269	18	5968.415426120873	14.130671648592731	20.7898360271264	22.455656750767602	9.78169892016886	1	5852.279275546012	20.21830107983114	20.385297911916453	18.356252527655776	2.423641708903382	15	5888.807287757716	32.42364170890338	20.512536270854174	21.003272842417513	0	1	0	0	1	0	0	0	0	0	0	0	0	0	0	1	0	0	1	0	0	0	0	0	0	0	0	0	0	0
106	4.243971874619078	4	6949.269498705083	34.24397187461908	23.980225444848585	34.21548692108736	16.137640386335995	18	6005.959316741213	13.862359613664003	20.725093256907126	22.386354260447998	10.452775018912988	1	5905.219676536456	19.547224981087012	20.37746545461898	16.79733211448005	1.168998288383996	15	5973.223324788756	31.168998288383996	20.61212937382174	18.819620317674868	0	1	0	0	1	0	0	0	0	0	0	0	0	0	0	1	0	0	1	0	0	0	0	0	0	0	0	0	0	0
107	0.736467436504622	4	7028.524899397883	29.263532563495378	24.029144955206426	34.26149659688714	11.283165443778465	18	6056.650743664313	18.716834556221535	20.706498268937814	21.24078956793378	10.401102881467573	1	5958.300022899148	19.598897118532427	20.370256488544104	17.23411881476086	14.119541696359386	15	6016.232899361116	15.880458303640614	20.5683176046534	19.005376875829217	0	1	0	0	1	0	0	0	0	0	0	0	0	0	0	1	0	0	1	0	0	0	0	0	0	0	0	0	0	0
108	3.6665985876834526	4	7119.705270572859	33.66659858768345	24.117561961008967	34.28901615869804	13.795114834435939	18	6100.538974321049	16.20488516556406	20.665199066154567	21.443779466031508	14.969213558528487	1	5999.0084028448	15.030786441471513	20.321270524809496	17.214141254434892	15.64717211654031	15	6055.105141545487	14.35282788345969	20.511294763174558	19.04380574285014	0	1	0	0	1	0	0	0	0	0	0	0	0	0	0	1	0	0	1	0	0	0	0	0	0	0	0	0	0	0
109	0.6349307482781512	4	7199.23566646294	29.36506925172185	24.16526657274272	33.92883096271133	0.3829991240927981	18	6180.751685026631	29.617000875907202	20.746579082606864	21.252123260573615	15.766517421053543	1	6037.55741816278	14.233482578946457	20.265926998028924	17.11897492257338	10.625914959035079	15	6107.576621864767	19.37408504096492	20.50095649297265	19.601869499232073	0	1	0	0	1	0	0	0	0	0	0	0	0	0	0	1	0	0	1	0	0	0	0	0	0	0	0	0	0	0
110	0.39172015473083377	4	7281.546575215336	30.391720154730834	24.22136074915703	34.14180370524923	15.057932765517787	18	6221.219783786687	14.942067234482213	20.69428618307421	21.22780722406427	16.2797265287328	1	6074.716492147462	13.7202734712672	20.206957146436476	16.985319953792565	10.605292406843077	15	6160.1039549295665	19.394707593156923	20.49099028666801	19.748635070987444	0	1	0	0	1	0	0	0	0	0	0	0	0	0	0	1	0	0	1	0	0	0	0	0	0	0	0	0	0	0
111	5.336219997201226	4	7377.248837707756	35.336219997201226	24.32060056387171	34.2337547599615	15.896688232053416	18	6259.416253158209	14.103311767946584	20.635438197224858	21.20335361684485	16.262645612975263	1	6111.921826945654	13.737354387024737	20.149192836084588	16.794255045304247	10.681989822920862	15	6212.423565825822	19.318010177079138	20.480517249975247	20.294883444685514	0	1	0	0	1	0	0	0	0	0	0	0	0	0	0	1	0	0	1	0	0	0	0	0	0	0	0	0	0	0
112	2.4936658607438673	4	7465.252516080604	32.49366586074387	24.392928575348456	33.835627549273106	9.7976545539744	18	6314.130938741195	20.2023454460256	20.631605518010705	19.742607773197808	16.2622234187904	1	6149.12830518643	13.737776581209602	20.092454639138793	16.25566343023761	15.466603687526398	15	6251.784847505438	14.533396312473602	20.4278878611478	20.37805389254924	0	1	0	0	1	0	0	0	0	0	0	0	0	0	0	1	0	0	1	0	0	0	0	0	0	0	0	0	0	0
113	5.293967423379691	4	7560.840344518924	35.29396742337969	24.488551723138205	32.71343334393127	1.3656108024295364	18	6399.079467997774	31.365610802429536	20.725763459102097	20.9115430497453	16.26475658389957	1	6186.327922771702	13.735243416100433	20.036689628410386	16.25846766202479	15.751993165209598	15	6290.373199349662	14.248006834790402	20.373678378460454	20.18680145478373	0	1	0	0	1	0	0	0	0	0	0	0	0	0	0	1	0	0	1	0	0	0	0	0	0	0	0	0	0	0
114	0.015134391724796359	4	7642.049355541336	29.984865608275204	24.536345756922007	32.17221135398149	11.031614014330337	18	6450.452180042296	18.968385985669663	20.71048191585486	19.211347309650314	10.542351106706217	1	6239.025721857706	19.457648893293783	20.031654491583286	16.30169889487643	14.35249672878868	15	6332.751854042526	15.64750327121132	20.33258120361481	19.6341635414064	0	1	0	0	1	0	0	0	0	0	0	0	0	0	0	1	0	0	1	0	0	0	0	0	0	0	0	0	0	0
115	0.8206211104098386	4	7725.521871048696	30.82062111040984	24.590520544452072	32.08602324322604	3.043694761683696	18	6539.945520021856	33.043694761683696	20.816802716249935	21.102649620959408	0.6653077231606055	1	6318.473846774146	29.334692276839395	20.11185309318032	17.213338014577257	2.045764955714958	15	6419.5424674642545	32.04576495571496	20.433556925615676	19.596375866087556	0	1	0	0	1	0	0	0	0	0	0	0	0	0	0	1	0	0	1	0	0	0	0	0	0	0	0	0	0	0
116	1.9739691888339692	4	7812.118037601788	31.97396918883397	24.653626943122003	31.85902297464753	15.492088307144861	18	6579.2377808566725	14.507911692855139	20.76288057075083	21.16720482887852	0.9942956476467693	1	6402.416730819857	30.99429564764677	20.204865422705673	18.358045081233232	0.10755377215014406	15	6501.083758930495	30.107553772150144	20.516240659346742	19.49023141446417	0	1	0	0	1	0	0	0	0	0	0	0	0	0	0	1	0	0	1	0	0	0	0	0	0	0	0	0	0	0
117	0.7539809308534196	4	7891.32600591406	29.24601906914658	24.692545520461195	31.857271625212654	15.446097735371817	18	6618.654599490041	14.553902264628183	20.710262110529452	20.75091159971919	0.6891209729841279	1	6485.533100121688	30.689120972984128	20.29371504601312	19.4670674666784	16.229781808364308	15	6538.378099866175	13.770218191635692	20.459070977416985	19.279207403263676	0	1	0	0	1	0	0	0	0	0	0	0	0	0	0	1	0	0	1	0	0	0	0	0	0	0	0	0	0	0
118	1.6674060745561832	4	7977.091897365984	31.667406074556183	24.75115779402502	31.657352373899926	5.9998215845460905	18	6716.154116281519	35.99982158454609	20.838745803588417	22.730405241617394	0.7326721754377878	1	6564.798779646544	29.267327824562212	20.369123556757227	20.890721604987473	16.093925750642214	15	6576.040384291519	13.906074249357786	20.404003778021533	19.23453203985349	0	1	0	0	1	0	0	0	0	0	0	0	0	0	0	1	0	0	1	0	0	0	0	0	0	0	0	0	0	0
119	4.018621222096243	4	8069.225663175827	34.01862122209624	24.828386655925613	32.12270757093736	5.271186225342284	18	6783.127986921218	24.728813774657716	20.871163036680663	22.24158653149244	0.5846042100657236	1	6647.632082715472	30.584604210065724	20.454252562201464	22.5258337680994	11.75990581244308	15	6625.440639382819	18.24009418755692	20.385971198100997	19.12113295451269	0	1	0	0	1	0	0	0	0	0	0	0	0	0	0	1	0	0	1	0	0	0	0	0	0	0	0	0	0	0
120	7.119494956822891	4	8169.757628683889	37.11949495682289	24.929966063371047	32.79548505114657	5.893634374492066	18	6880.339913352133	35.893634374492066	20.995315692365054	24.336743245493427	1.2310392345599936	1	6725.548018121873	28.768960765440006	20.522969158922443	24.03070249751668	16.184836673499696	15	6662.856706725424	13.815163326500304	20.331667000815038	18.56317852784703	0	1	0	0	1	0	0	0	0	0	0	0	0	0	0	1	0	0	1	0	0	0	0	0	0	0	0	0	0	0
