task	r0_energy	r0_config	r0_reward	r0_rate	r0_avgrate	r0_rollrate	r1_energy	r1_config	r1_reward	r1_rate	r1_avgrate	r1_rollrate	r2_energy	r2_config	r2_reward	r2_rate	r2_avgrate	r2_rollrate	r3_energy	r3_config	r3_reward	r3_rate	r3_avgrate	r3_rollrate	c0	c1	c2	c3	c4	c5	c6	c7	c8	c9	c10	c11	c12	c13	c14	c15	c16	c17	c18	c19	c20	c21	c22	c23	c24	c25	c26	c27	c28	c29
0	14.793779177472002	0	41.18351472768	15.206220822527998	15.206220822527998	15.206220822527998	18.531544120125044	0	31.060401341328003	11.468455879874956	11.468455879874956	11.468455879874956	4.599506975640377	0	68.79300194097398	25.400493024359623	25.400493024359623	25.400493024359623	18.71356031675077	0	30.567440808799997	11.286439683249231	11.286439683249231	11.286439683249231	4	0	0	0	0	0	0	0	0	0	0	0	0	0	0	0	0	0	0	0	0	0	0	0	0	0	0	0	0	0
1	18.35890092505846	0	72.71149138898	11.64109907494154	13.42365994873477	13.42365994873477	10.7663178004752	0	83.15162396504101	19.2336821995248	15.351069039699878	15.351069039699878	11.217487384886773	0	119.66230694023898	18.782512615113227	22.091502819736426	22.091502819736426	13.13954622766671	0	76.23116977553599	16.86045377233329	14.07344672779126	14.07344672779126	4	0	0	0	0	0	0	0	0	0	0	0	0	0	0	0	0	0	0	0	0	0	0	0	0	0	0	0	0	0
2	18.11337104488615	1	104.90444480907999	11.88662895511385	12.911316284194463	12.911316284194463	8.300114946090087	1	141.922145986047	21.699885053909913	17.467341044436555	17.467341044436555	11.777893344880244	1	169.01384579785497	18.222106655119756	20.801704098197536	20.801704098197536	17.083815537561605	1	111.21250269463998	12.916184462438395	13.687692639340305	13.687692639340305	0	4	0	0	0	0	0	0	0	0	0	0	0	0	0	0	0	0	0	0	0	0	0	0	0	0	0	0	0	0
3	17.187199665301662	1	139.605779048888	12.81280033469834	12.886687296820432	12.886687296820432	8.503997874701902	1	200.14048507539601	21.496002125298098	18.47450631465194	18.47450631465194	10.061437055493418	1	223.01412043922696	19.938562944506582	20.5859188097748	20.5859188097748	16.53001627451077	1	147.69370861783997	13.469983725489229	13.633265410877536	13.633265410877536	0	4	0	0	0	0	0	0	0	0	0	0	0	0	0	0	0	0	0	0	0	0	0	0	0	0	0	0	0	0
4	18.339209416726156	2	171.187086878588	11.660790583273844	12.641507954111114	12.641507954111114	15.239963801020798	2	240.11558311429803	14.760036198979202	17.731612291517393	17.731612291517393	10.562381404705473	2	275.65767080148294	19.437618595294527	20.356258766878746	20.356258766878746	15.613093127754833	2	186.65824806350398	14.386906872245167	13.783993703151063	13.783993703151063	0	0	4	0	0	0	0	0	0	0	0	0	0	0	0	0	0	0	0	0	0	0	0	0	0	0	0	0	0	0
5	17.79695012070794	2	204.237013635004	12.203049879292061	12.56843160830794	12.56843160830794	13.272171624502153	2	285.420118297938	16.727828375497847	17.564314972180803	17.564314972180803	17.18697775002683	2	310.3596060618269	12.81302224997317	19.099052680727816	19.099052680727816	7.686806771150756	2	288.72668306870395	37.686806771150756	17.767795881151013	17.767795881151013	0	0	4	0	0	0	0	0	0	0	0	0	0	0	0	0	0	0	0	0	0	0	0	0	0	0	0	0	0	0
6	15.939746100568616	3	242.316867945964	14.060253899431384	12.781549078468432	12.781549078468432	15.027617449540427	3	325.97032103876603	14.972382550459573	17.194038911934914	17.194038911934914	16.701107541489968	3	346.37743980362495	13.298892458510034	18.270458363268133	18.270458363268133	15.208180517966767	3	328.78786083254397	14.791819482033233	17.34265639556276	17.34265639556276	0	0	0	4	0	0	0	0	0	0	0	0	0	0	0	0	0	0	0	0	0	0	0	0	0	0	0	0	0	0
7	16.897448281984985	3	277.80294551558796	13.102551718015015	12.821674408411756	12.821674408411756	2.987980705777474	3	415.31276878358005	32.987980705777474	19.168281636165233	19.168281636165233	18.109837213586214	3	378.57996401682897	11.890162786413786	17.47292141616134	17.47292141616134	14.151639930653538	3	371.71050268702396	15.848360069346462	17.15586935478572	17.15586935478572	0	0	0	4	0	0	0	0	0	0	0	0	0	0	0	0	0	0	0	0	0	0	0	0	0	0	0	0	0	0
8	16.854367988294396	4	313.40569888062396	13.145632011705604	12.857669697666628	12.857669697666628	14.665079355754338	4	456.84484552841207	15.334920644245662	18.74235263706306	18.74235263706306	16.790383232464983	4	414.35600942890295	13.209616767535016	16.999220899647305	16.999220899647305	8.686717759789293	4	429.43397542092794	21.313282240210707	17.61780411983294	17.61780411983294	0	0	0	0	4	0	0	0	0	0	0	0	0	0	0	0	0	0	0	0	0	0	0	0	0	0	0	0	0	0
9	18.150622743579326	4	345.49776228342995	11.849377256420675	12.756840453542033	12.756840453542033	2.5348593937565553	4	544.9600897198361	32.534859393756555	20.12160331273241	20.12160331273241	14.041747920124063	4	457.57627547856697	15.958252079875937	16.895124017670167	16.895124017670167	13.102583257828428	4	546.1701384108799	43.10258325782843	20.16628203363249	20.16628203363249	0	0	0	0	4	0	0	0	0	0	0	0	0	0	0	0	0	0	0	0	0	0	0	0	0	0	0	0	0	0
10	7.175202288835937	5	407.31492275116597	22.824797711164063	13.672109295144036	13.518698142405636	16.213206462130707	5	582.2993222182321	13.786793537869293	19.545711515017583	20.353437078531844	11.54613233796923	5	507.55550039656697	18.45386766203077	17.036827985339315	16.20046148143728	16.415265038272985	5	582.9621289322239	13.584734961727014	19.567959572550173	20.396111561480264	0	0	0	0	0	4	0	0	0	0	0	0	0	0	0	0	0	0	0	0	0	0	0	0	0	0	0	0	0	0
11	16.440136312201847	5	444.03955357228597	13.559863687798153	13.66275549453188	13.710574603691299	11.361032760575998	5	632.779858491672	18.638967239424	19.47014949205145	20.293965582521764	10.933500850146462	5	559.193935594087	19.066499149853538	17.205967249048832	16.22886013491131	7.086974396486397	5	645.0182399417399	22.913025603513603	19.846715075130458	21.0013687445983	0	0	0	0	0	4	0	0	0	0	0	0	0	0	0	0	0	0	0	0	0	0	0	0	0	0	0	0	0	0
12	12.974445556873846	6	490.15043018908597	17.025554443126154	13.92143233673144	14.224467152492531	16.342122390758398	6	669.7699436833681	13.6578776092416	19.02305165491223	19.48976483805493	1.6977614764504594	6	645.042039592807	31.69776147645046	18.320720651156652	17.576425617044382	10.858205810115695	6	696.86059920601	19.141794189884305	19.792490391649984	21.623929717342893	0	0	0	0	0	0	4	0	0	0	0	0	0	0	0	0	0	0	0	0	0	0	0	0	0	0	0	0	0	0
13	15.801218665188182	6	528.605462970868	14.198781334811818	13.941242979451468	14.363065252503878	16.404578192088373	6	706.5908777464621	13.595421807911627	18.6353638086979	18.699706806316286	16.38930970112788	6	681.904325818919	13.610690298872122	17.984289911707755	16.94363835248094	6.468888195644304	6	795.63050473588	36.468888195644304	20.983661663363865	23.923820164358396	0	0	0	0	0	0	4	0	0	0	0	0	0	0	0	0	0	0	0	0	0	0	0	0	0	0	0	0	0	0
14	14.769764605140187	7	569.85401716528	15.230235394859813	14.027175807145358	14.720009733662476	16.215237611779937	7	743.924609214558	13.784762388220063	18.311990380666046	18.602179425240372	13.285262262332306	7	727.173407191769	16.714737737667694	17.899653100105084	16.671350266718257	11.368856365442959	7	846.0898520794719	18.63114363455704	20.826827128110075	24.348243840589582	0	0	0	0	0	0	0	4	0	0	0	0	0	0	0	0	0	0	0	0	0	0	0	0	0	0	0	0	0	0
15	1.143945618706713	7	654.202203215944	31.143945618706713	15.096973920367942	16.61409930760394	14.59580109503483	7	785.644314582172	15.40419890496517	18.130253413434744	18.469816478187106	16.403340937576985	7	763.997692152498	13.596659062423015	17.630715972749954	16.749713947963237	15.909391443701173	7	884.2519169194479	14.090608556298827	20.40581346737187	21.988624019104392	0	0	0	0	0	0	0	4	0	0	0	0	0	0	0	0	0	0	0	0	0	0	0	0	0	0	0	0	0	0
16	6.462693530586471	8	752.955331527949	36.46269353058647	16.353780956263147	18.854343270719447	15.906047959200002	8	823.8154346926719	14.093952040799998	17.892823920926816	18.381973427221144	15.125750771383386	8	804.2821171466679	14.874249228616614	17.468570870153876	16.907249624973893	15.989150192004928	8	922.1979684827679	14.010849807995072	20.029639134467356	21.910527051700576	0	0	0	0	0	0	0	0	4	0	0	0	0	0	0	0	0	0	0	0	0	0	0	0	0	0	0	0	0	0
17	9.974170523850464	8	807.1919530258541	20.025829476149536	16.55778365181239	19.5466710465329	16.004417750112736	8	861.7201366194499	13.995582249887265	17.676310494757953	16.48273358163212	15.524496405835201	8	843.4866060475309	14.475503594164799	17.302289354821152	17.165783705748996	16.008510964918155	8	960.0915846194479	13.991489035081845	19.69418635116816	21.724839948274116	0	0	0	0	0	0	0	0	4	0	0	0	0	0	0	0	0	0	0	0	0	0	0	0	0	0	0	0	0	0
18	10.724916968444308	9	859.3953029029841	19.275083031555692	16.700799408640986	20.159616148517905	1.4833964334395056	9	946.987668626682	31.483396433439506	18.40299922837277	18.097581160551506	0.5506007683986489	9	926.2278164619439	30.55060076839865	17.999568902904176	18.89988210583536	15.938124818321722	9	998.1758299031599	14.061875181678278	19.397748921195006	20.999699242420874	0	0	0	0	0	0	0	0	0	4	0	0	0	0	0	0	0	0	0	0	0	0	0	0	0	0	0	0	0	0
19	9.86163841063754	9	913.9366988741741	20.13836158936246	16.87267751767706	20.988514581812087	5.441271932186581	9	1013.50089047701	24.55872806781342	18.710785670344805	17.299968027957192	7.00793761678154	9	1026.4576475073939	37.00793761678154	18.949987338598042	21.004850659525918	13.766640255972924	9	1042.1411792099	16.233359744027076	19.239529462336613	18.312776891040738	0	0	0	0	0	0	0	0	0	4	0	0	0	0	0	0	0	0	0	0	0	0	0	0	0	0	0	0	0	0
20	12.02452781722597	10	962.6202693691871	17.97547218277403	16.925191549348344	20.503582028973085	10.130093189084302	10	1067.31522142324	19.869906810915698	18.765981915133896	17.908279355261836	18.360314695532303	10	1057.9817952069939	11.639685304467697	18.60187771792517	20.32343242376961	18.23908443506511	10	1073.993658864932	11.76091556493489	18.883404991031767	18.130394951361527	0	0	0	0	0	0	0	0	0	0	4	0	0	0	0	0	0	0	0	0	0	0	0	0	0	0	0	0	0	0
21	18.154017945984002	10	994.7031374321471	11.845982054016	16.694318390469604	20.332193865594867	10.487570066840867	10	1120.161385825546	19.512429933159133	18.79991137049868	17.99562562463535	11.935443960220798	10	1106.906634481396	18.0645560397792	18.57745400528217	20.22323811276218	18.165022749300554	10	1106.046722252243	11.834977250699446	18.563021911925752	17.022590116080107	0	0	0	0	0	0	0	0	0	0	4	0	0	0	0	0	0	0	0	0	0	0	0	0	0	0	0	0	0	0
22	18.147538375347693	11	1026.8035543322471	11.852461624652307	16.48380287891233	19.81488458374748	9.256919737081112	11	1226.482210113474	39.25691973708111	19.68934651687183	20.5555298374193	4.863755077608367	11	1201.329304483252	34.86375507760837	19.28555405190505	20.53983747287797	0.0015264313561829113	11	1187.29258816732	29.998473568643817	19.060215462217844	18.108258053956057	0	0	0	0	0	0	0	0	0	0	0	4	0	0	0	0	0	0	0	0	0	0	0	0	0	0	0	0	0	0
23	18.141667227611077	11	1058.9198722574672	11.858332772388923	16.291074957807187	19.580839727505197	12.147824529208616	11	1274.831852013534	17.852175470791384	19.612797723285144	20.981205203707276	11.429014268196923	11	1251.6257241735518	18.570985731803077	19.2557803719008	21.035867016171068	14.795010104535876	11	1228.472769134202	15.204989895464124	18.899581063603105	15.98186822393804	0	0	0	0	0	0	0	0	0	0	0	4	0	0	0	0	0	0	0	0	0	0	0	0	0	0	0	0	0	0
24	0.06798085665710119	12	1140.3539870775803	30.0679808566571	16.842151193761183	21.064614273684924	16.527578846470156	12	1311.319659304344	13.472421153529842	19.367182660494933	20.949971080238253	11.717656011196432	12	1301.140405809895	18.282343988803568	19.216842916576912	21.192627641284655	9.318111545030398	12	1284.486217033078	20.681888454969602	18.970873359257766	16.1869427059793	0	0	0	0	0	0	0	0	0	0	0	0	4	0	0	0	0	0	0	0	0	0	0	0	0	0	0	0	0	0
25	18.40760827380923	12	1171.7500480026804	11.59239172619077	16.640237368085398	19.10945888443333	16.263336500406645	12	1348.523122949076	13.736663499593353	19.150624231229486	20.783217539701074	17.11750064054548	12	1336.0305082417508	12.882499359454522	18.97321431822605	21.121211670987805	14.357157852609232	12	1326.852247848928	15.642842147390768	18.84287215880134	16.342166065088495	0	0	0	0	0	0	0	0	0	0	0	0	4	0	0	0	0	0	0	0	0	0	0	0	0	0	0	0	0	0
26	18.346192689554954	13	1203.3124428018025	11.653807310445044	16.455554773357978	16.62857026241919	1.0459485388800047	13	1432.605900241876	31.045948538880005	19.59119179817951	22.478417189509074	17.172034187736372	13	1370.7729156499647	12.82796581226363	18.745612521708924	20.916583329352505	0.8912326766104606	13	1410.516003014748	30.89123267661046	19.289107733535015	18.030204351950033	0	0	0	0	0	0	0	0	0	0	0	0	0	4	0	0	0	0	0	0	0	0	0	0	0	0	0	0	0	0
27	12.941336615418095	13	1249.5129894683785	17.058663384581905	16.477094366615976	16.331853653262424	4.332766974328614	13	1502.121323019736	25.667233025671386	19.808193270589932	23.645582267087484	14.192946985078896	13	1413.5836842320427	15.807053014921104	18.640663967895073	21.04973827142814	11.589207347928003	13	1460.378566447443	18.410792652071997	19.257739337768477	18.472134713649048	0	0	0	0	0	0	0	0	0	0	0	0	0	4	0	0	0	0	0	0	0	0	0	0	0	0	0	0	0	0
28	13.003411490268924	14	1295.5454166822335	16.996588509731076	16.495007957757874	16.104004201079963	0.967365172944735	14	1585.991270363128	30.967365172944735	20.192992301705615	23.593979141038005	16.18595605248074	14	1450.9967199232408	13.814043947519258	18.474228794778664	19.376082589340196	1.0699770315382153	14	1544.5264209078591	31.069977031538215	19.665057878932952	20.17294489863504	0	0	0	0	0	0	0	0	0	0	0	0	0	0	4	0	0	0	0	0	0	0	0	0	0	0	0	0	0	0
29	18.4144633543632	14	1326.9229117641664	11.585536645636799	16.331358914020505	15.248721706707396	0.841578408236316	14	1669.5205452187681	30.841578408236316	20.547945171923303	24.222264175080294	16.764136745017847	14	1486.8438495721507	13.235863254982153	18.299616610118782	16.998875153160256	6.16780473102461	14	1642.4808920543842	36.16780473102461	20.21514944066934	22.16638939733479	0	0	0	0	0	0	0	0	0	0	0	0	0	0	4	0	0	0	0	0	0	0	0	0	0	0	0	0	0	0
30	17.02855106668874	15	1362.0539192918845	12.971448933311262	16.2229747210944	14.748319381761117	14.421581773809232	15	1711.712094581368	15.578418226190768	20.387637851093224	23.7931153166078	16.887889642784494	15	1522.3558151229427	13.112110357215506	18.132277698734807	17.14611765843504	10.6564054894464	15	1694.8697938538003	19.3435945105536	20.18703476550432	22.924657291896665	0	0	0	0	0	0	0	0	0	0	0	0	0	0	0	4	0	0	0	0	0	0	0	0	0	0	0	0	0	0
31	16.532162669395202	15	1398.5293120622725	13.467837330604798	16.1368766776416	14.910504909419998	15.478337833677784	15	1751.041596281824	14.521662166322216	20.20432611094413	23.29403853992411	16.356668553954464	15	1559.3065044559826	13.643331446045536	17.991998128338267	16.703995199061673	11.01632275305009	15	1746.2839197309563	18.98367724694991	20.149429843049493	23.63952729152171	0	0	0	0	0	0	0	0	0	0	0	0	0	0	0	4	0	0	0	0	0	0	0	0	0	0	0	0	0	0
32	15.970581838772311	16	1436.5256529155974	14.029418161227689	16.073014298356327	15.128200563077536	16.107677907904986	16	1788.666635281248	13.892322092095016	20.013053261888096	20.7575787754255	16.22375155376197	16	1596.6171773312105	13.77624844623803	17.864248137971593	14.59524453592464	10.303710475391266	16	1799.6280371934383	19.696289524608734	20.135698318248256	22.609308887118203	0	0	0	0	0	0	0	0	0	0	0	0	0	0	0	0	4	0	0	0	0	0	0	0	0	0	0	0	0	0
33	16.05380962168246	16	1474.2965851902075	13.946190378317537	16.010460653649304	15.336986323670397	16.19322320555815	16	1826.0599890995281	13.806776794441848	19.830515718727913	20.353038907790545	9.13606127411077	16	1653.1236780471606	20.86393872588923	17.952474331733878	14.824539835333251	12.958094304626215	16	1845.7831984517422	17.041905695373785	20.044704417575478	22.79300046710917	0	0	0	0	0	0	0	0	0	0	0	0	0	0	0	0	4	0	0	0	0	0	0	0	0	0	0	0	0	0
34	14.69963076927692	17	1515.7350851900824	15.30036923072308	15.990172327279984	13.860225161076997	16.142510271804923	17	1863.590690446723	13.857489728195077	19.659857833284118	20.39154576525707	14.8628535498048	17	1694.1201163497726	15.1371464501952	17.872036392261347	14.510020081472415	7.91620227311077	17	1905.5934839620672	22.08379772688923	20.10296422641301	22.93319139430113	0	0	0	0	0	0	0	0	0	0	0	0	0	0	0	0	0	4	0	0	0	0	0	0	0	0	0	0	0	0
35	16.34022028173637	17	1552.7303219270464	13.659779718263628	15.92543919925175	14.06696396028428	16.25690465087409	17	1900.811573683939	13.743095349125909	19.49550331983528	20.39218895021033	16.258564701926396	17	1731.3365036153887	13.741435298073602	17.75729747297835	14.595913675334325	5.048220856356188	17	2000.5157487813653	35.04822085635619	20.518110243911437	24.873729265197674	0	0	0	0	0	0	0	0	0	0	0	0	0	0	0	0	0	4	0	0	0	0	0	0	0	0	0	0	0	0
36	14.431087012903381	18	1594.8961279337664	15.568912987096619	15.91580335567999	14.458474527949438	12.926380314158397	18	1947.0526269997602	17.073619685841603	19.430047005403015	18.99495606490649	10.461000775847626	18	1784.2546265141348	19.538999224152374	17.805451574361435	15.267017016523202	0.7957541926685501	18	2083.9209163865094	30.79575419266855	20.795884404688657	24.864181416803483	0	0	0	0	0	0	0	0	0	0	0	0	0	0	0	0	0	0	4	0	0	0	0	0	0	0	0	0	0	0
37	13.569513422471633	18	1639.3953624145724	16.430486577528367	15.929347650991788	14.395656847244084	12.16925582662153	18	2061.26102819686	42.16925582662153	20.028447237540348	20.6451583450015	15.944510837523692	18	1822.3215763291748	14.055489162476308	17.706768352996036	15.091860631278717	14.669026439943138	18	2125.4423031116635	15.330973560056862	20.652070961408874	24.556199507601967	0	0	0	0	0	0	0	0	0	0	0	0	0	0	0	0	0	0	4	0	0	0	0	0	0	0	0	0	0	0
38	5.619054848483451	19	1735.8636359625484	35.61905484848345	16.43421193810696	16.25790348111932	12.66282771797502	19	2176.8061865997092	42.66282771797502	20.608815967807903	21.81470459950453	0.4587144332787787	19	1904.813927919305	30.45871443327878	18.033741329413544	16.75632767985467	4.2246287958003705	19	2218.1340061002893	34.22462879580037	21.00008526485481	24.871664684028183	0	0	0	0	0	0	0	0	0	0	0	0	0	0	0	0	0	0	0	4	0	0	0	0	0	0	0	0	0	0
39	7.5696683252935415	19	1837.6148210102185	37.56966832529354	16.96259834778662	18.856316649085	11.583474564671626	19	2289.428096879028	41.583474564671626	21.133182432729495	22.888894215148063	0.42972305658830834	19	1987.2277611975649	30.42972305658831	18.34364087259291	18.475713660015288	16.58672536262251	19	2344.306387290725	46.58672536262251	21.639751267299	25.913556747187975	0	0	0	0	0	0	0	0	0	0	0	0	0	0	0	0	0	0	0	4	0	0	0	0	0	0	0	0	0	0
40	10.477495698930465	8	1890.4882701589486	19.522504301069535	17.025035078354495	19.511422185860827	4.6073801621538415	18	2358.199775606528	25.39261983784616	21.237071149927463	23.870314376313598	1.8746935647064618	19	2073.555056268645	31.87469356470646	18.673666548010317	20.351971980764382	16.340496371753353	17	2381.300876283893	13.659503628246647	21.445111080980652	25.34514765895728	0	0	0	0	0	0	0	0	1	0	0	0	0	0	0	0	0	1	1	1	0	0	0	0	0	0	0	0	0	0
41	9.003514150980926	8	1947.3537526667085	20.996485849019074	17.119593430036986	20.264287037702253	12.371831578958773	18	2405.942731746848	17.628168421041227	21.15114489447779	24.180965001785502	7.864916735890702	19	2176.105872428349	37.8649167358907	19.130601076293182	22.774130509748897	13.233795443239384	17	2426.709346958453	16.766204556760616	21.3337085446897	25.123400389938347	0	0	0	0	0	0	0	0	1	0	0	0	0	0	0	0	0	1	1	1	0	0	0	0	0	0	0	0	0	0
42	15.72850065497354	8	1986.0057300594885	14.27149934502646	17.053358683873952	20.28849515608213	15.19245686113477	18	2446.046494414608	14.80754313886523	21.00361927225424	24.272487106462528	6.494833008018453	19	2274.946045158399	36.49483300801845	19.534420423542606	25.04598896592694	16.30557320245071	17	2463.7984195351487	13.69442679754929	21.156050829639923	24.523214117232406	0	0	0	0	0	0	0	0	1	0	0	0	0	0	0	0	0	1	1	1	0	0	0	0	0	0	0	0	0	0
43	15.958571904605542	8	2024.0345978178486	14.041428095394458	16.984905715953964	20.298018927789823	0.3155707761821489	18	2528.1511652667677	30.31557077618215	21.21525453370715	25.923366504636554	6.51068669132308	19	2373.8291549473993	36.51068669132308	19.92024465690125	26.610663762470324	1.148793106161225	17	2548.1597341976685	31.148793106161225	21.38315860865177	25.93390285831115	0	0	0	0	0	0	0	0	1	0	0	0	0	0	0	0	0	1	1	1	0	0	0	0	0	0	0	0	0	0
44	16.01709288703902	8	2061.9049712487845	13.982907112960982	16.918194635887453	20.166272716013616	15.55438726420874	18	2567.274699759536	14.44561273579126	21.064818049309018	25.98217880539617	10.37096234018955	19	2483.1671779520793	40.37096234018955	20.374705049863213	29.134045351469762	13.898106417698955	17	2591.7690293164005	16.101893582301045	21.26579716362175	25.33571244385233	0	0	0	0	0	0	0	0	1	0	0	0	0	0	0	0	0	1	1	1	0	0	0	0	0	0	0	0	0	0
45	15.731461170471874	8	2100.5489305787564	14.268538829528126	16.86059342270573	20.22714862714006	15.720335517441972	18	2605.948791066464	14.279664482558028	20.91731471090139	26.035835718739385	3.2511870530326163	19	2573.2224762207093	33.251187053032616	20.654628571671243	31.08502052696566	15.518164805342401	17	2630.9906663019315	14.481835194657599	21.118319729513836	23.27907387768247	0	0	0	0	0	0	0	0	1	0	0	0	0	0	0	0	0	1	1	1	0	0	0	0	0	0	0	0	0	0
46	11.498385845181044	8	2150.6574689147246	18.501614154818956	16.895508757431543	20.520418743912295	15.590178620006402	18	2644.97539063728	14.409821379993598	20.778857405988457	25.769455888154585	1.5351678560123005	19	2658.6302224974092	31.5351678560123	20.88612940750829	32.28463739015166	14.793302603423998	17	2672.1754717509916	15.206697396576002	20.99254053094069	21.720168198073218	0	0	0	0	0	0	0	0	1	0	0	0	0	0	0	0	0	1	1	1	0	0	0	0	0	0	0	0	0	0
47	10.342922670844064	8	2203.8953866811885	19.657077329155936	16.953041436009133	20.84307781907505	15.494589559532312	18	2684.2608772468798	14.505410440467688	20.648160594206775	23.003071349539194	0.48815000846474277	19	2741.2022954370013	30.488150008464743	21.086171503361545	33.9279034747505	9.695544596264863	17	2727.166705136108	20.304455403735137	20.97820542412391	22.217516382441048	0	0	0	0	0	0	0	0	1	0	0	0	0	0	0	0	0	1	1	1	0	0	0	0	0	0	0	0	0	0
48	15.405015160337726	8	2243.4234706219404	14.594984839662274	16.904917832002056	18.740670818192932	0.9865060424506993	18	2768.182664445184	30.9865060424507	20.859147236007672	21.835439181986764	0.4816320871532369	19	2821.147875200961	29.518367912846763	21.25825714437145	33.8338688227073	6.563482338987328	17	2826.192803137532	36.56348233898733	21.29627229993745	22.451401736759742	0	0	0	0	0	0	0	0	1	0	0	0	0	0	0	0	0	1	1	1	0	0	0	0	0	0	0	0	0	0
49	15.925536539496372	8	2281.5418091608044	14.074463460503628	16.848308744572087	16.39115033171394	13.10146326575262	18	2813.949534767104	16.89853673424738	20.779935025972463	19.366945398944342	0.9870473674153821	19	2905.071128487711	30.987047367415382	21.452832948832327	33.889601253790005	9.082528437753233	17	2882.8442886186167	20.917471562246767	21.288696285183637	19.884476356722168	0	0	0	0	0	0	0	0	1	0	0	0	0	0	0	0	0	1	1	1	0	0	0	0	0	0	0	0	0	0
50	15.785928317042218	8	2320.0382533021484	14.214071682957782	16.79665703748161	15.860307069902769	9.938093394644678	18	2868.283865156608	20.061906605355322	20.76585603733291	18.833874075695256	11.886510940246147	19	3018.513762284211	41.88651094024615	21.85349330160515	34.89078299134397	15.980659216975752	17	2920.8133365726408	14.019340783024248	21.146159902788355	19.920460072199926	0	0	0	0	0	0	0	0	1	0	0	0	0	0	0	0	0	1	1	1	0	0	0	0	0	0	0	0	0	0
51	16.0247531324928	8	2357.8878802349805	13.975246867507199	16.742399149597485	15.15818317175158	15.5976226394112	18	2907.290303841536	14.4023773605888	20.643481447395523	18.511294969650017	2.4448172092799965	19	3106.3851422260113	32.44481720928	22.057172607521974	34.3487730386829	16.359687594874337	17	2957.7558493365227	13.640312405125663	21.00181668167946	19.60787085703643	0	0	0	0	0	0	0	0	1	0	0	0	0	0	0	0	0	1	1	1	0	0	0	0	0	0	0	0	0	0
52	15.703553146415999	8	2396.6074237967705	14.296446853584001	16.696249106276476	15.160677922607334	14.737426640699075	18	2948.626440022976	15.262573359300925	20.541954879695624	18.556797991693582	1.7597959893046102	19	3192.401256363711	31.75979598930461	22.240240973215986	33.87526933681152	15.052780549592127	17	2998.237902014711	14.947219450407873	20.887578998070563	19.733150122322286	0	0	0	0	0	0	0	0	1	0	0	0	0	0	0	0	0	1	1	1	0	0	0	0	0	0	0	0	0	0
53	14.2796112635616	8	2439.1834766246243	15.7203887364384	16.678177617946144	15.328573986711728	2.0226170767089187	18	3035.354361272396	32.02261707670892	20.754559735195873	18.72750262174626	0.8114132806799965	19	3275.848833998886	30.811413280679997	22.39896638631717	33.30534199574721	1.239769267530825	17	3082.8456104476068	31.239769267530825	21.07928622528279	19.74224773845925	0	0	0	0	0	0	0	0	1	0	0	0	0	0	0	0	0	1	1	1	0	0	0	0	0	0	0	0	0	0
54	15.933487366233601	8	2477.2802816744083	14.066512633766399	16.630692800051964	15.336934538792269	6.56217992247138	18	3134.376931895756	36.56217992247138	21.041971011328155	20.939159340414275	0.3926280844670771	19	3356.035466270121	29.607371915532923	22.530028305030182	32.228982953281545	14.736327687091201	17	3124.1847229617347	15.263672312908799	20.973547790512352	19.658425611520023	0	0	0	0	0	0	0	0	1	0	0	0	0	0	0	0	0	1	1	1	0	0	0	0	0	0	0	0	0	0
55	13.214894439244802	8	2522.73994256812	16.7851055607552	16.633450170778808	15.588591211914977	7.9094971044480005	18	3194.2053772378763	22.090502895552	21.060694794975007	21.72024318171367	5.0299103521403055	19	3450.908140140501	35.029910352140305	22.753240484442866	32.406855283192314	16.33419753753637	17	3161.1962712975737	13.66580246246363	20.843052338225768	19.576822338300627	0	0	0	0	0	0	0	0	1	0	0	0	0	0	0	0	0	1	1	1	0	0	0	0	0	0	0	0	0	0
56	11.160304979491201	8	2573.764116581998	18.8396950205088	16.67215622077407	15.62239929848396	4.608446134511997	18	3262.9741689569064	25.391553865488003	21.13667477866822	22.81841643026311	5.652859255812913	19	3547.467967291661	35.65285925581291	22.979549585694972	32.81862442317238	16.23775516583631	17	3198.469017723434	13.762244834163688	20.71882764517205	19.432377082059396	0	0	0	0	0	0	0	0	1	0	0	0	0	0	0	0	0	1	1	1	0	0	0	0	0	0	0	0	0	0
57	5.869972830768003	8	2639.1162734986683	24.130027169231997	16.800740202644032	16.069694282491565	11.883492786092312	18	3376.4086285859066	41.88349278609231	21.49437853741691	25.556224664825574	4.472065347500298	19	3640.8298109411407	34.4720653475003	23.177696409174374	33.21701595707593	14.921928251966031	17	3239.3054620410257	15.078071748033969	20.62157323315243	18.90973871648928	0	0	0	0	0	0	0	0	1	0	0	0	0	0	0	0	0	1	1	1	0	0	0	0	0	0	0	0	0	0
58	8.388966674966404	8	2697.6461554206344	21.611033325033596	16.88227059454894	16.771299131028698	15.023154973661539	18	3416.9709171989066	14.976845026338461	21.383911867737613	23.95525856321435	0.30330588882351606	19	3722.901264390038	30.303305888823516	23.29846945120233	33.29550975467361	14.554073469504003	17	3281.138179727786	15.445926530495997	20.533850407683676	16.797983135640145	0	0	0	0	0	0	0	0	1	0	0	0	0	0	0	0	0	1	1	1	0	0	0	0	0	0	0	0	0	0
59	6.235151856287999	8	2795.7830250314146	36.235151856288	17.204818615577928	18.987367970607135	1.8302571563833858	18	3503.1778636641116	31.830257156383386	21.558017622548377	25.44843060542795	5.791579219537475	19	3819.836791442952	35.791579219537475	23.506687947341245	33.775962939885815	16.12476047324344	17	3318.716953446085	13.875239526756557	20.422873559668226	16.093759932091125	0	0	0	0	0	0	0	0	1	0	0	0	0	0	0	0	0	1	1	1	0	0	0	0	0	0	0	0	0	0
60	9.102373313279998	8	2852.3807639746146	20.897626686720002	17.265356452809765	19.65572347098336	13.467932027390031	18	3547.9522144232637	16.53206797260997	21.47562500533627	25.095446742153417	6.067373679256612	19	3917.519261824272	36.06737367925661	23.71260082819232	33.19404921378687	16.01380819230055	17	3356.596222925271	13.986191807699447	20.31735418668513	16.090445034558645	0	0	0	0	0	0	0	0	1	0	0	0	0	0	0	0	0	1	1	1	0	0	0	0	0	0	0	0	0	0
61	1.1752040219136006	8	2936.813608200631	31.1752040219136	17.489708832956598	21.375719186424	15.677828191594344	18	3586.741429737696	14.322171808405656	21.360246727966423	25.0874261869351	5.673032952642458	19	4014.1337260710116	35.67303295264246	23.905511023747966	33.516870788123114	14.364982147495386	17	3398.941062942471	15.635017852504614	20.241832632908025	16.289915579296537	0	0	0	0	0	0	0	0	1	0	0	0	0	0	0	0	0	1	1	1	0	0	0	0	0	0	0	0	0	0
62	10.45379314369477	8	2989.751251769791	19.54620685630523	17.522351658724038	21.900695186696122	2.6618046346456623	18	3675.200483956528	32.66180463464566	21.53963653600895	26.827349314469576	4.565731350114461	19	4107.749248477571	34.56573135011446	24.074720870198227	33.79746432420409	5.593470098381907	17	3495.340044458922	35.59347009838191	20.48550941807428	18.354540644093944	0	0	0	0	0	0	0	0	1	0	0	0	0	0	0	0	0	1	1	1	0	0	0	0	0	0	0	0	0	0
63	16.101698161733545	8	3027.392485915096	13.898301838266455	17.465725880279386	21.71848649687893	15.092304057257353	18	3715.575493801456	14.907695942742647	21.436012464239166	25.11585720107295	0.8162646214301539	19	4186.788531794531	29.183735378569846	24.154549221891532	33.63469653399308	10.68650866763003	17	3547.647416817424	19.31349133236997	20.46719663548515	17.161912850577856	0	0	0	0	0	0	0	0	1	0	0	0	0	0	0	0	0	1	1	1	0	0	0	0	0	0	0	0	0	0
64	15.071544085177845	8	3067.823720684406	14.928455914822155	17.42669095773389	21.804680824984505	1.5272671322998121	18	3800.961842284768	31.527267132299812	21.591262536055485	24.61236592205579	0.19802014680811908	19	4268.574836358803	30.19802014680812	24.24752569765948	33.6937613571206	10.008748440258461	17	3601.790389791724	19.99125155974154	20.459874403550632	17.63467077526113	0	0	0	0	0	0	0	0	1	0	0	0	0	0	0	0	0	1	1	1	0	0	0	0	0	0	0	0	0	0
65	10.612378835256	8	3120.331861338921	19.387621164744	17.456402021476464	22.064932385383383	15.371775856257965	18	3840.5799493407358	14.628224143742035	21.485761954353766	23.866138046874795	3.6030093132524286	19	4359.582986582194	33.60300931325243	24.38927544941089	33.55107125323181	7.309932002986336	17	3663.242657283636	22.690067997013664	20.493665215572797	18.537097328716136	0	0	0	0	0	0	0	0	1	0	0	0	0	0	0	0	0	1	1	1	0	0	0	0	0	0	0	0	0	0
66	1.026008858150405	8	3198.803087348097	28.973991141849595	17.628306336705915	23.078361997517465	15.817192901482342	18	3878.991718565888	14.182807098517658	21.376762628147258	22.74526337017776	2.377768263965905	19	4447.272775630436	32.377768263965905	24.508506685449024	33.22356215404711	6.925555409778465	17	3725.7359447154863	23.074444590221535	20.532184310716808	19.46831730432192	0	0	0	0	0	0	0	0	1	0	0	0	0	0	0	0	0	1	1	1	0	0	0	0	0	0	0	0	0	0
67	9.561125797209602	8	3254.158371647321	20.438874202790398	17.66963821708951	22.709246700873305	7.412665595903995	18	3940.165749243648	22.587334404096005	21.39456515426415	20.81564753197813	4.803811118102402	19	4541.53309740863	34.8038111181024	24.659908221223336	33.256736731107324	7.547683717513841	17	3827.427588117086	37.54768371751384	20.782412243169706	21.715278501269907	0	0	0	0	0	0	0	0	1	0	0	0	0	0	0	0	0	1	1	1	0	0	0	0	0	0	0	0	0	0
68	10.13858550243544	8	3307.9497025782252	19.86141449756456	17.701403090719584	22.5342848181264	15.745738021053048	18	3978.771042103296	14.254261978946952	21.291082499549407	20.74338922723898	0.6214261638380378	19	4624.466126602358	30.621426163838038	24.74630703198587	33.28854875860877	11.414546332944735	17	3877.763191798694	18.585453667055265	20.750572263805726	22.029231214925836	0	0	0	0	0	0	0	0	1	0	0	0	0	0	0	0	0	1	1	1	0	0	0	0	0	0	0	0	0	0
69	15.875413025220924	8	3346.203792301585	14.124586974779076	17.65030571763472	20.323228329975507	2.0465939895729193	18	4065.563900825056	32.04659398957292	21.444732663692605	20.76502291055793	0.8869072016167294	19	4708.118166940069	30.88690720161673	24.834029891552024	32.79808155681669	15.567376866461537	17	3916.851546118694	14.432623133538463	20.660315847659053	22.084969575604028	0	0	0	0	0	0	0	0	1	0	0	0	0	0	0	0	0	1	1	1	0	0	0	0	0	0	0	0	0	0
70	16.041039337795944	8	3384.009310761721	13.958960662204058	17.59831494220612	19.62936172752391	15.488444541043197	18	4104.866030193064	14.511555458956803	21.34708228052731	20.562971659192613	0.7140141583517448	19	4791.301955285606	30.714014158351745	24.916846571366104	32.26274560472621	16.125557907689355	17	3954.4281601187017	13.874442092310646	20.564740160964003	22.07379460406515	0	0	0	0	0	0	0	0	1	0	0	0	0	0	0	0	0	1	1	1	0	0	0	0	0	0	0	0	0	0
71	15.349747137055754	8	3423.6870789321947	14.650252862944246	17.557369635549705	17.976866611626978	15.741252831856247	18	4143.48347044012	14.258747168143753	21.248633181744207	20.556629195166423	4.132442174803202	19	4883.7439861756975	34.1324421748032	25.044840954747176	32.10868652694229	14.554609538150396	17	3996.259425952878	15.445390461849604	20.493638081809635	22.05483186499965	0	0	0	0	0	0	0	0	1	0	0	0	0	0	0	0	0	1	1	1	0	0	0	0	0	0	0	0	0	0
72	15.013471490568367	8	3464.2755936452386	14.986528509431633	17.522152633822056	17.520898776939617	9.89132294121157	18	4197.944470807672	20.10867705878843	21.23301734444344	19.3013164375807	0.0033162737723131386	19	4965.002967750497	30.003316273772313	25.112765274185875	31.65244501930808	1.668497984239746	17	4082.028274660194	31.668497984239746	20.646718354445667	21.66233465358543	0	0	0	0	0	0	0	0	1	0	0	0	0	0	0	0	0	1	1	1	0	0	0	0	0	0	0	0	0	0
73	15.507294592296	8	3503.5266707911037	14.492705407704	17.481214157793435	17.58033913388337	6.92294767003569	18	4297.944120747352	36.92294767003569	21.445043429924418	21.502841610310004	0.7357181527355188	19	5044.2603977535055	29.26428184726448	25.16886684949775	31.660499666177543	10.079113853279996	17	4135.980674640894	19.920886146720004	20.636909811098022	21.72307413502043	0	0	0	0	0	0	0	0	1	0	0	0	0	0	0	0	0	1	1	1	0	0	0	0	0	0	0	0	0	0
74	10.989756477412431	8	3555.0127469981117	19.01024352258757	17.501601215990693	17.988517894659914	9.434399167310772	18	4353.642623002552	20.565600832689228	21.433317528627946	20.406674980348946	0.39381525028726827	19	5124.443814783977	29.60618474971273	25.228031088167285	31.601316126468	16.135916896627197	17	4173.529233045862	13.864083103372803	20.54660545499502	21.110357289383554	0	0	0	0	0	0	0	0	1	0	0	0	0	0	0	0	0	1	1	1	0	0	0	0	0	0	0	0	0	0
75	10.603689752913596	8	3607.544420583971	19.396310247086404	17.526531597978792	17.989386802894153	13.769455268422892	18	4397.60034831724	16.23054473157711	21.364859991824645	20.566907039132452	0.6381774659416735	19	5207.422212087569	30.638177465941673	25.299217224716948	31.304832941736926	15.941244844633108	17	4211.605028258315	14.058755155366892	20.461239003684124	20.247226005218877	0	0	0	0	0	0	0	0	1	0	0	0	0	0	0	0	0	1	1	1	0	0	0	0	0	0	0	0	0	0
76	15.967013295891693	8	3645.550426240931	14.032986704108307	17.481160885071382	16.495286359120023	15.545907725402584	18	4436.746848227608	14.454092274597416	21.275109761730786	20.59403555674043	6.186955949119017	19	5305.4285511164335	36.18695594911902	25.44061642892996	31.68575171025223	7.493590069735383	17	4272.559888486115	22.506409930264617	20.487799665068287	20.190422539223185	0	0	0	0	0	0	0	0	1	0	0	0	0	0	0	0	0	1	1	1	0	0	0	0	0	0	0	0	0	0
77	15.660949544868554	8	3684.385354556912	14.339050455131446	17.44087741802087	15.88530398435413	15.5904152502853	18	4475.772806924752	14.4095847497147	21.18709021029468	19.7762605913023	7.1136918344123075	19	5405.944799834633	37.11369183441231	25.590271241820762	31.916739781883223	1.519282925243072	17	4357.9246130753145	31.519282925243072	20.629228937634633	19.58758245999611	0	0	0	0	0	0	0	0	1	0	0	0	0	0	0	0	0	1	1	1	0	0	0	0	0	0	0	0	0	0
78	5.414560543657849	8	3780.2997893626516	35.41456054365785	17.668392394294756	17.44061858896346	0.02152411698387624	18	4556.964512441255	29.978475883016124	21.298373573240518	21.34868198170922	0.3095947813809268	19	5488.033285700873	30.309594781380927	25.65000951447342	31.885556643637518	15.290976328890089	17	4397.76155218457	14.709023671109911	20.554289630463433	19.199939460401577	0	0	0	0	0	0	0	0	1	0	0	0	0	0	0	0	0	1	1	1	0	0	0	0	0	0	0	0	0	0
79	9.2398022982048	8	3836.5253248050135	20.7601977017952	17.707039960638514	18.10417966166507	15.725106476768495	18	4595.625682400007	14.274893523231505	21.210580072615407	19.571511935075076	1.575112350126286	19	5565.017356419281	28.424887649873714	25.68469549116592	31.639354688463214	15.790950845981541	17	4436.24439364337	14.209049154018459	20.47497412450787	19.177582062449577	0	0	0	0	0	0	0	0	1	0	0	0	0	0	0	0	0	1	1	1	0	0	0	0	0	0	0	0	0	0
80	10.12591735923693	8	3890.3509652904136	19.87408264076307	17.733793573973387	18.69569185952097	4.2699781113319375	18	4688.440206451531	34.26997811133194	21.371807208895856	21.54735420031259	4.735785717607392	19	5633.441270100761	25.264214282392608	25.67950436513168	31.094374700867302	14.100716853190892	17	4479.304952165978	15.899283146809108	20.418484112437515	19.38006616789942	0	0	0	0	0	0	0	0	1	0	0	0	0	0	0	0	0	1	1	1	0	0	0	0	0	0	0	0	0	0
81	10.75855834161231	8	3942.4632031152137	19.24144165838769	17.752179526222342	19.15481073906532	13.247345477481598	18	4733.811979116685	16.7526545225184	21.315476078574182	21.796744935750052	4.732053967694771	19	5701.875290604921	25.26794603230523	25.674485361072822	30.2079250866175	15.371350908849232	17	4518.924210121178	14.628649091150768	20.34787636827548	19.29839203082954	0	0	0	0	0	0	0	0	1	0	0	0	0	0	0	0	0	1	1	1	0	0	0	0	0	0	0	0	0	0
82	9.972972705278035	8	3996.7030687050856	20.027027294721965	17.779587330662096	19.65886061759435	15.475188690269537	18	4773.150009747204	14.524811309730463	21.23366084039534	21.238358360844256	5.295633730419688	19	5768.782949251701	24.704366269580312	25.662797179247615	29.678030086198298	10.049419365486273	17	4627.39138756937	40.04941936548627	20.58524435619368	20.13648416895419	0	0	0	0	0	0	0	0	1	0	0	0	0	0	0	0	0	1	1	1	0	0	0	0	0	0	0	0	0	0
83	9.96542508046154	8	4050.9633757788356	20.03457491953846	17.806432421005862	20.213047568777796	2.167338597694531	18	4860.26988511596	32.16733859769453	21.363823670839377	20.76279745361014	4.779183105408002	19	5837.0893283412215	25.220816894591998	25.657535509192194	29.27368359093105	5.803555440088616	17	4692.9234249191295	24.196444559911384	20.62823483480937	20.564040010273327	0	0	0	0	0	0	0	0	1	0	0	0	0	0	0	0	0	1	1	1	0	0	0	0	0	0	0	0	0	0
84	15.45361281923077	8	4090.3598410600857	14.54638718076923	17.768078947591313	19.766661934595966	15.391947154056371	18	4899.833361573725	14.608052845943629	21.2843440140759	20.16704265493558	4.362799201945844	19	5906.523413835952	25.637200798054156	25.65729627729645	28.876785195765194	6.099264445355448	17	4757.654583712959	23.90073555464455	20.666734843278018	21.567705255400504	0	0	0	0	0	0	0	0	1	0	0	0	0	0	0	0	0	1	1	1	0	0	0	0	0	0	0	0	0	0
85	11.360899122969222	8	4202.378942851461	41.36089912296922	18.04241406590966	21.963120822184244	0.3039842015497918	18	4981.906652119589	30.303984201549792	21.389223551139548	21.57438660193285	3.993712960689237	19	5976.957107900752	26.006287039310763	25.661354309412896	28.413596153102105	6.858495982781541	17	4820.329490426258	23.14150401721846	20.695511229021513	22.47598014158566	0	0	0	0	0	0	0	0	1	0	0	0	0	0	0	0	0	1	1	1	0	0	0	0	0	0	0	0	0	0
86	10.932812039076921	8	4254.019243578961	19.06718796092308	18.054193076197173	22.466540947865724	15.73551890113034	18	5020.539621762361	14.26448109886966	21.307329959734147	21.55542548436007	2.8671708484393896	19	6050.441853519562	27.13282915156061	25.678267813345627	27.508183473346257	10.82307124006708	17	4872.267005817744	19.17692875993292	20.67805625811245	22.14303202455249	0	0	0	0	0	0	0	0	1	0	0	0	0	0	0	0	0	1	1	1	0	0	0	0	0	0	0	0	0	0
87	0.005103948000002134	8	4335.255420386461	29.994896051999998	18.18988288274039	24.032125507552575	14.062521447701908	18	5063.703626174835	15.937478552298092	21.246308921013284	21.708214864618412	0.6101269962166072	19	6133.344280800982	30.610126996216607	25.73431166769643	26.85782698952669	3.5772251147231913	17	4963.205323836785	33.57722511472319	20.824637722392115	22.348826243500504	0	0	0	0	0	0	0	0	1	0	0	0	0	0	0	0	0	1	1	1	0	0	0	0	0	0	0	0	0	0
88	0.4094146346769172	8	4415.396589084211	29.590585365323083	18.317980663443564	23.4497279897191	6.627829516227699	18	5162.903997781285	36.6278295162277	21.419134995116814	22.373150227939572	4.914053013869541	19	6201.285387221752	25.08594698613046	25.727026671274338	26.335462210001644	9.905828736883201	17	5017.627037674393	20.0941712631168	20.81643023408565	22.887341002701195	0	0	0	0	0	0	0	0	1	0	0	0	0	0	0	0	0	1	1	1	0	0	0	0	0	0	0	0	0	0
89	15.970649361046158	8	4453.392747064711	14.029350638953842	18.27032921872701	22.77664328343496	10.13604784767508	18	5216.702201527165	19.86395215232492	21.40185518575246	22.93205609084891	3.225676290483694	19	6273.799180601692	26.774323709516306	25.738663305032585	26.170405815965903	11.183394244702523	17	5068.588678261657	18.816605755297477	20.794209962099117	23.348096662829093	0	0	0	0	0	0	0	0	1	0	0	0	0	0	0	0	0	1	1	1	0	0	0	0	0	0	0	0	0	0
90	15.9734217168	8	4491.381396581712	14.0265782832	18.22369459306188	22.191892847678655	4.7146119857782125	18	5285.183460732349	25.285388014221788	21.444531370680693	22.0335970811379	2.881206365431389	19	6347.245913361981	27.11879363456861	25.753829572390124	26.3558637511835	8.9312057872128	17	5125.649995921289	21.0687942127872	20.797227371447338	23.865047769426905	0	0	0	0	0	0	0	0	1	0	0	0	0	0	0	0	0	1	1	1	0	0	0	0	0	0	0	0	0	0
91	15.884499243138464	8	4529.610877798212	14.115500756861536	18.179040312233614	21.67929875752604	4.560300522597416	18	5354.082646816981	25.439699477402584	21.48795711097115	22.902301576626314	0.3219990581759937	19	6429.367994144542	30.321999058175994	25.803483588539972	26.86126905377058	10.917606086630396	17	5177.331479436665	19.082393913369604	20.7785878773378	24.310422251648784	0	0	0	0	0	0	0	0	1	0	0	0	0	0	0	0	0	1	1	1	0	0	0	0	0	0	0	0	0	0
92	15.859514389661541	8	4567.908026326212	14.140485610338459	18.135614992858397	21.09064458908769	2.9213898137952086	18	5443.244744229342	32.92138981379521	21.610897247560658	24.74195942703279	1.4651663274461555	19	6514.586152948042	31.465166327446155	25.864361897560467	27.53734905955717	6.160048789725046	17	5275.264944908838	36.160048789725046	20.943979930159166	23.921485194072662	0	0	0	0	0	0	0	0	1	0	0	0	0	0	0	0	0	1	1	1	0	0	0	0	0	0	0	0	0	0
93	10.648904174399998	8	4620.317244187212	19.3510958256	18.14854564001522	21.022296679693845	12.902536799164064	18	5489.550373731607	17.097463200835936	21.562881991744437	23.234971887346926	1.4338387297292243	19	6599.7194661743915	31.433838729729224	25.92361165109418	28.158651243070892	9.699437982755448	17	5330.245633705542	20.300562017244552	20.93713505874518	23.53189693980598	0	0	0	0	0	0	0	0	1	0	0	0	0	0	0	0	0	1	1	1	0	0	0	0	0	0	0	0	0	0
94	15.1222248337152	8	4660.6112185959	14.8777751662848	18.11411647713385	21.0554354782454	2.377803667811442	18	5577.240258665262	32.37780366781144	21.676723272545143	25.011946969533707	2.3732022145772333	19	6687.396888838872	32.37320221457723	25.991502078078213	28.832251384723197	16.078127478813787	17	5367.950705117088	13.921872521186213	20.863290189928772	22.534010636460145	0	0	0	0	0	0	0	0	1	0	0	0	0	0	0	0	0	1	1	1	0	0	0	0	0	0	0	0	0	0
95	15.863804353257601	8	4698.896748472494	14.136195646742399	18.072679801817273	18.332965130622718	15.582332175168002	18	5616.288109024183	14.417667824831998	21.60110811163146	23.42331533186193	3.658761236839389	19	6758.737743822432	26.34123876316061	25.995145168547822	28.865746557108185	15.906345032418464	17	5406.121020654287	14.093654967581536	20.792773156362657	21.62922573149645	0	0	0	0	0	0	0	0	1	0	0	0	0	0	0	0	0	1	1	1	0	0	0	0	0	0	0	0	0	0
96	11.296291981065597	8	4749.5526243571085	18.703708018934403	18.079185247354562	18.296617136423855	15.834214467939692	18	5654.653778173512	14.165785532060308	21.52445530153279	23.413445775180996	3.70162429296591	19	6829.962511362316	26.29837570703409	25.998271256573453	28.78230121265553	23.39211309540037	17	5550.724660287663	53.39211309540037	21.128848825837274	25.050744165043195	0	0	0	0	0	0	0	0	1	0	0	0	0	0	0	0	0	1	1	1	0	0	0	0	0	0	0	0	0	0
97	15.541522915872001	8	4788.7109997932885	14.458477084127999	18.042239245688986	16.742975239636653	15.552644015970465	18	5693.782033963593	14.447355984029535	21.452240002374594	23.264433518354142	4.117124729982276	19	6900.061965218614	25.882875270017724	25.99709374650656	28.309576040035644	10.625931422928002	17	5603.196096017233	19.374068577072	21.110942904931505	23.630428511278076	0	0	0	0	0	0	0	0	1	0	0	0	0	0	0	0	0	1	1	1	0	0	0	0	0	0	0	0	0	0
98	8.886283879443692	8	4845.893980953128	21.113716120556308	18.07326426462704	15.895288315159977	15.747290448454898	18	5732.3831223323605	14.252709551545102	21.379517472568235	21.026921521885882	7.792519863671629	19	7002.416706516058	37.79251986367163	26.116239464861764	29.580233327789756	16.141262835714464	17	5640.730175837173	13.858737164285534	21.03768830149064	23.00688510139495	0	0	0	0	0	0	0	0	1	0	0	0	0	0	0	0	0	1	1	1	0	0	0	0	0	0	0	0	0	0
99	6.6191057635045	8	4945.070725729286	36.6191057635045	18.25872267961581	18.154263827615043	0.12539739340800793	18	5813.97274027284	30.125397393408008	21.466976271776634	22.053066045994193	4.108549071895389	19	7072.539386113008	25.89145092810461	26.11399157949419	29.491946049648597	15.543413216795075	17	5679.883431708353	14.456586783204925	20.97187728630778	22.570883204185698	0	0	0	0	0	0	0	0	1	0	0	0	0	0	0	0	0	1	1	1	0	0	0	0	0	0	0	0	0	0
100	10.272037905461165	8	4998.500623068662	19.727962094538835	18.273269604516038	18.724402208748927	15.673770670777108	18	5852.772944706152	14.326229329222892	21.396275806998872	20.957150177494302	3.767192557970951	19	7143.58657293517	26.23280744202905	26.115167974172753	29.40334743039464	9.356495522073594	17	5735.792923002737	20.643504477926406	20.968626070383213	22.52835423069962	0	0	0	0	0	0	0	0	1	0	0	0	0	0	0	0	0	1	1	1	0	0	0	0	0	0	0	0	0	0
101	6.452210871461904	8	5062.275885291786	23.547789128538096	18.324980580241746	19.66763104591658	15.083670303532799	18	5893.171337634084	14.916329696467201	21.332746923562286	19.904813199400763	1.8316919493732975	19	7229.797405298056	31.831691949373297	26.171212326870794	29.554316719514368	6.462557792620807	17	5834.545683691084	36.46255779262081	21.1205273617777	24.266370618624737	0	0	0	0	0	0	0	0	1	0	0	0	0	0	0	0	0	1	1	1	0	0	0	0	0	0	0	0	0	0
102	15.701022273688618	8	5101.002283300546	14.298977726311382	18.28589317389291	19.68348025751387	15.288103785985475	18	5933.01605654704	14.711896214014525	21.268466819586095	18.083863839422698	2.2509435029520084	19	7304.951099977561	27.74905649704799	26.18653120230941	29.18270573647455	8.724785792793604	17	5892.166055502268	21.275214207206396	21.122029175810987	22.777887160372874	0	0	0	0	0	0	0	0	1	0	0	0	0	0	0	0	0	1	1	1	0	0	0	0	0	0	0	0	0	0
103	15.402731776704739	8	5140.536551405304	14.597268223295261	18.25042562629101	19.208097497283397	14.176943859958156	18	5975.87016692632	15.823056140041844	21.216107101513554	17.956423133343286	3.6717497442535425	19	7376.256777753541	26.328250255746457	26.187893885515532	28.67214688907627	15.941418406643443	17	5930.241380650942	14.058581593356557	21.054111410595077	22.153689117984072	0	0	0	0	0	0	0	0	1	0	0	0	0	0	0	0	0	1	1	1	0	0	0	0	0	0	0	0	0	0
104	16.092597770273727	8	5178.202432444145	13.907402229726275	18.20906349870468	19.111060203627545	2.9389476073786938	18	6065.079816696304	32.938947607378694	21.327753201569415	18.012537527300008	1.9786447322167398	19	7452.147948270454	28.02135526778326	26.20535542248951	28.23696219439687	7.522093564052675	17	5991.119043914966	22.477906435947325	21.067671363217478	23.009292509460185	0	0	0	0	0	0	0	0	1	0	0	0	0	0	0	0	0	1	1	1	0	0	0	0	0	0	0	0	0	0
105	15.687801936542034	8	5216.964635532678	14.312198063457966	18.172300617240086	19.1286604452991	15.395738722929236	18	6104.633024321704	14.604261277070764	21.26432403247037	18.031196872523893	0.6398665081624628	19	7531.664976477515	29.360133491837537	26.23511747974751	28.538851667264566	16.147106055888734	17	6028.637298346934	13.852893944111264	20.99960742530138	22.985216407113157	0	0	0	0	0	0	0	0	1	0	0	0	0	0	0	0	0	1	1	1	0	0	0	0	0	0	0	0	0	0
106	15.826190589554214	8	5255.3520360193015	14.173809410445786	18.134931540541075	18.67567058445024	2.897337919440737	18	6193.729981186856	32.89733791944074	21.373043788423363	19.904352111261932	1.6297645776671956	19	7608.501030746333	28.370235422332804	26.255071853042704	28.74603763879444	1.2166359159633195	17	6113.182353952668	31.21663591596332	21.09509367287766	20.76766868916945	0	0	0	0	0	0	0	0	1	0	0	0	0	0	0	0	0	1	1	1	0	0	0	0	0	0	0	0	0	0
107	16.054481437971692	8	5293.121148791462	13.945518562028308	18.09614067962892	18.624374732240273	10.733828770464001	18	6245.909194933516	19.266171229536	21.35353570917441	20.38623363581258	0.8176498138560007	19	7687.536562500472	29.182350186144	26.2821762820529	29.075985130407066	13.7987135717568	17	6157.06083802916	16.2012864282432	21.04978064283475	20.45039047428657	0	0	0	0	0	0	0	0	1	0	0	0	0	0	0	0	0	1	1	1	0	0	0	0	0	0	0	0	0	0
108	16.04867247269575	8	5330.9059941779105	13.95132752730425	18.058114870892	17.90813587291506	10.031000879778464	18	6299.991900884116	19.968999120221536	21.340833538633557	20.95786259268022	1.7886190060607987	19	7773.63073897522	31.7886190060608	26.332694105208937	28.475595044645978	16.13047036267643	17	6194.624147463578	13.86952963732357	20.98390678039887	20.451469721590378	0	0	0	0	0	0	0	0	1	0	0	0	0	0	0	0	0	1	1	1	0	0	0	0	0	0	0	0	0	0
109	15.599409597847018	8	5369.9075931837415	14.400590402152982	18.024864648448915	15.686284336779911	10.031614536369233	18	6354.072944848116	19.968385463630767	21.328356737951715	19.942161399702496	1.0888847364479908	19	7857.8298018031	31.08888473644799	26.375932201856564	28.995338425480316	16.118522638654525	17	6232.219815317222	13.881477361345476	20.919339240225653	20.393958779404432	0	0	0	0	0	0	0	0	1	0	0	0	0	0	0	0	0	1	1	1	0	0	0	0	0	0	0	0	0	0
110	15.830235707193227	8	5408.284038143426	14.169764292806773	17.990134014614302	15.130464556606707	2.9649365127876948	18	6443.352981236916	32.964936512787695	21.433190789977264	21.806032118058976	2.836414414540805	19	7946.761757509148	32.836414414540805	26.43413474431318	29.655699122731495	15.4566846107904	17	6271.607961162998	14.5433153892096	20.861897583910192	19.783939870532752	0	0	0	0	0	0	0	0	1	0	0	0	0	0	0	0	0	1	1	1	0	0	0	0	0	0	0	0	0	0
111	9.53975055206843	8	5463.697213731574	20.46024944793157	18.012188616697493	14.821710588546054	14.045907602134154	18	6486.561981481136	15.954092397865846	21.384270268619126	21.909808388198837	1.0104597642239952	19	8030.748419370588	31.010459764223995	26.47499478913381	29.57357590421656	2.0880921728699136	17	6358.513210797854	32.088092172869914	20.96213146416876	19.346493308557662	0	0	0	0	0	0	0	0	1	0	0	0	0	0	0	0	0	1	1	1	0	0	0	0	0	0	0	0	0	0
112	6.736230917304368	8	5563.19117246594	36.73623091730437	18.177888106083394	17.065435907645355	15.56298721157908	18	6525.662224449776	14.43701278842092	21.322790113927105	21.88232004563948	2.9178431726591967	19	8104.095927444636	27.082156827340803	26.480367904516175	29.50688593724584	16.0308418188288	17	6396.346347538526	13.9691581811712	20.9002467448502	18.615887705954144	0	0	0	0	0	0	0	0	1	0	0	0	0	0	0	0	0	1	1	1	0	0	0	0	0	0	0	0	0	0
113	0.4803341086109576	8	5643.140267588452	29.519665891389042	18.277377384901868	18.557675674454735	1.3709031638399907	18	6610.625087185175	31.37090316383999	21.410931456470202	23.437104748019294	4.20825812093539	19	8173.948561700436	25.79174187906461	26.47432732534555	29.453235099577654	16.01932109102954	17	6434.2106862503215	13.98067890897046	20.83954878137757	18.608097437515532	0	0	0	0	0	0	0	0	1	0	0	0	0	0	0	0	0	1	1	1	0	0	0	0	0	0	0	0	0	0
114	16.04769920219963	8	5680.927748915828	13.95230079780037	18.239768023274898	18.562165531262146	15.778142145651696	18	6649.142618874035	14.221857854348304	21.348417772973487	21.565395772716258	4.128178197238164	19	8244.018079082916	25.871821802761836	26.4690881468883	29.23828175307552	12.609221689410461	17	6481.3107108415015	17.39077831058954	20.809559472935934	18.099384624979756	0	0	0	0	0	0	0	0	1	0	0	0	0	0	0	0	0	1	1	1	0	0	0	0	0	0	0	0	0	0
115	10.380840088091077	8	5734.062973677248	19.619159911908923	18.251659332659674	19.09286171610724	0.2112943984604314	18	6730.964874536532	30.21129439846043	21.42482188181389	23.126099084855223	2.4678451710756946	19	8318.584331744587	27.532154828924305	26.47825251483689	29.055483886784195	0.3846083331603687	17	6561.519063272525	29.61539166683963	20.885471819435104	19.675634397252587	0	0	0	0	0	0	0	0	1	0	0	0	0	0	0	0	0	1	1	1	0	0	0	0	0	0	0	0	0	0
116	15.412046612259694	8	5773.572014102378	14.587953387740306	18.220345606634723	19.13427611383669	15.669355032391385	18	6769.777037990472	14.330644967608615	21.36418789109419	21.26942978967201	3.5652926770707687	19	8390.178330744187	26.43470732292923	26.47788033370947	28.861931076843838	14.439167912755202	17	6603.662983508813	15.560832087244798	20.83996207813433	18.110054014380736	0	0	0	0	0	0	0	0	1	0	0	0	0	0	0	0	0	1	1	1	0	0	0	0	0	0	0	0	0	0
117	15.63849303152049	8	5812.46776214201	14.36150696847951	18.187643584277478	19.17587495448181	14.55378064344037	18	6811.610548747822	15.44621935655963	21.314035615377797	20.887434602374377	4.267887014296612	19	8459.869470080468	25.732112985703388	26.471560271438232	28.516907356799777	10.718374241351999	17	6655.884053271819	19.281625758648	20.82675583813868	18.41808794742122	0	0	0	0	0	0	0	0	1	0	0	0	0	0	0	0	0	1	1	1	0	0	0	0	0	0	0	0	0	0
118	14.347595743334399	8	5854.859690337145	15.652404256665601	18.166339052112672	19.345982627417943	0.1383907904315116	18	6893.235357138574	30.13839079043151	21.388189860546312	21.90437376939537	0.9194487681673778	19	8543.609643827587	30.919448768167378	26.50893748569646	28.429990333010437	10.231575366990278	17	6709.4235366528865	19.768424633009722	20.81786229859978	19.007977446989834	0	0	0	0	0	0	0	0	1	0	0	0	0	0	0	0	0	1	1	1	0	0	0	0	0	0	0	0	0	0
119	8.617688314851694	8	5912.770117817755	21.382311685148306	18.193138824054635	20.044154755717475	15.606997423104001	18	6932.216405784334	14.393002576895999	21.32989663318256	21.346835480721893	3.1069778998800004	19	8616.444912015411	26.89302210012	26.512138190816657	28.010404069377635	8.357117781193846	17	6768.0396759954865	21.642882218806154	20.824737464601505	19.784117932735903	0	0	0	0	0	0	0	0	1	0	0	0	0	0	0	0	0	1	1	1	0	0	0	0	0	0	0	0	0	0
120	10.409240358974035	8	5965.828425178867	19.590759641025965	18.204689409318863	20.586254290539394	0.38765399388000077	18	7014.516302017759	30.38765399388	21.4047541320313	21.08910722883113	4.493508558607758	19	8685.524993002515	25.506491441392242	26.50382706065613	27.277411772062777	2.953609880343137	17	6857.289036088083	32.95360988034314	20.924976079607635	21.625147381849256	0	0	0	0	0	0	0	0	1	0	0	0	0	0	0	0	0	1	1	1	0	0	0	0	0	0	0	0	0	0
