task	r0_energy	r0_config	r0_reward	r0_rate	r0_avgrate	r0_rollrate	r1_energy	r1_config	r1_reward	r1_rate	r1_avgrate	r1_rollrate	c0	c1	c2	c3	c4	c5	c6	c7	c8	c9	c10	c11	c12	c13	c14	c15	c16	c17	c18	c19
0	4.932217146800003	0	40.80857856074999	15.067782853199997	15.067782853199997	15.067782853199997	6.279190911199999	0	37.1605246155	13.720809088800001	13.720809088800001	13.720809088800001	2	0	0	0	0	0	0	0	0	0	0	0	0	0	0	0	0	0	0	0
1	5.691830392928004	1	79.55987124657	14.308169607071996	14.687976230135996	14.687976230135996	3.5479679273440006	1	100.93627108539	23.547967927344	18.634388508072	18.634388508072	0	2	0	0	0	0	0	0	0	0	0	0	0	0	0	0	0	0	0	0
2	7.06321993692357	2	114.59698391740199	12.93678006307643	14.104244174449475	14.104244174449475	5.7211369240990795	2	139.608191915955	14.27886307590092	17.182546697348307	17.182546697348307	0	0	2	0	0	0	0	0	0	0	0	0	0	0	0	0	0	0	0	0
3	0.4292950416984631	3	167.600976512802	19.570704958301537	15.47085937041249	15.47085937041249	5.163357274178461	3	179.790765965055	14.83664272582154	16.596070704466616	16.596070704466616	0	0	0	2	0	0	0	0	0	0	0	0	0	0	0	0	0	0	0	0
4	5.906328449334156	4	205.77133696252199	14.093671550665844	15.195421806463163	15.195421806463163	5.158346433835073	4	219.986911040085	14.841653566164927	16.245187276806277	16.245187276806277	0	0	0	0	2	0	0	0	0	0	0	0	0	0	0	0	0	0	0	0
5	7.020389941059937	5	240.924447538818	12.979610058940063	14.826119848542646	14.826119848542646	1.6413041254879985	5	269.708379033555	18.358695874512	16.59743870975723	16.59743870975723	0	0	0	0	0	2	0	0	0	0	0	0	0	0	0	0	0	0	0	0
6	5.716327392500187	6	279.60939418413	14.283672607499813	14.748627385536526	14.748627385536526	6.955192105159631	6	305.038067082081	13.04480789484037	16.08992002191197	16.08992002191197	0	0	0	0	0	0	2	0	0	0	0	0	0	0	0	0	0	0	0	0
7	0.45269658742547847	7	332.55000759318597	19.54730341257452	15.348461888916276	15.348461888916276	2.9962646028792648	7	351.089850449283	17.003735397120735	16.204146943813065	16.204146943813065	0	0	0	0	0	0	0	2	0	0	0	0	0	0	0	0	0	0	0	0
8	5.035681086645665	8	373.078371316854	14.964318913354335	15.30577933607606	15.30577933607606	3.2991976570315096	8	396.321190128156	16.70080234296849	16.25933087705256	16.25933087705256	0	0	0	0	0	0	0	0	2	0	0	0	0	0	0	0	0	0	0	0
9	3.6274356218220234	9	437.06934279262197	23.627435621822023	16.137944964650657	16.137944964650657	6.205559134317294	9	433.68113413938	13.794440865682706	16.012841875915573	16.012841875915573	0	0	0	0	0	0	0	0	0	2	0	0	0	0	0	0	0	0	0	0
10	1.7187552432836952	10	486.58104734206194	18.281244756716305	16.33279040029299	16.459291155002283	8.289906835330587	10	465.395969793693	11.710093164669413	15.621682902165922	15.811770283502511	0	0	0	0	0	0	0	0	0	0	2	0	0	0	0	0	0	0	0	0
11	0.2735562454055369	11	541.4885955067019	20.273556245405537	16.661187554052365	17.05582981883564	8.047021452824	11	497.76862002562797	11.952978547176	15.315957539250094	14.65227134548571	0	0	0	0	0	0	0	0	0	0	0	2	0	0	0	0	0	0	0	0
12	1.5787061198158803	12	591.379599765534	18.42129388018412	16.796580348370192	17.60428120054641	0.1995217978481243	12	551.3949151564559	19.800478202151876	15.660920667165616	15.204432858110803	0	0	0	0	0	0	0	0	0	0	0	0	2	0	0	0	0	0	0	0
13	14.192267811496002	13	683.9836584216689	34.192267811496	18.03912945287918	19.06643748586586	1.3892658743814152	13	601.7989867466729	18.610734125618585	15.871621628483686	15.58184199809051	0	0	0	0	0	0	0	0	0	0	0	0	0	2	0	0	0	0	0	0
14	17.87200852277661	14	786.553681504189	37.87200852277661	19.36132139087234	21.444271183076935	1.3797712427278768	14	652.2287729642849	18.620228757272123	16.054862103736248	15.95969951720123	0	0	0	0	0	0	0	0	0	0	0	0	0	0	2	0	0	0	0	0
15	5.883756817442464	15	824.785173456949	14.116243182557536	19.033504002852666	21.55793449543868	5.024300916613912	15	692.7879579817888	14.975699083386088	15.987414414964363	15.621399838088639	0	0	0	0	0	0	0	0	0	0	0	0	0	0	0	2	0	0	0	0
16	4.717878458564922	16	866.174252631669	15.282121541435078	18.81283444629869	21.657779388832207	5.089346406183385	16	733.1709781317088	14.910653593816615	15.924075543132142	15.807984407986263	0	0	0	0	0	0	0	0	0	0	0	0	0	0	0	0	2	0	0	0
17	6.523755342861293	17	902.672415244753	13.476244657138707	18.5163572357898	21.050673513288626	1.9915455576401229	17	781.9438755797668	18.008454442359877	16.039874370867018	15.908456312510173	0	0	0	0	0	0	0	0	0	0	0	0	0	0	0	0	0	2	0	0
18	1.8796603446818487	18	951.7483351445729	18.12033965531815	18.495514205238663	21.366275587485006	4.139916180841723	18	824.8982692566537	15.860083819158277	16.030411710250767	15.824384460129158	0	0	0	0	0	0	0	0	0	0	0	0	0	0	0	0	0	0	2	0
19	12.130156415948797	19	1038.767508771101	32.1301564159488	19.17724631577417	22.216547666897682	14.78244311814511	19	919.1007193682967	34.78244311814511	16.968013280645486	17.923184685375396	0	0	0	0	0	0	0	0	0	0	0	0	0	0	0	0	0	0	0	2
20	7.255035833895384	10	1073.285120054301	12.744964166104616	18.870947165789907	21.662919607836518	4.2436450133312	9	961.7741807905247	15.7563549866688	16.910315266646595	18.327810867575337	0	0	0	0	0	0	0	0	0	1	1	0	0	0	0	0	0	0	0	0
21	8.552727987496125	2	1104.2881484214988	11.447272012503875	18.53350738609509	20.78029118454635	5.604844040588553	5	1000.7610615139307	14.395155959411447	16.79598984359045	18.57202860879888	0	0	1	0	0	1	0	0	0	0	0	0	0	0	0	0	0	0	0	0
22	7.953187667117291	10	1179.9946983532748	27.95318766711729	18.94305870266127	21.733480563239663	7.1838611905915055	12	1035.4714374560788	12.816138809408494	16.62295284210428	17.873594669524543	0	0	0	0	0	0	0	0	0	0	1	0	1	0	0	0	0	0	0	0
23	8.045370081878147	11	1255.9509089916949	28.045370081878147	19.32232167679531	21.11879079027788	5.080473790058832	12	1075.8784876080028	14.919526209941168	16.551976732430816	17.504473877956805	0	0	0	0	0	0	0	0	0	0	0	1	1	0	0	0	0	0	0	0
24	5.885936602697598	6	1294.1764973593888	14.114063397302402	19.11399134561559	18.74299627773046	4.379679356333044	4	1118.1835226846008	15.620320643666956	16.51471048888026	17.204483066596282	0	0	0	0	1	0	1	0	0	0	0	0	0	0	0	0	0	0	0	0
25	8.611283934472862	10	1325.0209367035247	11.388716065527138	18.8168653733045	18.47024356602742	10.137234633505969	14	1199.8051998170129	30.13723463350597	17.03865372521202	18.72063662160827	0	0	0	0	0	0	0	0	0	0	1	0	0	0	1	0	0	0	0	0
26	12.8255904002176	16	1413.9235773707808	32.8255904002176	19.335707040967943	20.224590451905677	12.423591818344	13	1287.6190943250278	32.423591818344	17.60846624717987	20.47193044406101	0	0	0	0	0	0	0	0	0	0	0	0	0	1	0	0	1	0	0	0
27	8.700270164480003	2	1444.5270123419807	11.299729835519997	19.04870785505909	20.006938969743807	2.655927745039996	17	1334.5926233488779	17.344072254960004	17.59902360460059	20.40549222532102	0	0	1	0	0	0	0	0	0	0	0	0	0	0	0	0	0	1	0	0
28	6.6656705152832	18	1480.6408213630887	13.3343294847168	18.851660325047284	19.528337952683664	11.573254134879999	17	1420.1035199641778	31.57325413488	18.080893622886084	21.976809256893194	0	0	0	0	0	0	0	0	0	0	0	0	0	0	0	0	0	1	1	0
29	5.782796845721601	4	1519.1457465725928	14.2172031542784	18.69717841935499	17.737042626516622	2.795184669440001	17	1466.699894817778	17.20481533056	18.05169101314188	20.21904647813468	0	0	0	0	1	0	0	0	0	0	0	0	0	0	0	0	0	1	0	0
30	0.4069264844799996	12	1574.4145058013928	20.40692648448	18.75233158274612	18.503238858354162	12.590502260704	19	1554.965838440518	32.590502260704	18.520684924353564	21.902461205538202	0	0	0	0	0	0	0	0	0	0	0	0	1	0	0	0	0	0	0	1
31	11.341075391142393	3	1659.296584985737	31.341075391142393	19.1457298267585	20.492619196218016	3.9540834621439984	17	1598.4235290638778	16.045916537856	18.443348412275515	22.067537263382654	0	0	0	1	0	0	0	0	0	0	0	0	0	0	0	0	0	1	0	0
32	6.965329691648002	7	1694.598817070857	13.034670308351998	18.960546204988606	19.000767460341486	0.37014234670400015	4	1651.5877268748877	19.629857653296	18.479303237760984	22.748909147771407	0	0	0	0	1	0	0	1	0	0	0	0	0	0	0	0	0	0	0	0
33	6.392910151808001	12	1731.451352076377	13.607089848191999	18.803091606259297	17.556939436972872	2.0121157700479984	0	1700.3049133310078	17.987884229952	18.464849737531306	23.055744949772496	1	0	0	0	0	0	0	0	0	0	0	0	1	0	0	0	0	0	0	0
34	6.794109219872	5	1767.217306272557	13.205890780128	18.643171582655544	17.46612217525543	29.743859117015397	1	1835.0278651062579	49.7438591170154	19.35853571980228	26.46809879710734	0	1	0	0	0	1	0	0	0	0	0	0	0	0	0	0	0	0	0	0
35	7.932706882937602	10	1799.899558464601	12.067293117062398	18.460508291944624	17.533979880408957	2.638960574052433	10	1882.0473468848659	17.361039425947567	19.303049711639648	25.1904792763515	0	0	0	0	0	0	0	0	0	0	2	0	0	0	0	0	0	0	0	0
36	8.641274003148803	12	1830.662774706073	11.358725996851197	18.26856822991507	15.387293440072318	1.648080245648	17	1931.750462886236	18.351919754352	19.27734349657782	23.7833120699523	0	0	0	0	0	0	0	0	0	0	0	0	1	0	0	0	0	1	0	0
37	6.756308402164677	9	1866.531106116877	13.243691597835323	18.136334634334023	15.581689616303851	7.756354377633475	2	1964.910336446812	12.243645622366525	19.092246184098578	23.273269406692954	0	0	1	0	0	0	0	0	0	1	0	0	0	0	0	0	0	0	0	0
38	7.595333014434708	2	1900.127079202783	12.404666985565292	17.98936879718611	15.488723366388701	8.371096875330705	2	1996.4052824094579	11.628903124669295	18.90087841334398	21.278834305671882	0	0	2	0	0	0	0	0	0	0	0	0	0	0	0	0	0	0	0	0
39	7.838910133370829	12	1933.063364258237	12.16108986662917	17.843661823922183	15.283112037623777	7.108605469649971	5	2031.319475929156	12.891394530350029	18.75064131626913	20.847492225650885	0	0	0	0	0	1	0	0	0	0	0	0	1	0	0	0	0	0	0	0
40	9.91445144855384	9	2014.081670264737	29.91445144855384	18.13807132696198	16.233864534031163	4.561150655849598	17	2073.13302623623	15.438849344150402	18.669865902315014	19.132326933995525	0	0	0	0	0	0	0	0	0	1	0	0	0	0	0	0	0	1	0	0
41	8.576511157907694	11	2045.020285878737	11.423488842092306	17.978200315417464	14.242105879126152	1.3097260784649798	10	2123.7525181070537	18.69027392153502	18.670351807534537	19.396762672363423	0	0	0	0	0	0	0	0	0	0	1	1	0	0	0	0	0	0	0	0
42	6.7328451204032	6	2080.952163677645	13.2671548795968	17.868641119235587	14.265354336250633	11.440711649994213	18	2208.9044454924547	31.440711649994213	18.96733692014988	20.57784807203324	0	0	0	0	0	0	1	0	0	0	0	0	0	0	0	0	0	0	1	0
43	7.0346224511648	7	2116.066727872407	12.9653775488352	17.7572033108174	14.201183106314952	3.7317756680590755	17	2252.9642197247945	16.268224331940925	18.90599345223604	20.405882082232136	0	0	0	0	0	0	0	1	0	0	0	0	0	0	0	0	0	1	0	0
44	7.114175822705228	11	2150.9658350192467	12.885824177294772	17.648950441183562	14.169176446031631	2.195532493289228	4	2301.1846525554693	17.804467506710772	18.881515097891036	17.211942921201675	0	0	0	0	1	0	0	0	0	0	0	1	0	0	0	0	0	0	0	0
45	3.535439399038033	11	2195.557353313519	16.464560600961967	17.623202835961354	14.60890319442159	7.595478154052927	4	2334.780232554909	12.404521845947073	18.74071089676182	16.716291163201625	0	0	0	0	1	0	0	0	0	0	0	1	0	0	0	0	0	0	0	0
46	2.441069925946586	11	2243.112788930747	17.558930074053414	17.62183533038884	15.22892360214181	5.725852119892311	17	2373.439383063534	14.274147880107689	18.645677641088326	16.308513975777196	0	0	0	0	0	0	0	0	0	0	0	1	0	0	0	0	0	1	0	0
47	1.0480066487168038	5	2294.4411042571387	18.951993351283196	17.649546955824142	15.799753777486597	2.1306772164799987	17	2421.835465602234	17.86932278352	18.629503581555653	16.87108169189254	0	0	0	0	0	1	0	0	0	0	0	0	0	0	0	0	0	1	0	0
48	2.2682583022208007	11	2342.464571355291	17.7317416977792	17.65122439953751	16.332461248707986	6.653989461750152	5	2457.980910809994	13.346010538249848	18.52167719291676	17.042792433250597	0	0	0	0	0	1	0	0	0	0	0	1	0	0	0	0	0	0	0	0
49	0.6524583694985893	7	2398.398312772683	20.65245836949859	17.71124907893673	17.18159809899493	7.0828453477723095	0	2492.964871326444	12.91715465222769	18.409586742102977	17.045368445438363	1	0	0	0	0	0	0	1	0	0	0	0	0	0	0	0	0	0	0	0
50	1.47086883582449	11	2448.581376342325	18.52913116417551	17.727285982568866	16.043066070557096	7.562437031227079	1	2526.649937700204	12.437562968772921	18.292488236743566	16.745239807900614	0	1	0	0	0	0	0	0	0	0	0	1	0	0	0	0	0	0	0	0
51	2.2508753978387688	11	2496.651922139845	17.74912460216123	17.727705956022564	16.675629646563987	5.687198661174159	17	2565.4137746595243	14.31280133882584	18.215955796398994	16.307492549629693	0	0	0	0	0	0	0	0	0	0	0	1	0	0	0	0	0	1	0	0
52	2.4992375989784605	10	2557.5873573037447	22.49923759897846	17.81773485494626	17.598837918502152	11.048898329883073	17	2649.504540969624	31.048898329883073	18.458086787596805	16.26831121761858	0	0	0	0	0	0	0	0	0	0	1	0	0	0	0	0	0	1	0	0
53	4.955606886195197	11	2598.3325886536327	15.044393113804803	17.766376674554753	17.806739474999112	5.490641920846771	5	2688.800719100664	14.509358079153229	18.384962181884887	16.092424592339814	0	0	0	0	0	1	0	0	0	0	0	1	0	0	0	0	0	0	0	0
54	12.402527955667686	9	2686.089435200233	32.402527955667686	18.032488516029535	19.758409852836404	4.511040470785236	18	2755.184787042374	24.511040470785236	18.496345423501257	16.763081888747262	0	0	0	0	0	0	0	0	0	1	0	0	0	0	0	0	0	0	1	0
55	8.896753673452308	11	2716.160727334633	11.103246326547692	17.908752048360217	19.22227842539498	14.396779865893421	17	2848.342732512502	34.39677986589342	18.78028175282969	18.962307690741895	0	0	0	0	0	0	0	0	0	0	0	1	0	0	0	0	0	1	0	0
56	6.180813985885539	3	2753.587689456193	13.819186014114461	17.83700527582959	18.84830401940108	15.001369733336617	18	2943.138108873622	35.00136973333662	19.064862243715776	21.03502987606479	0	0	0	1	0	0	0	0	0	0	0	0	0	0	0	0	0	0	1	0
57	8.851762626441849	3	2783.780832342913	11.148237373558151	17.72168169130767	18.067928421628576	0.2617338549691013	11	2996.595913016414	19.7382661450309	19.076472655807414	21.221924212215875	0	0	0	1	0	0	0	0	0	0	0	1	0	0	0	0	0	0	0	0
58	5.408682740745849	3	2823.298983253393	14.59131725925415	17.668624667035573	17.753885977776072	21.300507633491193	17	3108.451454523786	41.30050763349119	19.453151214751205	24.01737392174001	0	0	0	1	0	0	0	0	0	0	0	0	0	0	0	0	0	1	0	0
59	6.3113683766350785	7	2860.3723605666733	13.688631623364921	17.602291449641065	17.057503303162704	4.178062716873848	17	3151.3025346655863	15.821937283126152	19.392630982557456	24.30785218482986	0	0	0	0	0	0	0	1	0	0	0	0	0	0	0	0	0	1	0	0
60	7.978583249319385	3	2892.930364266433	12.021416750680615	17.510801700477778	16.406731861813217	11.538381192371933	17	3236.7189837282604	31.538381192371933	19.59174164173474	26.21793400718976	0	0	0	1	0	0	0	0	0	0	0	0	0	0	0	0	0	1	0	0
61	8.321739678414772	8	2969.635075895473	28.321739678414772	17.68517166786386	17.463993369438573	3.334005621401598	17	3281.8560518369645	16.665994378598402	19.544552169748673	26.453253311167014	0	0	0	0	0	0	0	0	1	0	0	0	0	0	0	0	0	1	0	0
62	8.799983256920616	8	3047.635030549633	28.799983256920616	17.861597248642536	18.094067935232786	5.96028837494166	17	3319.8802708214976	14.03971162505834	19.45717374840438	24.752334640684545	0	0	0	0	0	0	0	0	1	0	0	0	0	0	0	0	0	1	0	0
63	7.391714582165665	10	3121.820924209665	27.391714582165665	18.010505331978834	19.328800082068874	8.327573698391877	11	3351.4930920550196	11.672426301608123	19.335537069548188	24.46864146293003	0	0	0	0	0	0	0	0	0	0	1	1	0	0	0	0	0	0	0	0
64	8.771725764702524	3	3152.230833596929	11.228274235297476	17.906163315106813	17.211374710031855	1.0029531107329177	17	3408.3760900632547	21.002953110732918	19.361189624027954	24.117832726924796	0	0	0	1	0	0	0	0	0	0	0	0	0	0	0	0	0	1	0	0
65	8.766832735751876	0	3182.653994937601	11.233167264248124	17.805057314336228	17.224366803801892	10.599326186192236	17	3491.2492651508587	30.599326186192236	19.53146442042438	23.73808735895468	1	0	0	0	0	0	0	0	0	0	0	0	0	0	0	0	0	1	0	0
66	8.19461213384074	10	3214.626920408449	11.80538786615926	17.715510009139553	17.022986989006377	3.8947039580288028	17	3534.867775264531	16.105296041971197	19.48032757895493	21.848479989818138	0	0	0	0	0	0	0	0	0	0	1	0	0	0	0	0	0	1	0	0
67	7.340788931473725	10	3248.912283719041	12.659211068526275	17.641152671777593	17.174084358503187	6.635733533998403	17	3571.062663609952	13.364266466001597	19.390385503764442	21.211080021915212	0	0	0	0	0	0	0	0	0	0	1	0	0	0	0	0	0	1	0	0
68	3.770830636614889	10	3292.866284078209	16.22916936338511	17.62068914556901	17.337869568916283	5.29120980932554	17	3610.898970376362	14.70879019067446	19.322536296328355	18.551908277633537	0	0	0	0	0	0	0	0	0	0	1	0	0	0	0	0	0	1	0	0
69	7.299337366228679	10	3327.263912044673	12.700662633771321	17.550403052543327	17.239072669956922	6.602138527493416	17	3647.184845197734	13.397861472506584	19.237898084559472	18.30950069657158	0	0	0	0	0	0	0	0	0	0	1	0	0	0	0	0	0	1	0	0
70	7.16520147968	11	3362.024824703873	12.83479852032	17.483986087300746	17.32041084692086	9.62370206238769	17	3727.415704950034	29.62370206238769	19.38417701382466	18.118032783573152	0	0	0	0	0	0	0	0	0	0	0	1	0	0	0	0	0	1	0	0
71	5.75997563380972	10	3400.591557362305	14.24002436619028	17.43893106339643	15.912239315698415	4.349947844633602	17	3769.801262870818	15.650052155366398	19.332314168568296	18.016438561249956	0	0	0	0	0	0	0	0	0	0	1	0	0	0	0	0	0	1	0	0
72	7.073023174470153	10	3435.602119598115	12.926976825529847	17.37712347109689	14.324938672559336	5.2778069073920015	17	3809.673869163298	14.722193092607998	19.269161825061992	18.08468670800492	0	0	0	0	0	0	0	0	0	0	1	0	0	0	0	0	0	1	0	0
73	6.857687992304001	12	3471.195881285625	13.142312007695999	17.319896289159043	12.89999841511237	5.682223847398406	17	3848.4511795765943	14.317776152601594	19.202251207866578	18.349221693104266	0	0	0	0	0	0	0	0	0	0	0	0	1	0	0	0	0	1	0	0
74	8.183834263673852	11	3547.527099083075	28.18383426367385	17.464748795485907	14.595554417950007	5.401424818534398	17	3887.9889873597303	14.598575181465602	19.1408688608479	17.708783900177536	0	0	0	0	0	0	0	0	0	0	0	1	0	0	0	0	0	1	0	0
75	13.842150989082576	11	3639.182924678507	33.842150989082576	17.680240929612175	16.85645279043345	13.613540359705596	17	3979.0256591672664	33.613540359705596	19.331298748990765	18.010205317528868	0	0	0	0	0	0	0	0	0	0	0	1	0	0	0	0	0	1	0	0
76	7.071593471260313	2	3674.197359027177	12.928406528739687	17.618528794535912	16.968754656691495	2.0622681804543923	17	4038.7776354893304	22.062268180454392	19.366765884464318	18.60590253137719	0	0	1	0	0	0	0	0	0	0	0	0	0	0	0	0	0	1	0	0
77	4.623626353224118	11	3740.886347067159	24.623626353224118	17.70833773759602	18.165196185161278	0.09149941634559866	17	4093.192113075266	20.0914994163456	19.376057340001257	19.27862582641159	0	0	0	0	0	0	0	0	0	0	0	1	0	0	0	0	0	1	0	0
78	9.9426335505472	11	3821.980979599891	29.9426335505472	17.863202241557424	19.53654260387749	15.091511844121598	15	4188.231624319762	35.0915118441216	19.574987143850883	21.316897991756303	0	0	0	0	0	0	0	0	0	0	0	1	0	0	0	1	0	0	0	0
79	9.958255074640746	11	3903.117920427043	29.958255074640746	18.014390401970964	21.26230184796443	11.186301327539205	17	4272.694523748514	31.186301327539205	19.720128571146986	23.095741977259568	0	0	0	0	0	0	0	0	0	0	0	1	0	0	0	0	0	1	0	0
80	7.461983001675808	11	3977.4941243899148	27.461983001675808	18.131027347646334	22.72502029610001	3.9891553964036923	17	4316.057227883254	16.010844603596308	19.674334941917966	21.734456231380427	0	0	0	0	0	0	0	0	0	0	0	1	0	0	0	0	0	1	0	0
81	5.386113309218468	11	4017.0734008441145	14.613886690781532	18.088135388416276	22.762406528559136	16.205655194589546	6	4414.114210701934	36.205655194589546	19.87593640841396	23.790016535302748	0	0	0	0	0	0	1	0	0	0	0	1	0	0	0	0	0	0	0	0
82	5.62300494997465	11	4056.0110957712664	14.37699505002535	18.043422854218793	22.90740835100869	11.832556859493167	17	4500.327385529728	31.832556859493167	20.019992076499253	25.50105291199126	0	0	0	0	0	0	0	0	0	0	0	1	0	0	0	0	0	1	0	0
83	5.895485760913722	10	4094.2108218354583	14.104514239086278	17.996531084991027	23.003628574147715	4.593613339673228	17	4542.053016068114	15.406386660326772	19.9650682024972	25.609913962763777	0	0	0	0	0	0	0	0	0	0	1	0	0	0	0	0	0	1	0	0
84	0.5399488327689852	11	4146.915127080042	19.460051167231015	18.013748968311496	22.131250264503432	5.914232226729478	17	4580.201970454054	14.085767773270522	19.895899962153358	25.55863322194427	0	0	0	0	0	0	0	0	0	0	0	1	0	0	0	0	0	1	0	0
85	13.653017761319376	11	4238.0587168502825	33.653017761319376	18.19560093102089	22.11233694172711	5.77001973135385	17	4618.741500348305	14.22998026864615	19.830017175019552	23.620277212838328	0	0	0	0	0	0	0	0	0	0	0	1	0	0	0	0	0	1	0	0
86	12.788074019430397	11	4326.859750652907	32.7880740194304	18.363330506749737	24.098303690796183	0.6520169992270723	17	4671.142287642065	19.347983000772928	19.824476552327063	23.34884869487018	0	0	0	0	0	0	0	0	0	0	0	1	0	0	0	0	0	1	0	0
87	14.590502118919872	11	4420.542360558315	34.59050211891987	18.547730184160763	25.09499126736576	4.715469707534645	17	4712.537890517492	15.284530292465355	19.772886253919545	22.868151782482155	0	0	0	0	0	0	0	0	0	0	0	1	0	0	0	0	0	1	0	0
88	3.394774946264615	11	4483.903209371115	23.394774946264615	18.602191361263053	24.440205406937494	6.376473524725171	11	4749.434941388028	13.62352647527483	19.703792323822412	20.72135324559748	0	0	0	0	0	0	0	0	0	0	0	2	0	0	0	0	0	0	0	0
89	0.08863282689575058	11	4538.309923277291	20.08863282689575	18.61870737754786	23.453243182163	1.8736987382914485	17	4808.676208804234	21.87369873829145	19.72790239509429	19.7900929866727	0	0	0	0	0	0	0	0	0	0	0	1	0	0	0	0	0	1	0	0
90	0.04475863550424464	11	4592.355368639467	19.955241364495755	18.633394564217618	22.70256901844499	0.07416463560123177	17	4863.043738025654	20.07416463560123	19.7317074746603	20.196424989873194	0	0	0	0	0	0	0	0	0	0	0	1	0	0	0	0	0	1	0	0
91	2.9969384869168003	11	4654.6387437082	22.9969384869168	18.680824389464348	23.54087419805852	5.826065921332679	17	4901.431476155379	14.17393407866732	19.671296894269073	17.99325287828097	0	0	0	0	0	0	0	0	0	0	0	1	0	0	0	0	0	1	0	0
92	6.9155006158351995	11	4690.075929540313	13.0844993841648	18.620648851772952	23.411624631472467	6.326318875998526	17	4938.464362532883	13.673681124001474	19.606806402115655	16.1773653047318	0	0	0	0	0	0	0	0	0	0	0	1	0	0	0	0	0	1	0	0
93	0.2546034659374783	11	4743.5530451534	19.74539653406252	18.632614252648374	23.975712860970088	7.374555443016618	11	4972.658274874712	12.625444556983382	19.532536595252548	15.899271094397463	0	0	0	0	0	0	0	0	0	0	0	2	0	0	0	0	0	0	0	0
94	5.744523815230769	11	4782.16162648715	14.25547618476923	18.586539115091753	23.455255362723914	5.444829203326773	17	5012.078529115703	14.555170796673227	19.480143271056978	15.946211396737734	0	0	0	0	0	0	0	0	0	0	0	1	0	0	0	0	0	1	0	0
95	6.820241966477784	11	4817.856804494606	13.179758033522216	18.5302184788254	21.407929389944194	12.304978583284182	17	5099.571179445431	32.30497858328418	19.61373530555934	17.753711228201535	0	0	0	0	0	0	0	0	0	0	0	1	0	0	0	0	0	1	0	0
96	4.915687436098958	11	4858.710151021838	15.084312563901042	18.49469367557876	19.637553244391263	4.140942588061542	17	5142.522793269431	15.859057411938458	19.57502728603748	17.404818669318093	0	0	0	0	0	0	0	0	0	0	0	1	0	0	0	0	0	1	0	0
97	10.159668132777359	4	4940.39258554811	30.15966813277736	18.613724027182826	19.19446984577701	5.731365735573663	17	5181.167011068918	14.268634264426337	19.520880418470018	17.303229066514188	0	0	0	0	1	0	0	0	0	0	0	0	0	0	0	0	0	1	0	0
98	4.685956206800737	4	4981.868120821358	15.314043793199263	18.580393923809254	18.386396730470477	2.9075847205169225	2	5227.458969117518	17.092415279483077	19.49635046757116	17.650117946935016	0	0	1	0	1	0	0	0	0	0	0	0	0	0	0	0	0	0	0	0
99	6.12365162488123	11	5019.449897670638	13.87634837511877	18.53335346832235	17.765168285292777	5.458055337030151	17	5266.843402579728	14.541944662969849	19.446806409525145	16.916942539402854	0	0	0	0	0	0	0	0	0	0	0	1	0	0	0	0	0	1	0	0
100	4.95861453644406	11	5060.186983301102	15.04138546355594	18.498779527681098	17.273782695198797	0.08880127285046768	15	5321.250572693698	20.088801272850468	19.453162794310547	16.91840620312778	0	0	0	0	0	0	0	0	0	0	0	1	0	0	0	1	0	0	0	0
101	5.8425429708681875	11	5098.530096088334	14.157457029131812	18.456217542401205	16.389834549420293	11.885474397952002	17	5407.607065854818	31.885474397952002	19.575048202189382	18.68956023505625	0	0	0	0	0	0	0	0	0	0	0	1	0	0	0	0	0	1	0	0
102	5.0074428150626495	11	5139.134938464206	14.99255718493735	18.42258977194039	16.580640329497548	3.8829566266215423	17	5451.257391657718	16.117043373378458	19.541475339773744	18.933896459993946	0	0	0	0	0	0	0	0	0	0	0	1	0	0	0	0	0	1	0	0
103	7.050296407276308	11	5174.2070523611665	12.949703592723692	18.369965866370997	15.901071035363666	5.337241684074341	17	5490.969028763349	14.66275831592566	19.49456459915982	19.137627835888175	0	0	0	0	0	0	0	0	0	0	0	1	0	0	0	0	0	1	0	0
104	1.431319043213783	11	5224.4972299524625	18.568680956786217	18.37185839104162	16.332391512565362	1.9460740004401238	17	5550.406312514541	21.946074000440124	19.51791230774344	19.876718156264864	0	0	0	0	0	0	0	0	0	0	0	1	0	0	0	0	0	1	0	0
105	1.0381865904615388	11	5275.852141269963	18.96181340953846	18.377424004423666	16.910597050166988	1.0457072379864627	17	5601.740855411661	18.954292762013537	19.512595142217688	18.541649574137796	0	0	0	0	0	0	0	0	0	0	0	1	0	0	0	0	0	1	0	0
106	0.5811205801353836	11	5328.444939698763	19.418879419864616	18.387157232605357	17.34405373576335	15.839319407623137	17	5698.805678807307	35.83931940762314	19.665181350305588	20.53967577370626	0	0	0	0	0	0	0	0	0	0	0	1	0	0	0	0	0	1	0	0
107	1.512971825865847	11	5378.513974337043	18.487028174134153	18.38808196354544	16.17678973989903	0.7842048819704601	17	5755.096233695977	20.78420488197046	19.67554267930248	21.191232835460674	0	0	0	0	0	0	0	0	0	0	0	1	0	0	0	0	0	1	0	0
108	15.179581111064614	11	5473.792006512843	35.179581111064614	18.54213241444011	18.163343471685565	8.912510024187817	17	5833.400948344819	28.912510024187817	19.760285498980327	22.373242309931147	0	0	0	0	0	0	0	0	0	0	0	1	0	0	0	0	0	1	0	0
109	14.314853079976366	11	5566.728066937779	34.314853079976366	18.6855207841268	20.20719394217132	5.401153001470766	17	5872.939492299169	14.598846998529234	19.713363330794408	22.37893254348709	0	0	0	0	0	0	0	0	0	0	0	1	0	0	0	0	0	1	0	0
110	27.187670493068794	11	5694.5280078565065	47.187670493068794	18.942296907630784	23.421822445122608	0.550363643046893	17	5925.615590765917	19.449636356953107	19.710987412111155	22.315016051897352	0	0	0	0	0	0	0	0	0	0	0	1	0	0	0	0	0	1	0	0
111	5.088613024034462	11	5734.913014249746	14.911386975965538	18.90630664038377	23.49721543980598	2.1459642391782126	17	5973.970270951476	17.854035760821787	19.694407486653212	20.911872188184333	0	0	0	0	0	0	0	0	0	0	0	1	0	0	0	0	0	1	0	0
112	5.7735394396632636	11	5773.443011600658	14.226460560336736	18.86489207330371	23.42060577734592	10.194949803006029	17	6055.748260001284	30.19494980300603	19.787332639895276	22.31966283114709	0	0	0	0	0	0	0	0	0	0	0	1	0	0	0	0	0	1	0	0
113	5.705570845594584	11	5812.157090560506	14.294429154405416	18.824800293313373	23.55507833351409	4.615277973613537	17	6097.415215489414	15.384722026386463	19.748713248548707	22.39185920219317	0	0	0	0	0	0	0	0	0	0	0	1	0	0	0	0	0	1	0	0
114	1.84217865684381	11	5871.312991089458	21.84217865684381	18.851038366039724	23.88242810351985	6.662207670054396	17	6169.625361262478	26.662207670054396	19.80883059134441	22.863472569154595	0	0	0	0	0	0	0	0	0	0	0	1	0	0	0	0	0	1	0	0
115	4.73987442582523	11	5912.642497852848	15.26012557417477	18.820082221282266	23.512259319983478	1.564120963717908	17	6219.555866985742	18.435879036282092	19.796994802076632	22.811631196581455	0	0	0	0	0	0	0	0	0	0	0	1	0	0	0	0	0	1	0	0
116	3.9437354791656674	11	5956.128214263441	16.056264520834333	18.796459847774166	23.17599783008045	2.6003849685343994	17	6266.679824362628	17.3996150314656	19.776504376686795	20.9676607589657	0	0	0	0	0	0	0	0	0	0	0	1	0	0	0	0	0	1	0	0
117	3.826030048654772	11	5999.932716215001	16.173969951345228	18.77423535712646	22.944692007801557	1.2753577059015413	17	6317.392397242478	18.72464229409846	19.76759029124113	20.7617045001785	0	0	0	0	0	0	0	0	0	0	0	1	0	0	0	0	0	1	0	0
118	6.841919814896	11	6035.5691833829915	13.158080185104	18.727040775848963	20.7425419152055	0.718708952365418	17	6373.505567321801	20.718708952365418	19.77558288503209	19.942324392996262	0	0	0	0	0	0	0	0	0	0	0	1	0	0	0	0	0	1	0	0
119	3.8745862560726145	11	6079.242178939461	16.125413743927385	18.70536055058295	18.9235979816006	5.46025520880837	17	6412.884042797945	14.53974479119163	19.73195090091675	19.936414172262495	0	0	0	0	0	0	0	0	0	0	0	1	0	0	0	0	0	1	0	0
120	1.37672648539262	11	6129.680211374856	18.62327351460738	18.704682145326952	16.06715828375446	4.034238844833478	17	6456.124645926521	15.965761155166522	19.700825365827907	19.58802665208384	0	0	0	0	0	0	0	0	0	0	0	1	0	0	0	0	0	1	0	0
