task	r0_energy	r0_config	r0_reward	r0_rate	r0_avgrate	r0_rollrate	r1_energy	r1_config	r1_reward	r1_rate	r1_avgrate	r1_rollrate	c0	c1	c2	c3	c4	c5	c6	c7	c8	c9	c10	c11	c12	c13	c14	c15	c16	c17	c18	c19
0	2.9373969310809827	0	46.21121664498901	17.062603068919017	17.062603068919017	17.062603068919017	4.968380549592611	0	40.71063601152	15.031619450407389	15.031619450407389	15.031619450407389	2	0	0	0	0	0	0	0	0	0	0	0	0	0	0	0	0	0	0	0
1	5.63756086317772	0	85.10948930721601	14.36243913682228	15.71252110287065	15.71252110287065	3.6089527304192046	0	85.103055699968	16.391047269580795	15.711333359994093	15.711333359994093	2	0	0	0	0	0	0	0	0	0	0	0	0	0	0	0	0	0	0	0
2	3.9526439861991385	1	128.57107851126	16.04735601380086	15.824132739847386	15.824132739847386	0.9871084181661516	1	141.943140999168	20.98710841816615	17.469925046051447	17.469925046051447	0	2	0	0	0	0	0	0	0	0	0	0	0	0	0	0	0	0	0	0
3	0.5983435048457793	1	184.35825883688398	20.59834350484578	17.017685431096986	17.017685431096986	0.5663717949440006	1	194.575884054528	19.433628205056	17.960850835802585	17.960850835802585	0	2	0	0	0	0	0	0	0	0	0	0	0	0	0	0	0	0	0	0
4	2.6653561383384634	2	231.30625262888395	17.334643861661537	17.081077117209894	17.081077117209894	6.5360906306796345	2	266.444462845952	26.536090630679634	19.675898794777996	19.675898794777996	0	0	2	0	0	0	0	0	0	0	0	0	0	0	0	0	0	0	0	0
5	5.991995165223388	2	269.24459905640396	14.008004834776612	16.568898403471014	16.568898403471014	18.01982878956308	2	369.414832484352	38.01982878956308	22.73322046057551	22.73322046057551	0	0	2	0	0	0	0	0	0	0	0	0	0	0	0	0	0	0	0	0
6	6.00180728082117	3	307.15637100417996	13.99819271917883	16.201654734286418	16.201654734286418	0.8665165697476915	3	425.92831486075204	20.86651656974769	22.466548476171535	22.466548476171535	0	0	0	2	0	0	0	0	0	0	0	0	0	0	0	0	0	0	0	0
7	6.049483224853912	3	344.93902060353395	13.950516775146088	15.920262489393876	15.920262489393876	0.7426677284369276	3	478.083589762902	19.257332271563072	22.06539645059548	22.06539645059548	0	0	0	2	0	0	0	0	0	0	0	0	0	0	0	0	0	0	0	0
8	6.165136497166397	4	382.40844259037493	13.834863502833603	15.68855149088718	15.68855149088718	0.8276557363361192	4	530.008688810325	19.17234426366388	21.74394620760308	21.74394620760308	0	0	0	0	2	0	0	0	0	0	0	0	0	0	0	0	0	0	0	0
9	15.374127411203212	4	478.21337099571696	35.37412741120321	17.657109082918783	17.657109082918783	5.472122930046522	4	569.355022541449	14.527877069953478	21.022339293838122	21.022339293838122	0	0	0	0	2	0	0	0	0	0	0	0	0	0	0	0	0	0	0	0
10	6.387959776425843	5	515.079313267897	13.612040223574157	17.28937555025109	17.312052798384293	6.346938816678893	5	606.332063246277	13.653061183321107	20.352404920154758	20.884483467129492	0	0	0	0	0	2	0	0	0	0	0	0	0	0	0	0	0	0	0	0
11	2.6081972373484312	5	562.182112416745	17.39180276265157	17.297911151284463	17.614989160967223	6.3580071554269555	5	643.279127200329	13.641992844573045	19.79320391385628	20.609578024628718	0	0	0	0	0	2	0	0	0	0	0	0	0	0	0	0	0	0	0	0
12	6.641307736068802	6	598.361903964892	13.358692263931198	16.99489431379575	17.34612278598026	4.3825868626880045	6	685.5762877805489	15.617413137311996	19.47198923873749	20.0726084965433	0	0	0	0	0	0	2	0	0	0	0	0	0	0	0	0	0	0	0	0
13	6.257675192771691	6	635.580700317802	13.742324807228309	16.762567920469504	16.66052091621851	2.7020598865789545	6	732.4248755877309	17.297940113421046	19.3167000155006	19.859039687379806	0	0	0	0	0	0	2	0	0	0	0	0	0	0	0	0	0	0	0	0
14	6.4575883504529195	7	672.2580652019919	13.54241164954708	16.54789083574134	16.281297695007066	6.281979254087137	7	769.5778484412449	13.718020745912863	18.943454730861415	18.577232698903124	0	0	0	0	0	0	0	2	0	0	0	0	0	0	0	0	0	0	0	0
15	6.424420562954092	7	709.025259510658	13.575579437045908	16.36212137332288	16.238055155233997	6.039079932080002	7	807.3886736251949	13.960920067919998	18.632046314427576	16.171341826738818	0	0	0	0	0	0	0	2	0	0	0	0	0	0	0	0	0	0	0	0
16	6.073385325883077	8	746.743174253058	13.926614674116923	16.21885627336959	16.23089735072781	1.7933445223040039	8	856.6983655439549	18.206655477695996	18.6070233240316	15.905355717533647	0	0	0	0	0	0	0	0	2	0	0	0	0	0	0	0	0	0	0	0
17	5.461240825088002	8	786.118980351778	14.538759174911998	16.1255175456775	16.289721590704396	16.72291853581784	8	956.1562699117949	36.72291853581784	19.613461946908615	17.651914343959124	0	0	0	0	0	0	0	0	2	0	0	0	0	0	0	0	0	0	0	0
18	6.2467931743556875	9	823.3672488378979	13.753206825644313	16.000659086728387	16.28155592298547	2.1143642864000043	9	1004.5965333027949	17.885635713599996	19.522523724102896	17.523243488952737	0	0	0	0	0	0	0	0	0	2	0	0	0	0	0	0	0	0	0	0
19	3.064012487273846	9	885.832282657598	23.064012487273846	16.35382675675566	15.050544430592529	0.30245423832615614	9	1057.9440530739948	19.697545761673844	19.531274825981445	18.040210358124774	0	0	0	0	0	0	0	0	0	2	0	0	0	0	0	0	0	0	0	0
20	7.9625731333686165	10	918.4336470880579	12.037426866631384	16.148283904844977	14.893083094898254	3.642811394129229	10	1102.2447722148947	16.35718860587077	19.380127863119032	18.310623100379736	0	0	0	0	0	0	0	0	0	0	2	0	0	0	0	0	0	0	0	0
21	2.8406373702080003	10	964.9069208770779	17.159362629792	16.194242028706206	14.869839081612298	6.805894977565536	10	1137.9788066506546	13.194105022434464	19.09894500672428	18.26583431816588	0	0	0	0	0	0	0	0	0	0	2	0	0	0	0	0	0	0	0	0
22	4.472231474707698	11	1031.185881121078	24.472231474707698	16.554154613314967	15.981193002689945	6.449393017501542	11	1174.6783672282547	13.550606982498458	18.85771291871446	18.059153702684526	0	0	0	0	0	0	0	0	0	0	0	2	0	0	0	0	0	0	0	0
23	3.8035012848529206	11	1095.653697100888	23.80350128485292	16.856210724629047	16.987310650452407	0.09412162999138474	11	1229.0999466428148	20.094121629991385	18.909229948350998	18.33877185434156	0	0	0	0	0	0	0	0	0	0	0	2	0	0	0	0	0	0	0	0
24	14.232115450225237	12	1188.365676445248	34.23211545022524	17.551246913652896	19.05628103052022	16.88641274273477	12	1329.0006478210548	36.88641274273477	19.628317260126348	20.655611054023755	0	0	0	0	0	0	0	0	0	0	0	0	2	0	0	0	0	0	0	0
25	1.7194176952259674	12	1237.875586854011	18.280582304774033	17.579298274849865	19.526781317293036	3.3129281781087947	12	1392.1398283034328	23.312928178108795	19.770033064664137	21.59081186504263	0	0	0	0	0	0	0	0	0	0	0	0	2	0	0	0	0	0	0	0
26	1.5884824797011703	13	1287.7401134714871	18.41151752029883	17.61012120986649	19.975271601911224	0.09510545458806519	13	1446.0489176972567	19.904894545411935	19.77502793432146	21.760635771814226	0	0	0	0	0	0	0	0	0	0	0	0	0	2	0	0	0	0	0	0
27	6.746098180222033	13	1323.6360975667192	13.253901819777967	17.45454194593476	19.846785866397823	15.683413216059073	13	1542.6914951574167	35.68341321605907	20.343184551526377	21.656685239838346	0	0	0	0	0	0	0	0	0	0	0	0	0	2	0	0	0	0	0	0
28	6.038177446518157	14	1361.4493669823992	13.961822553481843	17.334103346195004	19.86764743918158	13.349663727489357	14	1633.0135010860338	33.34966372748936	20.791683833456133	23.203088041227282	0	0	0	0	0	0	0	0	0	0	0	0	0	0	2	0	0	0	0	0
29	7.956404215713475	14	1394.0674388981752	12.043595784286525	17.15775309413139	18.765605768882846	14.558980069783509	14	1726.6107387750308	34.55898006978351	21.25059370800038	24.68923147203825	0	0	0	0	0	0	0	0	0	0	0	0	0	0	2	0	0	0	0	0
30	5.4306534804873845	15	1433.5260857218552	14.569346519512616	17.074256107853362	19.018797734170967	4.410121143384615	15	1768.8333273450307	15.589878856615385	21.067990003116993	24.612500497112713	0	0	0	0	0	0	0	0	0	0	0	0	0	0	0	2	0	0	0	0
31	6.581612148838401	15	1469.8675528187512	13.418387851161599	16.960010224831745	18.64470025630793	6.188052756836925	15	1806.2406844619306	13.811947243163075	20.841238666868435	24.67428471918557	0	0	0	0	0	0	0	0	0	0	0	0	0	0	0	2	0	0	0	0
32	5.314727679369847	16	1509.6401653537912	14.685272320630153	16.89107877318927	17.666004340900173	6.295381089226584	16	1843.3573606786085	13.704618910773416	20.624977462138283	24.68968591201307	0	0	0	0	0	0	0	0	0	0	0	0	0	0	0	0	2	0	0	0
33	2.044848961315445	16	1558.2686994168953	17.955151038684555	16.922375016292076	17.081169316283336	4.671445831099689	16	1910.1758598045035	24.67144583109969	20.743991237695973	25.147418332123898	0	0	0	0	0	0	0	0	0	0	0	0	0	0	0	0	2	0	0	0
34	4.805141441998767	17	1599.4214413448153	15.194858558001233	16.873017403198048	15.177443627060935	6.047570508670034	17	1947.9636896768554	13.952429491329966	20.54994661637123	22.854020006983415	0	0	0	0	0	0	0	0	0	0	0	0	0	0	0	0	0	2	0	0
35	6.454739244091078	17	1636.1065225587354	13.545260755908922	16.780579718551127	14.703911472174422	4.3148299018171095	17	1990.4443586927675	15.68517009818289	20.414813935310445	22.091244198990825	0	0	0	0	0	0	0	0	0	0	0	0	0	0	0	0	0	2	0	0
36	6.109290352640004	18	1673.7271945203354	13.890709647359996	16.70247512203245	14.25183068488054	5.8313042046464005	18	2028.8179098051835	14.1686957953536	20.245999931527827	21.51762432398499	0	0	0	0	0	0	0	0	0	0	0	0	0	0	0	0	0	0	2	0
37	8.596567313027943	18	1751.1762309931194	28.596567313027943	17.015477548111278	15.786097234205537	10.522201406006147	18	2111.4822052797836	30.522201406006147	20.516426286119362	21.001503142979704	0	0	0	0	0	0	0	0	0	0	0	0	0	0	0	0	0	0	2	0
38	9.252086138128	19	1830.4006309505494	29.252086138128	17.32923674272709	17.315123592670155	15.616353504142275	19	2207.9431626868354	35.616353504142275	20.903603907094308	21.22817212064499	0	0	0	0	0	0	0	0	0	0	0	0	0	0	0	0	0	0	0	2
39	14.353343857035071	19	1923.4409372300195	34.35334385703507	17.75483942058479	19.54609839994501	15.850403369089975	19	2305.0380051447873	35.850403369089975	21.2772738936442	21.35731445057564	0	0	0	0	0	0	0	0	0	0	0	0	0	0	0	0	0	0	0	2
40	24.20203422220554	18	2043.1547799151595	44.20203422220554	18.399892952331637	22.5093671702143	4.260323607662276	3	2347.666295374035	15.739676392337724	21.1422105399538	21.372294204147874	0	0	0	1	0	0	0	0	0	0	0	0	0	0	0	0	0	0	1	0
41	4.5059457309679996	18	2085.1178435604543	15.494054269032	18.33070631701498	22.716933812001344	3.3394335942788906	3	2392.788662722863	16.66056640572111	21.035504727233974	21.657156120403677	0	0	0	1	0	0	0	0	0	0	0	0	0	0	0	0	0	0	1	0
42	6.145058870513232	18	2122.6416424528143	13.854941129486768	18.22661875451432	22.633900692887003	3.6620678435288596	3	2456.8734297990873	23.66206784352886	21.09658759040362	22.652901013679223	0	0	0	1	0	0	0	0	0	0	0	0	0	0	0	0	0	0	1	0
43	8.584622556627068	18	2200.058328543679	28.584622556627068	18.462027931835067	23.69684784468126	4.841158249212299	3	2524.1515667240374	24.8411582492123	21.181691469012907	22.669872255490482	0	0	0	1	0	0	0	0	0	0	0	0	0	0	0	0	0	0	1	0
44	14.979495659078893	18	2294.794462620351	34.97949565907889	18.82908277021826	25.675311554789022	5.123952141063995	3	2592.1956037727523	25.123952141063995	21.269297261725153	23.787024520463888	0	0	0	1	0	0	0	0	0	0	0	0	0	0	0	0	0	0	1	0
45	0.6197091003451121	18	2347.2827504735833	19.380290899654888	18.8410655556408	26.258814569163615	16.524302281321596	3	2691.1155891179983	36.524302281321596	21.600927805629425	25.87093773877776	0	0	0	1	0	0	0	0	0	0	0	0	0	0	0	0	0	0	1	0
46	4.190339578467938	18	2390.100580781899	15.809660421532062	18.776567574064018	26.450709646580822	5.881781748800002	3	2729.352430214998	14.118218251199998	21.44172121936497	25.8658899843624	0	0	0	1	0	0	0	0	0	0	0	0	0	0	0	0	0	0	1	0
47	16.868648516366143	18	2489.953170513724	36.86864851636614	19.153485927028644	27.277917766914648	4.606401490783995	3	2771.043426177458	15.393598509216005	21.31571866290353	24.353029694683386	0	0	0	1	0	0	0	0	0	0	0	0	0	0	0	0	0	0	1	0
48	12.019417172186337	18	2576.6724253550624	32.01941717218634	19.416055952440026	27.55465087032048	1.055959143113597	3	2822.350203498192	18.944040856886403	21.26731707502563	22.685798429957796	0	0	0	1	0	0	0	0	0	0	0	0	0	0	0	0	0	0	1	0
49	0.4964447446256024	18	2629.4945541717016	19.503555255374398	19.417805938498713	26.06967201015441	4.233725506024005	3	2887.9832100770072	24.233725506024005	21.326645243645597	21.524130643651198	0	0	0	1	0	0	0	0	0	0	0	0	0	0	0	0	0	0	1	0
50	0.09833147181477031	18	2683.3949064355365	19.90166852818523	19.427293440257273	23.63963544075238	4.745785244700798	3	2929.2967083726094	15.254214755299202	21.207577979168217	21.475584479947344	0	0	0	1	0	0	0	0	0	0	0	0	0	0	0	0	0	0	1	0
51	11.319603560751265	18	2768.2188327459044	31.319603560751265	19.655991711805235	25.222190369924306	4.753279101929602	3	2970.5899108048834	15.246720898070398	21.09294611222403	21.334199929182272	0	0	0	1	0	0	0	0	0	0	0	0	0	0	0	0	0	0	1	0
52	5.836579490533907	18	2806.5780966257084	14.163420509466093	19.552358292893175	25.253038307922242	1.335025659123204	3	3021.140882978091	18.664974340876796	21.047135324085403	20.834490578917073	0	0	0	1	0	0	0	0	0	0	0	0	0	0	0	0	0	0	1	0
53	6.03252081471606	18	2844.4066860858525	13.96747918528394	19.448934605715227	23.791323970787925	0.2913456887551966	3	3074.5184884043792	19.708654311244803	21.02234863866243	20.321240185120324	0	0	0	1	0	0	0	0	0	0	0	0	0	0	0	0	0	0	1	0
54	10.455812863116307	18	2926.8911792567924	30.455812863116307	19.6490596649407	23.338955691191664	0.8152264768492294	3	3126.4772500295794	19.18477352315077	20.988938182016764	19.727322323329	0	0	0	1	0	0	0	0	0	0	0	0	0	0	0	0	0	0	1	0
55	6.075165853900309	18	2964.6042717358123	13.924834146099691	19.546841352104256	22.793410015836148	4.893454562213419	3	3167.3908105902515	15.10654543778658	20.883895454441223	17.585546638975497	0	0	0	1	0	0	0	0	0	0	0	0	0	0	0	0	0	0	1	0
56	10.8163116356608	18	3048.06511574906	30.8163116356608	19.744551357078933	24.294075137249017	3.0455368695335387	3	3229.8058062785713	23.04553686953354	20.921818988039337	18.47827850080885	0	0	0	1	0	0	0	0	0	0	0	0	0	0	0	0	0	0	1	0
57	6.171460931729229	18	3085.5174090589603	13.828539068270771	19.642551145202933	21.990064192439483	15.470519892387443	3	3325.8717976537873	35.47051989238744	21.17265865880396	20.485970639125995	0	0	0	1	0	0	0	0	0	0	0	0	0	0	0	0	0	0	1	0
58	6.190253185043689	18	3122.9188066828	13.809746814956311	19.54369005485977	20.169097156716482	0.557348136377108	3	3381.547948856475	20.557348136377108	21.162229666898423	20.647301367075062	0	0	0	1	0	0	0	0	0	0	0	0	0	0	0	0	0	0	1	0
59	10.022655990380798	18	3204.230166656748	30.022655990380798	19.718339487118453	21.22100723021712	5.863138326023879	3	3419.835282556827	14.13686167397612	21.045140200349717	19.63761498387027	0	0	0	1	0	0	0	0	0	0	0	0	0	0	0	0	0	0	1	0
60	6.184017444822155	18	3241.6484527436883	13.815982555177845	19.62157953741451	20.612438632916383	4.745242475193109	3	3461.1502508531794	15.254757524806891	20.950215894193278	19.637669260821042	0	0	0	1	0	0	0	0	0	0	0	0	0	0	0	0	0	0	1	0
61	6.27927630752	18	3278.808746077488	13.72072369248	19.526404443141374	18.852550646089252	0.02523030686522887	3	3515.3852496009395	20.02523030686523	20.93529677181702	20.115520201700527	0	0	0	1	0	0	0	0	0	0	0	0	0	0	0	0	0	0	1	0
62	9.3503009651931	18	3358.2991445248863	29.3503009651931	19.682339308570768	20.371238691661954	0.12239897604431249	3	3569.2204190408193	19.877601023955688	20.9185079504224	20.23678287000842	0	0	0	1	0	0	0	0	0	0	0	0	0	0	0	0	0	0	1	0
63	6.154957679978832	18	3395.7961341416103	13.845042320021168	19.59113154312468	20.35899500513568	17.04112736759386	3	3669.540138994719	37.04112736759386	21.1704238788157	21.970030175643323	0	0	0	1	0	0	0	0	0	0	0	0	0	0	0	0	0	0	1	0
64	4.795323755801601	18	3436.9754656363143	15.2046762441984	19.52364761544889	18.83388134324389	2.579125070574765	3	3730.691936060859	22.579125070574765	21.192096204842763	22.309465330385724	0	0	0	1	0	0	0	0	0	0	0	0	0	0	0	0	0	0	1	0
65	6.130436820064494	18	3474.5388659153064	13.869563179935506	19.437979669456265	18.82835424662747	0.10664817730400244	3	3784.569763913994	19.893351822695998	21.172418259658723	22.788145968876666	0	0	0	1	0	0	0	0	0	0	0	0	0	0	0	0	0	0	1	0
66	10.055216299721849	18	3555.9384100603866	30.05521629972185	19.596445887818437	18.752244713033576	3.273174274633355	3	3829.871583586862	16.726825725366645	21.106066132281228	22.156274854459973	0	0	0	1	0	0	0	0	0	0	0	0	0	0	0	0	0	0	1	0
67	5.8883821076	18	3594.1573751856367	14.1116178924	19.515786652591697	18.7805525954465	4.727733959521723	3	3871.233970779824	15.272266040478277	21.020274954460596	20.13644946926906	0	0	0	1	0	0	0	0	0	0	0	0	0	0	0	0	0	0	1	0
68	6.040179524664612	18	3631.9652223063367	13.959820475335388	19.435265403645953	18.795559961484408	5.80643833899126	3	3909.6748669450562	14.19356166100874	20.921337080642456	19.500070821732223	0	0	0	1	0	0	0	0	0	0	0	0	0	0	0	0	0	0	1	0
69	6.990728520017843	18	3705.0651120480516	26.990728520017843	19.543200591022696	18.492367214448112	5.725475805140922	3	3948.335036639466	14.274524194859078	20.82638261084555	19.51383707382052	0	0	0	1	0	0	0	0	0	0	0	0	0	0	0	0	0	0	1	0
70	0.09588908126153939	18	3759.4914783098016	20.09588908126154	19.550984935955636	19.12035786705648	10.865701124229904	3	4031.9296438509223	30.865701124229904	20.96778146314674	21.07493143376282	0	0	0	1	0	0	0	0	0	0	0	0	0	0	0	0	0	0	1	0
71	15.497567888013542	18	3855.6307246731717	35.49756788801354	19.772465254734218	21.298042286609835	5.814944443856005	3	4070.347502648812	14.185055556143995	20.87357693666059	20.490913958690694	0	0	0	1	0	0	0	0	0	0	0	0	0	0	0	0	0	0	1	0
72	0.3883030080763099	18	3908.7457373596317	19.61169699192369	19.770262949764213	20.32418188928289	5.7082845543846155	3	4109.054231980687	14.291715445615385	20.78341445048189	19.932325400856662	0	0	0	1	0	0	0	0	0	0	0	0	0	0	0	0	0	0	1	0
73	0.17631652075692372	18	3963.3899279366815	20.176316520756924	19.77575016018303	20.957309309356468	5.732491821702151	3	4147.695399963577	14.267508178297849	20.695361663019945	17.654963481927062	0	0	0	1	0	0	0	0	0	0	0	0	0	0	0	0	0	0	1	0
74	10.860688407335388	18	4046.9709590398816	30.860688407335388	19.92354933681173	22.522910525670163	5.589494477360736	3	4186.723852420725	14.410505522639264	20.611563581148204	16.83810152713351	0	0	0	1	0	0	0	0	0	0	0	0	0	0	0	0	0	0	1	0
75	5.99506376875077	18	4084.9009946661818	14.00493623124923	19.845672848580644	22.53644783080154	5.749525159595322	3	4225.318888446821	14.250474840404678	20.527865045085786	16.27381382890438	0	0	0	1	0	0	0	0	0	0	0	0	0	0	0	0	0	0	1	0
76	5.964546365969234	18	4122.913681591682	14.035453634030766	19.770215456183895	20.93447156423243	12.596735149060919	3	4313.601712808861	32.59673514906092	20.68460361786469	17.86080477127381	0	0	0	1	0	0	0	0	0	0	0	0	0	0	0	0	0	0	1	0
77	5.755336870990771	18	4161.492977566082	14.24466312900923	19.699375041732935	20.947776087893356	1.4634893028844331	3	4363.8047626135485	18.536510697115567	20.65706396503457	18.18722923693754	0	0	0	1	0	0	0	0	0	0	0	0	0	0	0	0	0	0	1	0
78	5.053072157119999	18	4201.974240473882	14.946927842880001	19.639217482253787	21.04648682464782	4.373759055423015	3	4406.125831838444	15.626240944576985	20.593382660978143	18.330497165294364	0	0	0	1	0	0	0	0	0	0	0	0	0	0	0	0	0	0	1	0
79	10.912643339015386	18	4285.695982850381	30.912643339015386	19.780135305463308	21.43867830654757	5.637465367168495	3	4445.024363135696	14.362534632831505	20.51549706062631	18.339298209091606	0	0	0	1	0	0	0	0	0	0	0	0	0	0	0	0	0	0	1	0
80	5.909147045308307	18	4323.858709602671	14.090852954691693	19.709897251750075	20.838174693890586	4.759905115186957	3	4486.299620115398	15.240094884813043	20.45036863870269	16.77673758514992	0	0	0	1	0	0	0	0	0	0	0	0	0	0	0	0	0	0	1	0
81	10.269619150495512	18	4405.838928135263	30.26961915049551	19.838674348076243	20.31537982013878	0.5714505860515651	3	4542.013965452621	20.571450586051565	20.4518452478167	17.415377088140673	0	0	0	1	0	0	0	0	0	0	0	0	0	0	0	0	0	0	1	0
82	5.983794158628431	18	4443.799485622311	14.016205841371569	19.768524125103898	19.75583070508357	0.24826125413956746	3	4596.853006349249	20.248261254139567	20.44939242861577	18.01103166899309	0	0	0	1	0	0	0	0	0	0	0	0	0	0	0	0	0	0	1	0
83	10.594351118859816	18	4526.6591865692235	30.594351118859816	19.897403017886706	20.797634164893857	0.2244801423427667	3	4651.627640068094	20.224480142342767	20.446714901398234	18.60672886539759	0	0	0	1	0	0	0	0	0	0	0	0	0	0	0	0	0	0	1	0
84	4.9557187203524915	18	4567.404115034936	15.044281279647508	19.840307468025067	19.215993452125073	5.541270511794705	3	4690.7866990986495	14.458729488205295	20.376268014184202	18.611551261954194	0	0	0	1	0	0	0	0	0	0	0	0	0	0	0	0	0	0	1	0
85	5.898041933001849	18	4605.596918133056	14.10195806699815	19.77358247498987	19.225695635699964	2.8858593894674485	3	4737.137496585508	17.11414061053255	20.338336300188253	18.897917838966983	0	0	0	1	0	0	0	0	0	0	0	0	0	0	0	0	0	0	1	0
86	10.10075016919729	18	4687.119783174631	30.10075016919729	19.892285551934783	20.832225289216616	5.495699378124062	3	4776.419977436422	14.504300621875938	20.27127841882834	17.088674386248478	0	0	0	1	0	0	0	0	0	0	0	0	0	0	0	0	0	0	1	0
87	5.548380260731074	18	4726.259586635151	14.451619739268926	19.83045980406358	20.852920950242584	5.665524262171816	3	4815.24251589304	14.334475737828184	20.20381475199879	16.66847089031974	0	0	0	1	0	0	0	0	0	0	0	0	0	0	0	0	0	0	1	0
88	5.990163359182771	18	4764.2028942040315	14.009836640817229	19.765059543802384	20.75921183003631	13.196835781906465	3	4905.15061280237	33.196835781906465	20.349803752334832	18.425530374052684	0	0	0	1	0	0	0	0	0	0	0	0	0	0	0	0	0	0	1	0
89	1.89742527611471	18	4813.230700747888	18.10257472388529	19.746587490247748	19.478204968523297	5.638794648225847	3	4944.045543963425	14.361205351774153	20.28326377010638	18.425397445946953	0	0	0	1	0	0	0	0	0	0	0	0	0	0	0	0	0	0	1	0
90	5.678008393590156	18	4852.019428015247	14.321991606409844	19.68697654646931	19.501318833695116	1.6024706315005552	3	4993.872186003111	18.397529368499445	20.262541414044765	18.741140894315592	0	0	0	1	0	0	0	0	0	0	0	0	0	0	0	0	0	0	1	0
91	10.857680366980919	18	4935.592312342487	30.85768036698092	19.808397240170525	19.560124955343657	5.087104582143388	3	5034.261277759806	14.912895417856612	20.204393087999243	18.1752853774961	0	0	0	1	0	0	0	0	0	0	0	0	0	0	0	0	0	0	1	0
92	0.23699442489107625	18	4989.117119108408	19.763005575108924	19.807909157750508	20.134804928717394	5.558188657524427	3	5073.374516812344	14.441811342475573	20.14242984342372	17.594640386329697	0	0	0	1	0	0	0	0	0	0	0	0	0	0	0	0	0	0	1	0
93	5.148169997233232	18	5057.2267461842475	25.148169997233232	19.86472044327692	19.59018681655473	4.608842750002587	3	5115.058901031087	15.391157249997413	20.091884390302162	17.11130809709516	0	0	0	1	0	0	0	0	0	0	0	0	0	0	0	0	0	0	1	0
94	21.042547419265972	18	5168.383645444759	41.04254741926597	20.087644937761016	22.190013430516576	12.0395512453659	3	5201.8326856539525	32.0395512453659	20.217649304565988	18.869390272811223	0	0	0	1	0	0	0	0	0	0	0	0	0	0	0	0	0	0	1	0
95	0.03785316893144852	18	5222.652831110615	20.03785316893145	20.087126273502374	22.78360294070991	5.684929198062525	3	5240.602669075866	14.315070801937475	20.156164111830275	18.589483291951716	0	0	0	1	0	0	0	0	0	0	0	0	0	0	0	0	0	0	1	0
96	10.794381704200362	18	5306.054281559491	30.79438170420036	20.197510350107507	22.852966094210217	5.503233259933541	3	5279.864745663546	14.496766740066459	20.09781980902859	18.588729903770766	0	0	0	1	0	0	0	0	0	0	0	0	0	0	0	0	0	0	1	0
97	6.105930725368863	18	5343.684052511617	13.894069274631137	20.133189522806727	22.797211047746437	4.5077799661593865	3	5321.822841588531	15.492220033840614	20.05082389295524	18.704504333372014	0	0	0	1	0	0	0	0	0	0	0	0	0	0	0	0	0	0	1	0
98	11.115806511935006	18	5427.956028481441	31.115806511935006	20.24412504794944	24.50780803485821	5.306804286051937	3	5361.616913313807	14.693195713948063	19.996706436601634	16.85414032657617	0	0	0	1	0	0	0	0	0	0	0	0	0	0	0	0	0	0	1	0
99	5.974664045134771	18	5465.941313359201	14.025335954865229	20.181937157018595	24.10008415795621	4.837739348573786	3	5402.681369244753	15.162260651426214	19.94836197874988	16.934245856541377	0	0	0	1	0	0	0	0	0	0	0	0	0	0	0	0	0	0	1	0
100	5.924294633275814	18	5504.063015394078	14.075705366724186	20.121479416520632	24.07545553398764	0.4562855937353838	3	5458.083809394453	20.456285593735384	19.953390925432906	17.14012147906497	0	0	0	1	0	0	0	0	0	0	0	0	0	0	0	0	0	0	1	0
101	0.39825699432542194	18	5557.15106936778	19.601743005674578	20.116383961512337	22.949861797857004	19.771051794983393	3	5565.797074672533	39.77105179498339	20.147681718271635	19.625937116777646	0	0	0	1	0	0	0	0	0	0	0	0	0	0	0	0	0	0	1	0
102	5.990710690119387	18	5595.09289458204	14.009289309880613	20.057091780428532	22.37449017133418	0.03679127854277198	3	5620.063384385253	20.036791278542772	20.146605112060676	20.18543511038437	0	0	0	1	0	0	0	0	0	0	0	0	0	0	0	0	0	0	1	0
103	11.640139615305351	18	5680.784939373491	31.64013961530535	20.168467240379275	23.023687133141387	3.967387698364675	3	5663.485042702182	16.032612301635325	20.10704748888351	20.24958061554816	0	0	0	1	0	0	0	0	0	0	0	0	0	0	0	0	0	0	1	0
104	3.1876218859520016	18	5726.318463432372	16.812378114048	20.136504486795168	20.60067020261959	5.634832565238154	3	5702.390704504662	14.365167434761846	20.052362916939494	18.482142234487757	0	0	0	1	0	0	0	0	0	0	0	0	0	0	0	0	0	0	1	0
105	5.992432737912617	18	5764.255624767192	14.007567262087383	20.078684324297924	19.99764161193518	4.670825764349416	3	5743.9072180595485	15.329174235650584	20.00780453315375	18.583552577859063	0	0	0	1	0	0	0	0	0	0	0	0	0	0	0	0	0	0	1	0
106	10.330043305310529	18	5846.399492052408	30.33004330531053	20.174491417578416	19.9512077720462	4.5275516278344625	3	5785.811765734164	15.472448372165537	19.96541802697629	18.681120741068973	0	0	0	1	0	0	0	0	0	0	0	0	0	0	0	0	0	0	1	0
107	1.987520105481849	18	5895.183291766728	18.01247989451815	20.154472792364892	20.363048834034903	4.363566044388431	3	5828.160441030612	15.636433955611569	19.925334841130322	18.69554213324607	0	0	0	1	0	0	0	0	0	0	0	0	0	0	0	0	0	0	1	0
108	15.323948976086527	18	5990.852320243629	35.32394897608653	20.293642298637568	20.783863080450054	11.428714533983758	3	5913.279876226818	31.428714533983758	20.030870434642736	20.369094015249637	0	0	0	1	0	0	0	0	0	0	0	0	0	0	0	0	0	0	1	0
109	5.985360663128368	18	6028.808635114323	14.014639336871632	20.236560453530608	20.782793418650694	1.607504351478159	3	5963.0928852748975	18.39249564852184	20.015976118405273	20.692117514959204	0	0	0	1	0	0	0	0	0	0	0	0	0	0	0	0	0	0	1	0
110	5.887768825749662	18	6067.029261211251	14.112231174250338	20.181386315879433	20.786445999403306	1.2254943561999987	3	6020.5785991562725	21.2254943562	20.026872679106127	20.76903839120566	0	0	0	1	0	0	0	0	0	0	0	0	0	0	0	0	0	0	1	0
111	9.651794824326398	18	6147.336205527135	29.651794824326398	20.265943534704853	21.791451181268492	4.568354832746463	3	6062.372638150918	15.431645167253537	19.985843862036013	18.335097728432675	0	0	0	1	0	0	0	0	0	0	0	0	0	0	0	0	0	0	1	0
112	4.695977702008863	18	6188.784599250861	15.304022297991137	20.222032727300306	21.92092448007954	5.470791019670148	3	6131.356030495857	25.47079101967015	20.034383217413307	18.878497702545413	0	0	0	1	0	0	0	0	0	0	0	0	0	0	0	0	0	0	1	0
113	16.648386737105845	18	6288.040646663856	36.648386737105845	20.366123551947723	22.421749192259593	4.342714380936615	3	6173.7611790474875	15.657285619063385	19.995987624445327	18.84096503428822	0	0	0	1	0	0	0	0	0	0	0	0	0	0	0	0	0	0	1	0
114	0.06056747179692579	18	6342.371350233306	20.060567471796926	20.363466542555106	22.746568128034486	4.684338751431387	3	6215.241094929028	15.315661248568613	19.955289134220312	18.936014415668897	0	0	0	1	0	0	0	0	0	0	0	0	0	0	0	0	0	0	1	0
115	19.1223126893957	18	6448.3276137670855	39.1223126893957	20.525180733476144	25.258042670765317	4.6713244864603105	3	6256.756257778198	15.32867551353969	19.91540453404203	18.935964543457807	0	0	0	1	0	0	0	0	0	0	0	0	0	0	0	0	0	0	1	0
116	6.045083965058463	18	6486.122178028386	13.954916034941537	20.46902462494166	23.62052994372842	6.361066200344613	3	6328.150812070799	26.361066200344613	19.970495659395045	20.024826326275715	0	0	0	1	0	0	0	0	0	0	0	0	0	0	0	0	0	0	1	0
117	5.380626641657599	18	6525.7163142072295	14.6193733583424	20.419451309123023	23.281219290110847	4.735417823064616	3	6369.4923887999985	15.264582176935384	19.93061503666233	19.987641148408095	0	0	0	1	0	0	0	0	0	0	0	0	0	0	0	0	0	0	1	0
118	5.881022112950644	18	6563.955212651322	14.118977887049356	20.36650615431568	21.160722181207127	0.0800131666424555	3	6423.875757792988	20.080013166642456	19.931870483132755	18.85277101167397	0	0	0	1	0	0	0	0	0	0	0	0	0	0	0	0	0	0	1	0
119	5.891921565790767	18	6602.164591743972	14.108078434209233	20.31435258998146	21.17006609094089	17.177401196578458	3	6524.564552700388	37.17740119657846	20.075583239078135	20.731261566479628	0	0	0	1	0	0	0	0	0	0	0	0	0	0	0	0	0	0	1	0
120	10.624375870945965	18	6685.105609727784	30.624375870945965	20.399559393956373	22.821280560610454	0.8767492522276896	3	6581.105748591838	20.87674925222769	20.082204445798382	20.696387056082397	0	0	0	1	0	0	0	0	0	0	0	0	0	0	0	0	0	0	1	0
