task	reward	total_reward	total_reward_dev	joules
0	8.447993867374027	60.16601712024751	18.69814221602251	60.16601712024751
1	8.991142960534923	118.81574302208752	39.651526877367516	58.64972590184
2	15.416991213097077	159.5266425521915	43.30382443311952	40.710899530103994
3	15.94233576079666	198.7709552199675	43.58403198371353	39.244312667776
4	16.37270975245773	236.81380716102302	44.76328061331101	38.0428519410555
5	16.129420737574925	275.535840935293	41.504400715191	38.72203377427
6	6.1662024164649	346.6974985107595	58.71838246115553	71.1616575754665
7	6.861563543034091	411.292300286456	69.54890644023803	64.59480177569651
8	2.578856132300416	487.84299358378405	69.23680719387005	76.55069329732801
9	1.5533589605731297	575.929454015384	72.91391774118205	88.08646043159999
10	13.485075057435223	622.0336194800441	77.17935598908201	46.10416546466
11	13.777372527036718	667.3217878420664	85.58367892086454	45.288168362022496
12	4.330210005641552	740.4397820761785	73.49517598844852	73.11799423411199
13	5.587470061330746	811.8678907163315	57.89682206723353	71.428108640153
14	3.069242524031999	887.0495886700755	60.55500053513754	75.181697953744
15	2.7439023373425684	978.4596493618235	54.235085263209555	91.410060691748
16	4.9483182243143276	1072.52586567527	40.42103022033211	94.06621631344649
17	3.8643852567707526	1160.0066217176452	29.632954711847106	87.48075604237502
18	1.4846413999271721	1245.493917030275	25.488330803717076	85.48729531262998
19	2.276427974031048	1322.888888936105	23.66682000124706	77.39497190583
20	9.137924026004775	1381.1288510301752	0.26175097469092634	58.23996209407001
21	8.496404394347461	1441.1597220959552	18.78027400380904	60.03087106578
22	6.951451024829019	1506.0352427791681	38.18640811479008	64.87552068321301
23	6.091629725671167	1572.779443128336	52.183812542502096	66.74420034916798
24	8.496768079099166	1632.8092989075176	30.82606309968355	60.0298557791815
25	8.724614060312955	1740.9155131592247	55.12398557512563	108.106214251707
26	11.145527796770326	1855.780111591875	85.36611604620612	114.8645984326505
27	1.4663261667354615	1935.4366177097386	85.77133435711971	79.6565061178635
28	1.194609104604183	2015.8516672927185	86.19886918126974	80.41504958297999
29	0.8735068813808997	2097.163127248864	86.89230047932483	81.311459956145
30	2.6186602162683634	1089.9650031003569	1012.4458398218519	84.8295897155875
31	1.573264122082385	1171.7458085185167	1016.8378688293318	81.78080541816001
32	2.636701659580295	1261.0943663213218	1009.4770766963368	89.348557802805
33	5.928418638859878	1328.2941976211714	1023.4608943162663	67.1998312998495
34	4.857738192399047	1425.6053834082854	1023.5164279843003	97.31118578711401
35	5.2185028305184495	1523.9237038101494	1026.9661061877644	98.31832040186401
36	2.71794506008567	338.40433938286503	240.89120218512005	89.9255405716725
37	5.6400399165028645	406.4092279492945	254.48357647433053	68.00488856642951
38	8.790224853486805	465.61985023331056	274.7656326973465	59.210622284016
39	1.0245078369051903	549.4246937041336	271.90554831931956	83.80484347082302
40	2.9806553965690767	641.4956900195556	275.15925375554156	92.07099631542201
41	0.7031871751558221	723.2826258222456	275.41809825003156	81.78693580269001
42	0.37475131625122415	805.9864450643777	274.65713503776357	82.703819242132
43	1.3028555812903821	886.0993065666087	273.5067847899946	80.112861502231
44	2.4812517606214826	976.7761343983436	270.31196397976964	90.67682783173498
45	8.169016210897432	1039.6522311231536	247.5067937243477	62.87609672481
46	9.209896722936	1101.5252517279207	273.2177554092107	61.873020604767
47	1.347210527838806	1188.5708223051906	276.9787181327608	87.04557057726998
48	4.795922451569908	1285.7094391491567	278.17085890053477	97.13861684396599
49	3.9618925661222733	1380.5197225629147	281.46427247208476	94.81028341375801
50	11.466812798756418	1496.2812416261097	267.05148863907766	115.761519063195
51	6.5780865695641815	1598.3950666328096	272.4986074021276	102.11382500669998
52	14.582589590514091	1690.1904748537872	313.20833667564614	91.7954082209775
53	7.584251191741966	1774.2892267154161	334.38103791925914	84.098751861629
54	6.532983338156061	1876.2771385344352	336.59825205947004	101.98791181901899
55	5.52033675814209	1975.438078650915	335.63681494811	99.16094011647999
56	1.8088682054674052	2062.5772502701116	340.6865720217065	87.13917161919649
57	2.1480622477755222	2146.5613836048315	334.6898982466664	83.98413333472001
58	2.8793366085044756	2232.1381240252267	326.6517502145914	85.576740420395
59	9.295904237373135	2289.937058029226	303.1776557734513	57.798934004
60	1.4825924800137287	1072.9907971211826	991.1995029196867	79.61109599329501
61	4.63314135612036	1143.8066108353466	983.1624235066586	70.815813714164
62	2.2836732381650204	1229.4775011238046	989.5376779632027	85.670890288458
63	1.3088381788989842	1309.5736612077114	987.7152978824275	80.096160083907
64	1.742128522346503	1391.2337314189276	982.8518557575436	81.660070211216
65	1.75064694126376	1470.0965087078996	981.4232005120596	78.862777288972
66	1.7824062079633407	1548.8706247106686	981.9285204288207	78.774116002769
67	6.071065751393194	1615.6722328213625	969.0116393056586	66.801608110694
68	4.919153990886093	400.03662197827896	337.06293498240893	76.706325220427
69	4.129778584457547	495.31558719322294	330.86662902659697	95.278965214944
70	3.8982046280937297	584.444763764482	319.98414110650197	89.129176571259
71	2.424604373026213	670.7761817557634	313.21545389847046	86.3314179912815
72	4.6494304429160564	767.5058417422375	308.27314426182454	96.72965998647399
73	2.521299441793788	853.2189516094686	315.3117718701656	85.713109867231
74	2.034875677040235	931.2882570110645	315.9457229917856	78.06930540159601
75	1.1757158633208356	1011.7560502259605	314.76433740348966	80.467793214896
76	1.4037060548862073	1091.5873708227366	313.3834325867297	79.831320596776
77	0.5466692149128356	1175.3307993252215	311.85731436176474	83.74342850248499
78	1.1323786953478212	1255.9195754673756	309.4454511879187	80.58877614215399
79	2.332046791583645	1333.1592781742045	309.9111750378997	77.239702706829
80	2.384324944029137	1415.7547247252826	316.56741550664765	82.595446551078
81	1.9507407027352883	1494.0589069301466	318.6722511807757	78.30418220486399
82	0.8891884864277042	1575.3265890722025	319.9356220891916	81.267682142056
83	1.3618323532549308	1655.2748070860325	317.8352511302096	79.94821801383
84	1.826478308359878	1736.7808723714506	312.73633251937156	81.506065285418
85	1.7466811389076966	1825.4070238842346	310.48446728680756	88.62615151278399
86	2.569334294437617	1916.3297487895397	306.7807823754325	90.92272490530502
87	3.672999561954269	2008.9541236186687	296.52699193164347	92.62437482912901
88	3.4319730689974843	2097.1902347281366	286.9460671140255	88.236111109468
89	1.525374688915706	2182.0043656014236	291.20440478724856	84.81413087328701
90	4.713517990075701	2274.2304492859257	304.3629758428765	92.22608368450202
91	1.9955311816563555	2358.7706411138815	309.93383372500034	84.540191827956
92	0.7085865742495532	2444.498778633662	310.9046108031803	85.72813751978
93	1.7509834061974932	2523.3606166246936	306.86226844490034	78.86183799103199
94	1.446942883154863	2603.07123440922	303.1823976621945	79.71061778452601
95	2.0119298571413733	2681.204596891367	306.27465883243735	78.13336248214699
96	10.568734476944961	2735.450213143229	326.28106870445936	54.245616251861996
97	2.312119327002984	2816.918044144979	332.7357351590092	81.46783100175
98	2.9463501837994066	1650.3516620555542	1572.8085740309361	75.52477240356
99	2.311199272126748	1727.6495640875337	1569.6013012417407	77.29790203197949
100	2.0238032849172534	1805.7497799171397	1572.0638579698748	78.100215829606
101	1.6268000559660951	1884.9582964275678	1572.8706312423587	79.20851651042798
102	4.595459014260538	1975.6535243266237	1560.041641494215	90.695227899056
103	2.8890038235653694	2066.122834231528	1551.9765058200949	90.46930990490398
104	7.6784853380546885	2171.3086058002636	1553.760727774559	105.18577156873599
105	1.9006077911262125	2259.2089490187577	1548.454864357665	87.90034321849399
106	1.592138262106742	2338.51422970371	1550.392752658153	79.30528068495201
107	2.746601766954985	2414.5966331042937	1551.541832996209	76.08240340058398
108	4.806314036689436	2503.56817962336	1564.959459681967	88.97154651906598
109	5.679179371048834	2599.537158956418	1580.813835426145	95.968979333058
110	4.094941368316121	2684.7389000215653	1592.2455467460277	85.2017410651475
111	2.088790503858988	2762.6576931982927	1596.4188896154849	77.91879317672701
112	1.735596825071644	2841.562485394967	1598.9199807589998	78.904792196675
113	3.81865472772931	2926.390497057128	1609.5803918739105	84.82801166216099
114	2.487432227824476	3003.196415421118	1613.0922383194886	76.80591836399
115	2.946786908402684	3085.9969129172578	1621.318685105446	82.8004974961395
116	1.60909099191994	3171.915928493665	1616.8266394196696	85.9190155764075
117	2.926587500514092	3263.835985265934	1616.1316401205543	91.92005677226851
118	1.9780511209106884	3353.1080446451433	1613.5637293116433	89.272059379209
119	1.2841156113791659	3436.0359253351016	1609.97890656321	82.9278806899585
120	2.344762133787402	3520.1711330129215	1616.5247008533668	84.1352076778195
