task	r0_energy	r0_config	r0_reward	r0_rate	r1_energy	r1_config	r1_reward	r1_rate	c0	c1	c2	c3	c4	c5	c6	c7	c8	c9	c10	c11
0	43.650798753474	0	43.650798753474	15.636107016169792	42.189557326895994	0	42.189557326895994	15.112677251425431	2	0	0	0	0	0	0	0	0	0	0	0
1	80.05568471985599	0	123.70648347333	28.676663183231998	38.205293687148	0	80.394851014044	13.685478335694809	2	0	0	0	0	0	0	0	0	0	0	0
2	55.559844987868004	1	179.266328461198	19.902034025504957	38.53749349333799	1	118.93234450738198	13.804475281195698	0	2	0	0	0	0	0	0	0	0	0	0
3	35.917484906816	1	215.183813368014	12.865964742740058	44.262814871729994	1	163.19515937911197	15.855336670470445	0	2	0	0	0	0	0	0	0	0	0	0
4	68.60316079798199	2	283.78697416599596	24.574266554501012	68.53452702096	2	231.72968640007196	24.54968132094089	0	0	2	0	0	0	0	0	0	0	0	0
5	75.83726352762	2	359.62423769361595	27.165586935266866	81.45644290663199	2	313.18612930670395	29.17842730983833	0	0	2	0	0	0	0	0	0	0	0	0
6	214.00531129461	2	573.6295489882259	76.6586189712036	90.76645341569998	2	403.9525827224039	32.513356447414914	0	0	2	0	0	0	0	0	0	0	0	0
7	36.509025888936996	0	610.1385748771629	13.07786001991773	91.44028211860798	2	495.3928648410119	32.75472792308345	1	0	1	0	0	0	0	0	0	0	0	0
8	36.606673757276994	0	646.7452486344399	13.11283836081564	72.95639018051999	2	568.3492550215319	26.13363230346985	1	0	1	0	0	0	0	0	0	0	0	0
9	50.63300417992499	0	697.3782528143649	18.137195527137308	84.90597101467199	2	653.2552260362039	30.41407916943475	1	0	1	0	0	0	0	0	0	0	0	0
10	53.746964072524996	0	751.1252168868899	19.252643846874623	114.080538611304	2	767.3357646475079	40.86467054733277	1	0	1	0	0	0	0	0	0	0	0	0
11	55.77548588559599	0	806.9007027724859	19.979278526183638	95.72515421912401	1	863.0609188666318	34.289607481477255	1	1	0	0	0	0	0	0	0	0	0	0
12	56.62219474790399	0	863.52289752039	20.28257722312979	55.219088463864	1	918.2800073304958	19.779971987055756	1	1	0	0	0	0	0	0	0	0	0	0
13	138.86434834858798	0	1002.387245868978	49.742453139792715	49.530467675363994	1	967.8104750058598	17.742257077742323	1	1	0	0	0	0	0	0	0	0	0	0
14	77.60891098329598	0	1079.996156852274	27.800206919389606	38.64591732876	1	1006.4563923346197	13.843313670003582	1	1	0	0	0	0	0	0	0	0	0	0
15	68.85290379071999	0	1148.849060642994	24.663726731004175	70.23806924889598	2	1076.6944615835157	25.159905402589605	1	0	1	0	0	0	0	0	0	0	0	0
16	76.47740330803198	0	1225.326463951026	27.39489073720549	43.0573249848	0	1119.7517865683158	15.423519397540296	2	0	0	0	0	0	0	0	0	0	0	0
17	36.620159857992	0	36.620159857992	13.117669202862809	86.731129224294	2	1206.4829157926097	31.067867184821726	1	0	1	0	0	0	0	0	0	0	0	0
18	37.71470132622	0	74.334861184212	13.509743758645971	75.78346280210998	2	1282.2663785947198	27.146315033591634	1	0	1	0	0	0	0	0	0	0	0	0
19	36.906590377216006	1	111.24145156142801	13.220271179898269	68.01873279385599	2	1350.2851113885758	24.364919209739455	0	1	1	0	0	0	0	0	0	0	0	0
20	68.26541721024	1	179.506868771668	24.45328377680239	68.99300920453499	2	1419.2781205931108	24.713913744908055	0	1	1	0	0	0	0	0	0	0	0	0
21	56.46834733516799	1	235.975216106836	20.227467702149728	93.575316528486	2	1512.8534371215967	33.5195163684129	0	1	1	0	0	0	0	0	0	0	0	0
22	58.58023002678	1	294.555446133616	20.98396299466746	71.18390388309201	2	1584.0373410046886	25.498711838719526	0	1	1	0	0	0	0	0	0	0	0	0
23	41.12471100415999	1	335.68015713777595	14.731239762684176	68.669967922504	2	1652.7073089271926	24.598197464777552	0	1	1	0	0	0	0	0	0	0	0	0
24	41.53357391299199	1	377.21373105076793	14.877698118086682	70.330572181155	2	1723.0378811083476	25.193040781309257	0	1	1	0	0	0	0	0	0	0	0	0
25	40.13251752837599	1	417.34624857914395	14.375827174343634	67.93750417838801	2	1790.9753852867357	24.335822392258393	0	1	1	0	0	0	0	0	0	0	0	0
26	43.28250763636799	1	460.62875621551194	15.504181839893015	72.16100332308	2	1863.1363886098156	25.84871760826746	0	1	1	0	0	0	0	0	0	0	0	0
27	51.839323008479994	1	512.4680792239919	18.569309734380894	68.25196834764	2	1931.3883569574557	24.448466273781495	0	1	1	0	0	0	0	0	0	0	0	0
28	53.513302392115996	0	53.513302392115996	19.16894414045946	69.17674851359999	2	2000.5651054710556	24.779730810841787	1	0	1	0	0	0	0	0	0	0	0	0
29	51.00811736703199	0	104.52141975914799	18.27156442998161	70.644643691328	2	2071.2097491623836	25.305544008833913	1	0	1	0	0	0	0	0	0	0	0	0
30	48.568642501763996	1	153.090062260912	17.397722687199046	68.17732664517598	2	2139.3870758075595	24.421728947525725	0	1	1	0	0	0	0	0	0	0	0	0
31	37.209553421348	1	190.29961568226	13.328795255408238	66.71896855153601	0	66.71896855153601	23.89933201846066	1	1	0	0	0	0	0	0	0	0	0	0
32	79.66144426903598	2	269.96105995129597	28.535442723236773	66.8995624038	0	133.618530955336	23.9640223536	1	0	1	0	0	0	0	0	0	0	0	0
33	84.88896326588	2	354.85002321717593	30.407986841509253	84.10341850988	1	217.72194946521603	30.1265976751809	0	1	1	0	0	0	0	0	0	0	0	0
34	85.74451083187199	2	440.5945340490479	30.71445164126758	92.70417989946199	1	310.426129364678	33.20746742667295	0	1	1	0	0	0	0	0	0	0	0	0
35	50.44247606314399	0	491.0370101121919	18.068946649484417	51.81595316616	0	362.242082530838	18.5609384475797	2	0	0	0	0	0	0	0	0	0	0	0
36	78.43670331515199	2	569.4737134273439	28.09672954572608	81.01855459909501	0	443.260637129933	29.021571796690743	1	0	1	0	0	0	0	0	0	0	0	0
37	67.35589913648701	2	636.8296125638309	24.127486257846094	68.28250735087201	0	511.54314448080504	24.459405618222807	1	0	1	0	0	0	0	0	0	0	0	0
38	72.128259074088	2	708.9578716379189	25.83698832504645	67.19612146716001	0	578.739265947965	24.070252465848363	1	0	1	0	0	0	0	0	0	0	0	0
39	68.808731018076	2	777.7666026559948	24.64790364826603	77.29813375524	0	656.037399703205	27.6888837332203	1	0	1	0	0	0	0	0	0	0	0	0
40	69.069264861077	2	846.8358675170718	24.741229203967883	37.97606566908	0	694.0134653722849	13.603366806834629	1	0	1	0	0	0	0	0	0	0	0	0
41	78.10401998679801	2	924.9398875038698	27.977559398256005	35.53078212552	0	729.5442474978049	12.727444343469848	1	0	1	0	0	0	0	0	0	0	0	0
42	70.849781199288	2	995.7896687031579	25.379026101237493	35.162915256144004	0	35.162915256144004	12.595671136529194	1	0	1	0	0	0	0	0	0	0	0	0
43	69.827758643916	2	1065.6174273470738	25.01292846946245	34.80174650864401	0	69.96466176478802	12.466297256827703	1	0	1	0	0	0	0	0	0	0	0	0
44	70.27748071999201	2	1135.894908067066	25.17402294447475	35.26816590012	1	105.23282766490803	12.633372859744478	0	1	1	0	0	0	0	0	0	0	0	0
45	69.37811079529199	0	69.37811079529199	24.851860583388174	35.513471438691994	1	140.74629910360002	12.721243500426981	1	1	0	0	0	0	0	0	0	0	0	0
46	68.419340859012	0	137.79745165430398	24.50842060621325	68.23253344304801	2	208.97883254664805	24.44150451691272	1	0	1	0	0	0	0	0	0	0	0	0
47	69.58827109305501	1	207.385722747359	24.927141884079408	74.36380027112	2	283.34263281776805	26.637779201595222	0	1	1	0	0	0	0	0	0	0	0	0
48	74.77686770500699	1	282.162590452366	26.785743655524893	68.385196866672	2	351.72782968444005	24.496189922389974	0	1	1	0	0	0	0	0	0	0	0	0
49	71.52237166713999	0	353.68496211950594	25.619954030020295	67.615777805464	2	419.34360748990406	24.22057712434532	1	0	1	0	0	0	0	0	0	0	0	0
50	68.17659266457599	0	421.86155478408193	24.42146602910185	80.573106835512	2	499.916714325416	28.862008418690863	1	0	1	0	0	0	0	0	0	0	0	0
51	67.92798575462	0	489.78954053870194	24.332412807625076	69.594044471492	2	569.510758796908	24.92920995993743	1	0	1	0	0	0	0	0	0	0	0	0
52	42.108872986311994	0	531.8984135250139	15.083775398081906	68.32868148015899	2	637.8394402770671	24.475945604833072	1	0	1	0	0	0	0	0	0	0	0	0
53	81.349244361544	1	613.2476578865579	29.140027831000832	34.574420886453	0	672.4138611635201	12.384867183207044	1	1	0	0	0	0	0	0	0	0	0	0
54	84.48213433464001	1	697.729792221198	30.26225707509493	71.632275758784	2	744.0461369223041	25.659322659862926	0	1	1	0	0	0	0	0	0	0	0	0
55	57.30577575235199	0	755.03556797355	20.527442060543994	67.76917306236	2	811.815309984664	24.275524679054328	1	0	1	0	0	0	0	0	0	0	0	0
56	38.030175056958	0	793.065743030508	13.622749274134211	86.41218492832999	2	898.2274949129941	30.95361848178985	1	0	1	0	0	0	0	0	0	0	0	0
57	70.86290795728199	1	863.92865098779	25.383728223503994	105.11393077744	1	1003.3414256904341	37.652751323262095	0	2	0	0	0	0	0	0	0	0	0	0
58	72.94687224678	1	936.87552323457	26.13022289436896	84.60983552469001	2	1087.951261215124	30.308000784963582	0	1	1	0	0	0	0	0	0	0	0	0
59	89.91413312580599	1	1026.789656360376	32.20804768685588	76.45264784073498	2	1164.403909055859	27.386023107128945	0	1	1	0	0	0	0	0	0	0	0	0
60	86.20436370369602	1	1112.9940200640722	30.879175058040367	39.953948856474994	1	1204.357857912334	14.311862276946268	0	2	0	0	0	0	0	0	0	0	0	0
61	71.013734160442	1	1184.0077542245142	25.43775552015833	68.14038389281201	2	1272.498241805146	24.408495722798335	0	1	1	0	0	0	0	0	0	0	0	0
62	71.017402053276	1	1255.0251562777903	25.43906939221827	69.98565658842001	2	1342.483898393566	25.06948892719523	0	1	1	0	0	0	0	0	0	0	0	0
63	79.13913024729601	1	1334.1642865250863	28.348345163210507	69.42996153122401	2	1411.9138599247901	24.87043398133397	0	1	1	0	0	0	0	0	0	0	0	0
64	71.72641194143898	1	1405.8906984665252	25.69304308350053	36.060363538884	0	1447.9742234636742	12.917145148256953	1	1	0	0	0	0	0	0	0	0	0	0
65	38.895973372477	0	1444.7866718390023	13.932885984170865	72.15098484529798	2	1520.125208308972	25.845128899808234	1	0	1	0	0	0	0	0	0	0	0	0
66	72.40361134418998	1	1517.1902831831924	25.935621974038202	77.137917742368	2	1597.2631260513401	27.63149292263929	0	1	1	0	0	0	0	0	0	0	0	0
67	86.508226961136	1	1603.6985101443283	30.98802159801887	70.979470629984	2	1668.2425966813241	25.42548201671068	0	1	1	0	0	0	0	0	0	0	0	0
68	89.48698644001199	1	1693.1854965843404	32.055039918810266	68.26777882960799	2	1736.5103755109321	24.454129730008834	0	1	1	0	0	0	0	0	0	0	0	0
69	70.71198598424398	1	1763.8974825685843	25.329666621221726	36.31420308599999	0	36.31420308599999	13.00807274722388	1	1	0	0	0	0	0	0	0	0	0	0
70	71.322895301378	1	1835.2203778699622	25.54849980944883	42.903652960223994	0	79.21785604622399	15.36847270216979	1	1	0	0	0	0	0	0	0	0	0	0
71	75.64761809047998	1	1910.8679959604422	27.097654241365962	67.56751600704	1	146.78537205326398	24.203289315954628	0	2	0	0	0	0	0	0	0	0	0	0
72	86.72256001331999	1	1997.590555973762	31.064797616711633	72.592809381792	1	219.37818143505598	26.003394405418028	0	2	0	0	0	0	0	0	0	0	0	0
73	86.460020695741	1	2084.0505766695032	30.970753682056472	84.249869431104	1	303.62805086616	30.17905770666412	0	2	0	0	0	0	0	0	0	0	0	0
74	86.77457703493602	1	2170.8251537044393	31.083430579678573	67.11927568157901	0	370.747326547739	24.042725617282038	1	1	0	0	0	0	0	0	0	0	0	0
75	73.375851551212	1	2244.201005255651	26.283887122822204	71.7378372606	1	442.48516380833905	25.6971357351403	0	2	0	0	0	0	0	0	0	0	0	0
76	39.264870453115996	0	39.264870453115996	14.065028222011701	83.52557112404999	1	526.010734932389	29.919607566823885	1	1	0	0	0	0	0	0	0	0	0	0
77	37.23084888208	0	76.49571933519599	13.336423480148058	87.359303889816	1	613.3700388222051	31.29288497545648	1	1	0	0	0	0	0	0	0	0	0	0
78	84.22329678683201	1	160.719016122028	30.169539147521917	98.026651846176	1	711.3966906683811	35.114024541913786	0	2	0	0	0	0	0	0	0	0	0	0
79	84.439549705098	1	245.15856582712598	30.24700287943809	88.558075865536	1	799.9547665339171	31.722295832430802	0	2	0	0	0	0	0	0	0	0	0	0
80	76.52049692995399	2	321.67906275708	27.41032725849098	35.538724980287995	0	35.538724980287995	12.730289545177788	1	0	1	0	0	0	0	0	0	0	0	0
81	72.73805833035001	2	394.41712108743	26.055423879528362	35.36299148916599	0	70.90171646945399	12.667340234925131	1	0	1	0	0	0	0	0	0	0	0	0
82	74.83163980908	2	469.24876089651	26.8053635137003	86.64954161162399	1	157.55125808107798	31.038641771328	0	1	1	0	0	0	0	0	0	0	0	0
83	71.07911575149002	2	540.327876648	25.461175791578516	50.73029294751001	1	208.28155102858798	18.17204523492896	0	1	1	0	0	0	0	0	0	0	0	0
84	93.25937345386201	2	633.5872501018621	33.40634272974162	68.963460881572	2	277.24501191016	24.70332927101087	0	0	2	0	0	0	0	0	0	0	0	0
85	77.46049774155001	2	711.0477478434121	27.74704396712239	105.129884764548	2	382.374896674708	37.65846618431571	0	0	2	0	0	0	0	0	0	0	0	0
86	73.50750677281201	2	784.5552546162241	26.33104720220131	111.02579090276399	1	493.400687577472	39.770432562184105	0	1	1	0	0	0	0	0	0	0	0	0
87	83.44319377385601	2	867.9984483900802	29.890099262276784	39.61434776164799	1	533.01503533912	14.1902141235754	0	1	1	0	0	0	0	0	0	0	0	0
88	113.89362529960802	2	981.8920736896882	40.797716525232715	77.11980167079	1	610.13483700991	27.625003583566567	0	1	1	0	0	0	0	0	0	0	0	0
89	75.22293652301998	2	1057.1150102127083	26.945529500783273	38.606977721442	1	648.7418147313521	13.829365153949373	0	1	1	0	0	0	0	0	0	0	0	0
90	52.26457185536399	0	52.26457185536399	18.72163767953337	48.089400137064	1	696.831214868416	17.226053780440836	1	1	0	0	0	0	0	0	0	0	0	0
91	51.541392647513995	0	103.80596450287798	18.46258841104979	72.638917129272	1	769.4701319976881	26.019910613470568	1	1	0	0	0	0	0	0	0	0	0	0
92	102.01503152478	1	205.820996027658	36.542697859622685	117.50733055524	1	886.977462552928	42.092178109339706	0	2	0	0	0	0	0	0	0	0	0	0
93	89.25247710397198	1	295.07347313162995	31.971036574557132	36.166367782799995	1	923.143830335728	12.955116817719402	0	2	0	0	0	0	0	0	0	0	0	0
94	85.61223119357999	0	380.68570432520994	30.66706789023761	40.66443935515999	0	40.66443935515999	14.566366336176714	2	0	0	0	0	0	0	0	0	0	0	0
95	42.445422551616	0	423.13112687682593	15.204330466250509	45.86856227033599	0	86.53300162549598	16.430529768478564	2	0	0	0	0	0	0	0	0	0	0	0
96	35.45155437774999	0	458.5826812545759	12.699064254716417	49.76491014143999	1	136.29791176693598	17.826236468575523	1	1	0	0	0	0	0	0	0	0	0	0
97	36.688708195965006	0	495.27138945054094	13.142223831390451	50.987983479552	1	187.285895246488	18.264352291182806	1	1	0	0	0	0	0	0	0	0	0	0
98	38.766054889188005	0	534.037444339729	13.886348020007645	52.18188122623999	2	239.467776472728	18.692017155668058	1	0	1	0	0	0	0	0	0	0	0	0
99	80.236161902688	0	614.2736062424169	28.741311726336004	56.434763974272	2	295.902540447	20.21543784153027	1	0	1	0	0	0	0	0	0	0	0	0
100	91.69617879444002	0	705.9697850368569	32.84639240397852	39.182570418048	2	335.08511086504797	14.035547612435105	1	0	1	0	0	0	0	0	0	0	0	0
101	38.196207779927995	0	38.196207779927995	13.682223682362267	39.685394729792	1	374.77050559483996	14.21566378380609	1	1	0	0	0	0	0	0	0	0	0	0
102	48.667085796820004	0	86.86329357674799	17.432985957069853	37.170531781952	2	411.94103737679194	13.314817354729074	1	0	1	0	0	0	0	0	0	0	0	0
103	70.74331394045201	1	157.60660751720002	25.3408885756843	67.60396927296	1	479.54500664975194	24.216347202254333	0	2	0	0	0	0	0	0	0	0	0	0
104	35.578973677923	1	193.185581195123	12.744706989106746	38.457242076591	1	518.0022487263429	13.775728505047523	0	2	0	0	0	0	0	0	0	0	0	0
105	72.56880395060699	2	265.75438514573	25.99479544499355	68.896270336842	1	586.898519063185	24.679261016182206	0	1	1	0	0	0	0	0	0	0	0	0
106	72.787513649475	2	338.541898795205	26.07313921772239	40.363542453897	1	627.262061517082	14.458582371545194	0	1	1	0	0	0	0	0	0	0	0	0
107	70.29271871495999	2	408.834617510165	25.17948133073193	48.54823589974799	1	675.8102974168299	17.390412859611217	0	1	1	0	0	0	0	0	0	0	0	0
108	84.30495642050398	2	493.139573930669	30.19879035958352	36.178071188687994	1	711.988368605518	12.959309082515102	0	1	1	0	0	0	0	0	0	0	0	0
109	107.02386903191999	2	600.163442962589	38.336908309941485	65.74359793301099	1	777.7319665385289	23.549945528242738	0	1	1	0	0	0	0	0	0	0	0	0
110	85.294942141992	2	685.458385104581	30.5534121105643	43.333563609657006	1	821.0655301481859	15.52247054674281	0	1	1	0	0	0	0	0	0	0	0	0
111	51.97829038487999	0	737.436675489461	18.619089093091343	35.50300548864	1	856.5685356368259	12.717494503393432	1	1	0	0	0	0	0	0	0	0	0	0
112	71.54945404479999	2	808.986129534261	25.629655180226862	60.82295937096599	1	917.391495007792	21.787328729898263	0	1	1	0	0	0	0	0	0	0	0	0
113	70.08178733838001	2	879.0679168726409	25.10392382270329	37.275453779824	1	954.666948787616	13.352401353966806	0	1	1	0	0	0	0	0	0	0	0	0
114	74.106783517104	2	953.1747003897449	26.54571349866412	68.19092471653	1	1022.857873504146	24.42659989845851	0	1	1	0	0	0	0	0	0	0	0	0
115	79.62072163869601	2	1032.795422028441	28.520855512368723	36.098087987220005	0	36.098087987220005	12.930658383481793	1	0	1	0	0	0	0	0	0	0	0	0
116	75.0581426092	2	1107.853564637641	26.886498845086564	47.81010844435999	0	83.90819643158	17.12600899499462	1	0	1	0	0	0	0	0	0	0	0	0
