task	r0_energy	r0_config	r0_reward	r1_energy	r1_config	r1_reward	r2_energy	r2_config	r2_reward	r3_energy	r3_config	r3_reward	r4_energy	r4_config	r4_reward	r5_energy	r5_config	r5_reward	c0	c1	c2	c3	c4	c5	c6	c7	c8	c9	c10	c11
0	35.947625312999996	0	35.947625312999996	31.887355365424995	0	31.887355365424995	30.830862573978003	0	30.830862573978003	34.56974803275	0	34.56974803275	45.712200135472	0	45.712200135472	56.574113518999994	0	56.574113518999994	6	0	0	0	0	0	0	0	0	0	0	0
1	37.153474020000004	0	73.10109933300001	35.101528852979996	0	66.98888421840499	30.820592343323998	0	61.651454917302004	105.075129109608	0	139.64487714235798	34.844204262933	0	80.556404398405	36.467299018851996	0	93.04141253785198	6	0	0	0	0	0	0	0	0	0	0	0
2	40.20891149656	1	113.31001082956001	32.483901531887994	1	99.47278575029299	31.35958049232	1	93.011035409622	72.65166486946899	1	212.29654201182697	79.861013900928	1	160.417418299333	39.983888186495996	1	133.02530072434797	0	6	0	0	0	0	0	0	0	0	0	0
3	91.94619817504	1	205.2562090046	31.83743006007199	1	131.31021581036498	42.76940553645599	1	135.780440946078	73.688165830538	1	285.98470784236497	91.382542364204	1	251.799960663537	52.837382239680004	1	185.86268296402798	0	6	0	0	0	0	0	0	0	0	0	0
4	57.98184763895999	2	263.23805664356	34.503882922275	2	165.81409873264	45.729899607456	2	181.51034055353398	79.356130584675	2	365.34083842703996	94.37177574579299	2	346.17173640933	68.301976614976	2	254.16465957900397	0	0	6	0	0	0	0	0	0	0	0	0
5	68.61890019826801	2	331.85695684182804	31.458377856646	2	197.272476589286	41.710372175142	2	223.22071272867598	84.839023740618	2	450.179862167658	71.42517052340799	2	417.59690693273797	37.404535060224	2	291.569194639228	0	0	6	0	0	0	0	0	0	0	0	0
6	36.15561909285299	3	368.012575934681	34.731628127819995	3	232.00410471710597	53.9350056411	3	277.15571836977597	33.964947138023994	3	484.144809305682	35.121603965682006	3	452.71851089842	36.79912042752	3	328.368315066748	0	0	0	6	0	0	0	0	0	0	0	0
7	53.496579891761996	3	421.509155826443	39.27161891833699	3	271.27572363544294	55.349046564948004	3	332.504764934724	78.619552057655	3	562.764361363337	34.816951091286	3	487.535461989706	36.196936361888	3	364.565251428636	0	0	0	6	0	0	0	0	0	0	0	0
8	51.36592912374599	4	472.87508495018903	37.16724632296	4	308.44296995840295	68.150749120968	4	400.655514055692	139.71779197708503	4	702.482153340422	40.140159444839995	4	527.675621434546	37.658077522912	4	402.22332895154796	0	0	0	0	6	0	0	0	0	0	0	0
9	52.01616200338799	4	524.891246953577	53.44737884004999	4	361.8903487984529	55.10785299789601	4	455.763367053588	81.22058907028	4	783.702742410702	42.88131883900801	4	570.556940273554	55.525387194367994	4	457.748716145916	0	0	0	0	6	0	0	0	0	0	0	0
10	84.36175917888599	5	609.253006132463	70.98783108807	5	432.8781798865229	71.785709528544	5	527.549076582132	50.708665803144996	5	834.4114082138469	41.31453547353599	5	611.87147574709	52.563347536544	5	510.31206368246	0	0	0	0	0	6	0	0	0	0	0	0
11	73.176185555253	5	682.4291916877161	52.774098516126	5	485.6522784026489	36.435567350556006	5	563.984643932688	52.674388115650004	5	887.0857963294969	53.58173620082401	5	665.453211947914	52.76490531072001	5	563.07696899318	0	0	0	0	0	6	0	0	0	0	0	0
12	43.821682909644004	6	726.25087459736	50.805102877242994	6	536.4573812798919	30.485387307869992	6	594.470031240558	32.95462009875	6	920.0404164282469	81.24922539302399	6	746.702437340938	47.60741134937601	6	610.684380342556	0	0	0	0	0	0	6	0	0	0	0	0
13	42.195317739024006	6	768.446192336384	51.839033670312	6	588.2964149502039	65.20119096716	6	659.671222207718	28.617203284632	6	948.6576197128788	49.430046034511996	6	796.13248337545	35.442055473888004	6	646.126435816444	0	0	0	0	0	0	6	0	0	0	0	0
14	30.177363426172	7	798.623555762556	69.31580238183003	7	657.612217332034	68.15801920038999	7	727.8292414081079	29.106482225964	7	977.7641019388428	60.31552311727799	7	856.4480064927279	35.78301597987999	7	681.909451796324	0	0	0	0	0	0	0	6	0	0	0	0
15	44.447288694272	7	843.0708444568279	68.71785204784501	7	726.330069379879	65.01056388229499	7	792.8398052904029	28.955721694307996	7	1006.7198236331508	117.35009001138499	7	973.7980965041129	31.40747114365	7	713.316922939974	0	0	0	0	0	0	0	6	0	0	0	0
16	71.87197850654398	8	914.9428229633719	66.91381110542702	8	793.243880485306	48.35362486138	8	841.1934301517829	65.06890411296001	8	1071.788727746111	34.766551815105	8	1008.5646483192179	46.52040104164001	8	759.837323981614	0	0	0	0	0	0	0	0	6	0	0	0
17	72.559585345842	8	987.5024083092139	66.269070325458	8	859.512950810764	31.732907614099997	8	872.9263377658829	66.05472006144001	8	1137.843447807551	36.083340725399	8	1044.647989044617	46.01411033172	8	805.8514343133339	0	0	0	0	0	0	0	0	6	0	0	0
18	35.643996517859996	9	1023.146404827074	39.821409106479	9	899.334359917243	41.319398706275	9	914.2457364721579	36.62988164136	9	1174.473329448911	35.360496170802	9	1080.008485215419	36.16029160896	9	842.011725922294	0	0	0	0	0	0	0	0	0	6	0	0
19	35.591127442668	9	1058.737532269742	36.580904473698	9	935.9152643909409	41.053037648665	9	955.2987741208228	34.37174312678399	9	1208.845072575695	51.483036433752	9	1131.4915216491709	36.03896595177	9	878.050691874064	0	0	0	0	0	0	0	0	0	6	0	0
20	70.846981002126	10	1129.584513271868	74.21916230554801	10	1010.134426696489	88.22689961006999	10	1043.5256737308928	68.75213212358399	10	1277.597204699279	75.44289183947997	10	1206.9344134886508	69.3694267138	10	947.420118587864	0	0	0	0	0	0	0	0	0	0	6	0
21	93.54736125614697	10	1223.131874528015	71.50378716811198	10	1081.6382138646009	70.74864658290001	10	1114.2743203137927	69.27870472051198	10	1346.875909419791	69.975331538112	10	1276.9097450267627	68.95917450941499	10	1016.379293097279	0	0	0	0	0	0	0	0	0	0	6	0
22	78.39421730295298	11	1301.526091830968	76.03088463570602	11	1157.669098500307	68.7810031384	11	1183.0553234521926	77.633910127872	11	1424.509819547663	69.55310514239999	11	1346.4628501691627	73.00581286789999	11	1089.385105965179	0	0	0	0	0	0	0	0	0	0	0	6
23	113.97218313987001	11	1415.4982749708379	122.88218928057599	11	1280.551287780883	87.000141957	11	1270.0554654091927	78.580522871088	11	1503.090342418751	102.28393539209999	11	1448.7467855612626	81.82951332795798	11	1171.214619293137	0	0	0	0	0	0	0	0	0	0	0	6
24	37.606898475216006	9	1453.1051734460539	31.218532086527993	1	1311.7698198674111	28.82686418998	0	1298.8823295991726	86.896219999008	7	1589.9865624177592	39.681658883855995	3	1488.4284444451187	65.53832360952799	7	1236.752942902665	1	1	0	1	0	0	0	2	0	1	0	0
25	82.95034980528001	9	1536.0555232513339	36.592130698119995	1	1348.361950565531	41.44467074687999	0	1340.3270003460527	69.21686539761598	7	1659.203427815375	39.166731768780004	3	1527.5951762138986	36.631717119536	7	1273.384660022201	1	1	0	1	0	0	0	2	0	1	0	0
26	39.940096814592	9	1575.9956200659258	43.38043394563201	1	1391.742384511163	59.91156513064	0	1400.2385654766927	71.80989146119799	7	1731.0133192765732	35.807535047592	3	1563.4027112614906	31.261853807712004	7	1304.646513829913	1	1	0	1	0	0	0	2	0	1	0	0
27	35.43785444241	9	1611.4334745083358	34.397195467079996	1	1426.139579978243	46.85566679993999	0	1447.0942322766327	81.489367821606	7	1812.5026870981792	54.963151762068	3	1618.3658630235586	36.08600594044599	7	1340.732519770359	1	1	0	1	0	0	0	2	0	1	0	0
28	42.76282744953599	9	1654.1963019578718	74.538847892576	1	1500.6784278708192	31.661638433279997	0	1478.7558707099126	78.773353272813	7	1891.2760403709922	87.88383916157998	3	1706.2497021851386	31.095510333029996	7	1371.828030103389	1	1	0	1	0	0	0	2	0	1	0	0
29	52.40246159305801	9	1706.5987635509298	76.93990530351999	1	1577.618333174339	46.014413527319995	0	1524.7702842372325	91.45300158965999	7	1982.7290419606522	35.962796916288006	3	1742.2124991014266	49.04038540885001	7	1420.868415512239	1	1	0	1	0	0	0	2	0	1	0	0
30	55.143885894863985	9	1761.7426494457939	95.20619618379999	1	1672.824529358139	51.01675916008	0	1575.7870433973126	89.12575189959298	7	2071.854793860245	46.398083125968	3	1788.6105822273946	49.373518382034	7	1470.241933894273	1	1	0	1	0	0	0	2	0	1	0	0
31	55.625073900912	9	1817.3677233467058	54.44885821569599	1	1727.273387573835	32.018917038184995	0	1607.8059604354976	92.24565547131	7	2164.100449331555	36.06299231735199	3	1824.6735745447465	63.23545251738	7	1533.477386411653	1	1	0	1	0	0	0	2	0	1	0	0
32	67.08192444096	9	1884.4496477876658	49.568362974923005	1	1776.841750548758	45.219614241779986	0	1653.0255746772775	71.080959676131	7	2235.181409007686	35.842900595775	3	1860.5164751405216	35.31782921719199	7	1568.795215628845	1	1	0	1	0	0	0	2	0	1	0	0
33	159.626123558688	9	2044.0757713463538	63.910344035399994	1	1840.752094584158	31.496452061729997	0	1684.5220267390075	79.51736216090698	7	2314.698771168593	44.593831495850004	3	1905.1103066363717	66.007401466658	7	1634.802617095503	1	1	0	1	0	0	0	2	0	1	0	0
34	39.320656700159994	9	2083.396428046514	34.32180630318	1	1875.073900887338	31.475534247503994	0	1715.9975609865114	70.22040960088799	7	2384.919180769481	51.468665484075	3	1956.5789721204467	66.36393937348599	7	1701.1665564689888	1	1	0	1	0	0	0	2	0	1	0	0
35	69.45857248835998	9	2152.855000534874	35.676833620036	1	1910.7507345073739	31.635619743000003	0	1747.6331807295114	75.51183993669	7	2460.4310207061712	59.156916008925	3	2015.7358881293717	34.606588443037	7	1735.7731449120258	1	1	0	1	0	0	0	2	0	1	0	0
36	164.26046331165898	9	2317.1154638465327	31.313900468483	1	1942.064634975857	31.66036661376	0	1779.2935473432715	70.052542223895	7	2530.4835629300665	56.02298935800001	3	2071.7588774873716	31.319363196634995	7	1767.092508108661	1	1	0	1	0	0	0	2	0	1	0	0
37	35.570200129068	9	2352.6856639756006	31.96805387616	1	1974.032688852017	32.7402780354	0	1812.0338253786715	73.132615861398	7	2603.6161787914643	43.52672790725	3	2115.2856053946216	64.764073109988	7	1831.856581218649	1	1	0	1	0	0	0	2	0	1	0	0
38	35.444657525771994	9	2388.1303215013727	31.504800738180002	1	2005.5374895901969	31.6813565895	0	1843.7151819681715	69.56410027429598	7	2673.1802790657603	35.2532201805	3	2150.538825575122	31.493982214680003	7	1863.350563433329	1	1	0	1	0	0	0	2	0	1	0	0
39	36.231525888129	9	2424.3618473895017	31.536431911199998	1	2037.0739215013969	32.730332322239995	0	1876.4455142904114	64.31115181902601	7	2737.4914308847865	35.50786407157501	3	2186.046689646697	31.724078657099998	7	1895.074642090429	1	1	0	1	0	0	0	2	0	1	0	0
40	35.528426113752	9	2459.890273503254	32.20275268392	1	2069.276674185317	46.14771876864001	0	1922.5932330590515	66.517870300776	7	2804.0093011855624	104.8829153834	3	2290.929605030097	32.0461518714	7	1927.1207939618291	1	1	0	1	0	0	0	2	0	1	0	0
41	35.671429451196	9	2495.56170295445	33.6613520532	1	2102.938026238517	44.1815432328	0	1966.7747762918516	68.284944572625	7	2872.2942457581876	46.77566069400001	3	2337.705265724097	32.41599164226	7	1959.5367856040891	1	1	0	1	0	0	0	2	0	1	0	0
42	46.382375707470004	9	2541.9440786619202	69.05274741504002	1	2171.990773653557	31.70176623	0	1998.4765425218516	76.71218418383299	7	2949.0064299420205	35.055555207750004	3	2372.760820931847	35.31328445034001	7	1994.8500700544291	1	1	0	1	0	0	0	2	0	1	0	0
43	35.577859988814	9	2577.5219386507342	39.3550524207	1	2211.345826074257	37.4694725664	0	2035.9460150882517	68.988515926932	7	3017.9949458689525	35.35675497375	3	2408.117575905597	73.23882491927999	7	2068.088894973709	1	1	0	1	0	0	0	2	0	1	0	0
44	39.03362337705599	9	2616.55556202779	60.08296063818	1	2271.4287867124367	31.9908820572	0	2067.936897145452	76.42480386354	7	3094.4197497324926	43.818031903040996	3	2451.935607808638	89.26754226972	7	2157.356437243429	1	1	0	1	0	0	0	2	0	1	0	0
45	39.881171105	9	2656.43673313279	80.93799579600001	1	2352.3667825084367	50.18404156458	0	2118.120938710032	67.47474967893	7	3161.8944994114227	38.505992674199994	3	2490.441600482838	71.40656177424002	7	2228.762999017669	1	1	0	1	0	0	0	2	0	1	0	0
46	40.1304240576	9	2696.56715719039	74.30704667136001	1	2426.6738291797965	49.869299777040005	0	2167.990238487072	93.482957796632	7	3255.3774572080547	36.44099990051399	3	2526.882600383352	70.83047201202001	7	2299.5934710296888	1	1	0	1	0	0	0	2	0	1	0	0
47	45.9833145675	9	2742.55047175789	71.58378627618	1	2498.2576154559765	64.8560869593	0	2232.8463254463722	85.91738346576	7	3341.2948406738146	35.161992231343994	3	2562.044592614696	73.76002994778	7	2373.3535009774687	1	1	0	1	0	0	0	2	0	1	0	0
48	84.5075235576	9	2827.05799531549	69.312301245836	1	2567.5699167018124	36.98811127812	0	2269.834436724492	78.97558082040001	7	3420.2704214942146	35.411073828132	3	2597.455666442828	73.80995472799201	7	2447.163455705461	1	1	0	1	0	0	0	2	0	1	0	0
49	87.60572984695801	9	2914.6637251624484	43.42353352783599	1	2610.9934502296483	37.131176863200004	0	2306.965613587692	66.83930178575199	7	3487.1097232799666	50.570001232718	3	2648.0256676755457	101.029970029392	7	2548.193425734853	1	1	0	1	0	0	0	2	0	1	0	0
50	65.80695600829802	9	2980.4706811707465	52.774046418388004	1	2663.7674966480363	64.70608464	0	2371.671698227692	72.30335662484	7	3559.4130799048066	38.494835903052	3	2686.5205035785975	98.91472383777601	7	2647.108149572629	1	1	0	1	0	0	0	2	0	1	0	0
51	50.09746973238	9	3030.5681509031265	51.10299752523601	1	2714.870494173272	31.873505495999996	0	2403.545203723692	63.458555133248005	7	3622.8716350380546	42.74847759701999	3	2729.2689811756177	92.820716899911	7	2739.92886647254	1	1	0	1	0	0	0	2	0	1	0	0
52	60.916905194970006	9	3091.4850560980963	50.538903729048	1	2765.40939790232	34.416483815999996	0	2437.961687539692	66.912085290336	7	3689.7837203283907	36.0838218945	3	2765.3528030701177	76.297216790487	7	2816.226083263027	1	1	0	1	0	0	0	2	0	1	0	0
53	50.365699372032	9	3141.850755470128	88.10680341676	1	2853.51620131908	31.818026063999998	0	2469.779713603692	69.76572119225399	7	3759.549441520645	35.42929571495999	3	2800.782098785078	73.61663882705999	7	2889.8427220900867	1	1	0	1	0	0	0	2	0	1	0	0
54	36.68612408608	9	3178.536879556208	53.096247570618	1	2906.612448889698	31.73743344	0	2501.517147043692	68.171170274474	7	3827.720611795119	35.351174321784	3	2836.133273106862	72.780909353856	7	2962.6236314439425	1	1	0	1	0	0	0	2	0	1	0	0
55	35.789436763815004	9	3214.326316320023	32.00235004148	1	2938.614798931178	45.827357256	0	2547.3445042996923	87.33509478696	7	3915.055706582079	37.24524345907199	3	2873.3785165659338	76.080308339304	7	3038.7039397832464	1	1	0	1	0	0	0	2	0	1	0	0
56	46.526991697987995	9	3260.853308018011	86.95767569776	1	3025.572474628938	32.0581093	0	2579.4026135996924	72.44372382390002	7	3987.499430405979	51.210766867139995	3	2924.589283433074	75.68456034744	7	3114.388500130686	1	1	0	1	0	0	0	2	0	1	0	0
57	36.65781322690201	9	3297.511121244913	32.263840772146	1	3057.836315401084	36.98396150400001	0	2616.3865751036924	64.37778412098	7	4051.877214526959	50.441490245952004	3	2975.030773679026	180.05697404679603	7	3294.445474177482	1	1	0	1	0	0	0	2	0	1	0	0
58	39.697497472975996	9	3337.208618717889	31.477952171952005	1	3089.314267573036	32.994744247999996	0	2649.3813193516926	72.18243141189602	7	4124.059645938855	50.788909125408	3	3025.819682804434	85.345724055384	7	3379.791198232866	1	1	0	1	0	0	0	2	0	1	0	0
59	39.56984532353601	9	3376.7784640414247	66.210330403356	1	3155.5245979763918	32.6803524	0	2682.0616717516928	65.113369933146	7	4189.173015872001	53.84930681961599	3	3079.6689896240496	84.77610242607001	7	3464.567300658936	1	1	0	1	0	0	0	2	0	1	0	0
60	64.215125031776	9	3440.993589073201	32.09340888802	1	3187.6180068644117	31.674899647999997	0	2713.736571399693	76.173420999688	7	4265.346436871689	64.552039011408	3	3144.2210286354575	88.820591587336	7	3553.387892246272	1	1	0	1	0	0	0	2	0	1	0	0
61	49.87194097266	9	3490.865530045861	32.15534664678	1	3219.7733535111915	31.995777600000004	0	2745.732348999693	78.08479954444	7	4343.431236416129	36.306903638016	3	3180.5279322734737	85.36263014445599	7	3638.750522390728	1	1	0	1	0	0	0	2	0	1	0	0
62	74.22449579557599	9	3565.0900258414367	35.70065516178	1	3255.4740086729716	37.171939959999996	0	2782.904288959693	71.11386788575601	7	4414.545104301885	180.223195068	3	3360.751127341474	82.215452349664	7	3720.9659747403916	1	1	0	1	0	0	0	2	0	1	0	0
63	47.52022153512	9	3612.610247376557	50.076112374960005	1	3305.5501210479315	33.70268736	0	2816.606976319693	78.52968922310399	7	4493.074793524988	35.269334490384	3	3396.020461831858	122.54979861003002	7	3843.5157733504216	1	1	0	1	0	0	0	2	0	1	0	0
64	78.01849166427999	9	3690.628739040837	36.3958477365	1	3341.9459687844314	31.822697696	0	2848.429674015693	89.309297591972	7	4582.38409111696	76.56153690816	3	3472.581998740018	83.560999288552	7	3927.0767726389736	1	1	0	1	0	0	0	2	0	1	0	0
65	37.574916012148	9	3728.203655052985	44.124898242600004	1	3386.0708670270315	50.29538153309	0	2898.725055548783	83.14422985070401	7	4665.528320967664	41.731314794255994	3	3514.313313534274	104.618360863896	7	4031.69513350287	1	1	0	1	0	0	0	2	0	1	0	0
66	51.4687393941	9	3779.672394447085	32.06718014346	1	3418.1380471704915	51.18831221829599	0	2949.913367767079	73.14223820752801	7	4738.670559175192	42.30948261513599	3	3556.62279614941	85.80174296045	7	4117.4968764633195	1	1	0	1	0	0	0	2	0	1	0	0
67	36.320380666596	9	3815.992775113681	32.83057480164	1	3450.9686219721316	50.092496984145	0	3000.0058647512237	80.55246780108	7	4819.223026976271	40.336389276768	3	3596.959185426178	91.98403764648998	7	4209.480914109809	1	1	0	1	0	0	0	2	0	1	0	0
68	34.4687435883	9	3850.4615187019813	31.42805756244	1	3482.3966795345714	55.27411409241	0	3055.2799788436337	73.52918864280001	7	4892.752215619072	35.50731322848	3	3632.466498654658	90.50106949078798	7	4299.981983600597	1	1	0	1	0	0	0	2	0	1	0	0
69	36.47428116864	9	3886.9357998706214	32.72960463667199	1	3515.1262841712432	34.9578872849	0	3090.237866128534	65.57266604966101	7	4958.324881668733	35.432352332495995	3	3667.898850987154	93.38653630944	7	4393.368519910037	1	1	0	1	0	0	0	2	0	1	0	0
70	35.27849741916501	9	3922.2142972897864	31.942896395519995	1	3547.0691805667634	31.50230675214	0	3121.740172880674	69.991758815396	7	5028.316640484129	44.69966391880801	3	3712.598514905962	96.04976155087502	7	4489.418281460912	1	1	0	1	0	0	0	2	0	1	0	0
71	52.574277023099995	9	3974.7885743128863	86.194469882352	1	3633.2636504491156	46.64766359973	0	3168.387836480404	78.38628066722	7	5106.702921151348	36.287643099753	3	3748.886158005715	75.711181453908	7	4565.12946291482	1	1	0	1	0	0	0	2	0	1	0	0
72	55.20488876406	9	4029.9934630769462	88.14046161052799	1	3721.4041120596435	32.811371542879996	0	3201.199208023284	68.835225891036	7	5175.5381470423845	35.36891714373	3	3784.255075149445	76.584133714671	7	4641.713596629491	1	1	0	1	0	0	0	2	0	1	0	0
73	54.97962438276	9	4084.973087459706	96.82736436135	1	3818.2314764209937	38.072718676200004	0	3239.271926699484	74.86056681884601	7	5250.39871386123	35.566415588789994	3	3819.821490738235	96.501140540406	7	4738.214737169897	1	1	0	1	0	0	0	2	0	1	0	0
74	86.74707839469	9	4171.720165854396	42.68308245579	1	3860.9145588767838	31.841353700519996	0	3271.113280400004	74.03349019609799	7	5324.432204057328	35.29526764848	3	3855.116758386715	76.19750702916299	7	4814.412244199059	1	1	0	1	0	0	0	2	0	1	0	0
75	42.22285535699	9	4213.943021211387	33.8413035348	1	3894.7558624115836	31.796929432280002	0	3302.910209832284	71.81602719624	7	5396.248231253568	47.73648370754999	3	3902.853242094265	73.41184051604999	7	4887.824084715109	1	1	0	1	0	0	0	2	0	1	0	0
76	36.99949854006001	9	4250.9425197514465	31.364530306199995	1	3926.1203927177835	31.59622948854	0	3334.506439320824	74.626914405978	7	5470.8751456595455	35.30069518464	3	3938.1539372789052	67.439199355632	7	4955.263284070741	1	1	0	1	0	0	0	2	0	1	0	0
77	70.25197806396001	9	4321.194497815407	31.19444912115	1	3957.3148418389337	32.15181914206	0	3366.658258462884	77.514603127812	7	5548.389748787357	41.310368571653996	3	3979.4643058505594	94.869979773984	7	5050.133263844725	1	1	0	1	0	0	0	2	0	1	0	0
78	67.18217876415498	9	4388.376676579562	31.213925443575	1	3988.528767282509	32.70438662514	0	3399.3626450880242	77.230596019995	7	5625.620344807352	52.66629202239599	3	4032.1305978729556	93.667411175778	7	5143.800675020503	1	1	0	1	0	0	0	2	0	1	0	0
79	65.88584725534	9	4454.262523834902	31.21680539979	1	4019.7455726822986	31.6422322923	0	3431.004877380324	73.249346662722	7	5698.869691470074	55.662013010159995	3	4087.7926108831157	68.20409024340199	7	5212.004765263905	1	1	0	1	0	0	0	2	0	1	0	0
80	35.18141176368	9	4489.443935598582	33.01518118005	1	4052.760753862349	46.32358197994	0	3477.3284593602643	72.82126614456001	7	5771.690957614634	68.49127312692599	3	4156.283884010041	68.11441360188999	7	5280.119178865795	1	1	0	1	0	0	0	2	0	1	0	0
81	38.347893622920004	9	4527.791829221503	31.415907160485	1	4084.1766610228337	32.25597292038099	0	3509.584432280645	97.275862513488	7	5868.966820128122	52.085395330716	3	4208.369279340757	73.995125551875	7	5354.114304417671	1	1	0	1	0	0	0	2	0	1	0	0
82	34.96466052209401	9	4562.756489743597	45.87883245225	1	4130.0554934750835	31.682876295764	0	3541.267308576409	88.82883278214	7	5957.795652910262	38.59358828182799	3	4246.962867622585	70.481309165152	7	5424.595613582823	1	1	0	1	0	0	0	2	0	1	0	0
83	33.444185463702006	9	4596.200675207298	34.618439178	1	4164.673932653083	31.812054981929993	0	3573.079363558339	89.20319989331999	7	6046.998852803582	37.458539851284	3	4284.421407473868	92.42562738981601	7	5517.021240972639	1	1	0	1	0	0	0	2	0	1	0	0
84	35.633967770610006	9	4631.8346429779085	32.1415875711	1	4196.815520224183	31.859540826203993	0	3604.938904384543	74.13699892048399	7	6121.135851724066	36.049721506044	3	4320.4711289799125	92.57705517192	7	5609.598296144559	1	1	0	1	0	0	0	2	0	1	0	0
85	33.312292147311	9	4665.14693512522	33.489768261959995	1	4230.305288486144	31.739423476354997	0	3636.678327860898	76.01127684590799	7	6197.147128569974	36.192697102188	3	4356.6638260821	88.44991734892501	7	5698.048213493484	1	1	0	1	0	0	0	2	0	1	0	0
86	39.327011392056	9	4704.473946517276	34.635471620400004	1	4264.940760106543	50.025874670136	0	3686.7042025310343	74.26476593764	7	6271.411894507613	39.37179142301999	3	4396.03561750512	132.45639819092997	7	5830.504611684413	1	1	0	1	0	0	0	2	0	1	0	0
87	43.21816122535999	9	4747.692107742636	31.560033874824	1	4296.500793981367	50.613207607934996	0	3737.317410138969	65.887036555392	7	6337.2989310630055	41.915847572676	3	4437.9514650777965	84.75701296032001	7	5915.261624644733	1	1	0	1	0	0	0	2	0	1	0	0
88	88.25080389275199	9	4835.942911635388	67.48222999133	1	4363.983023972697	49.26075762919499	0	3786.578167768164	75.229943369625	7	6412.528874432631	36.449492887782	3	4474.4009579655785	97.4090094516	7	6012.670634096333	1	1	0	1	0	0	0	2	0	1	0	0
89	139.69402841836802	9	4975.636940053756	32.082948246636	1	4396.065972219333	50.51015771285699	0	3837.088325481021	73.4886146016	7	6486.0174890342305	46.981929425703	3	4521.382887391282	74.71163611670399	7	6087.3822702130365	1	1	0	1	0	0	0	2	0	1	0	0
90	66.02672801109	9	5041.663668064846	32.171557655552	1	4428.237529874885	50.94238938075	0	3888.0307148617712	97.09247630627999	7	6583.109965340511	36.462940404065996	3	4557.845827795348	76.74761279511199	7	6164.129883008149	1	1	0	1	0	0	0	2	0	1	0	0
91	36.543778280802	9	5078.207446345648	50.587077103724	1	4478.824606978609	32.98633412552999	0	3921.017048987301	87.86678006519999	7	6670.976745405711	37.028457453051004	3	4594.874285248398	78.31621631024801	7	6242.446099318397	1	1	0	1	0	0	0	2	0	1	0	0
92	65.291078443514	9	5143.498524789163	97.86993909257599	1	4576.694546071185	46.61235468408599	0	3967.629403671387	70.95510544715998	7	6741.931850852871	85.51626766586399	3	4680.390552914262	112.32840980872	7	6354.774509127116	1	1	0	1	0	0	0	2	0	1	0	0
93	54.858681979648	9	5198.357206768811	83.574485952174	1	4660.269032023359	32.119460355762	0	3999.748864027149	100.93341807233999	7	6842.865268925211	40.366317276846004	3	4720.756870191108	106.535551906245	7	6461.310061033361	1	1	0	1	0	0	0	2	0	1	0	0
94	51.473968746800004	9	5249.831175515611	82.81385675473399	1	4743.082888778093	44.28595392843599	0	4044.034817955585	70.10290307290498	7	6912.968171998116	58.276698199786	3	4779.033568390893	73.75324843303201	7	6535.063309466394	1	1	0	1	0	0	0	2	0	1	0	0
95	49.921840058916004	9	5299.753015574527	34.53399898367999	1	4777.616887761773	31.670315753310003	0	4075.705133708895	88.605122473824	7	7001.57329447194	45.441812276520004	3	4824.475380667413	76.773754002169	7	6611.8370634685625	1	1	0	1	0	0	0	2	0	1	0	0
96	51.52465434564001	9	5351.277669920167	31.568766590339994	1	4809.185654352113	32.512791909996004	0	4108.217925618891	84.88731184758001	7	7086.460606319521	42.92305057638401	3	4867.398431243798	76.680448262208	7	6688.517511730771	1	1	0	1	0	0	0	2	0	1	0	0
97	36.463243516434	9	5387.740913436601	36.004244314752	1	4845.189898666865	31.711535604675	0	4139.929461223566	76.89573993290401	7	7163.356346252424	69.783300185071	3	4937.181731428869	69.74748901260001	7	6758.265000743371	1	1	0	1	0	0	0	2	0	1	0	0
98	37.236225622419994	9	5424.97713905902	40.695146426339996	1	4885.885045093205	32.197590126504	0	4172.12705135007	88.31173401072	7	7251.6680802631445	39.046408711530006	3	4976.228140140399	88.03246135937	7	6846.2974621027415	1	1	0	1	0	0	0	2	0	1	0	0
99	34.638102561645006	9	5459.615241620665	144.60057327989998	1	5030.485618373105	46.48664535174	0	4218.61369670181	96.63829872076798	7	7348.3063789839125	39.66590749418	3	5015.894047634579	79.41477458738	7	6925.712236690121	1	1	0	1	0	0	0	2	0	1	0	0
100	37.855605688599994	9	5497.470847309265	91.88901070777598	1	5122.374629080881	32.681825405712004	0	4251.295522107522	91.3870872231	7	7439.6934662070125	36.017425264766004	3	5051.9114728993445	74.03875761491999	7	6999.750994305041	1	1	0	1	0	0	0	2	0	1	0	0
101	40.959870117087995	9	5538.430717426353	32.563922942880005	1	5154.938552023761	31.697678028437995	0	4282.993200135959	103.69909099124399	7	7543.392557198256	36.529819842021	3	5088.441292741366	73.44528012698001	7	7073.196274432021	1	1	0	1	0	0	0	2	0	1	0	0
102	71.3150558568	9	5609.7457732831535	31.853726408303995	1	5186.792278432065	70.821659431488	0	4353.8148595674475	95.89816411348798	7	7639.290721311744	36.39433486865	3	5124.835627610016	75.18769642215	7	7148.383970854171	1	1	0	1	0	0	0	2	0	1	0	0
103	36.17175381661799	9	5645.917527099771	32.39931477224799	1	5219.191593204313	32.541788157047996	0	4386.356647724496	80.564464598406	7	7719.85518591015	51.02647717728	3	5175.862104787296	64.60795239781999	7	7212.991923251991	1	1	0	1	0	0	0	2	0	1	0	0
104	67.387481095536	9	5713.305008195307	31.484833937935996	1	5250.676427142249	34.434168171285	0	4420.790815895781	79.52288141753999	7	7799.37806732769	36.480533632752	3	5212.3426384200475	34.00382414534	7	7246.995747397331	1	1	0	1	0	0	0	2	0	1	0	0
105	87.206522251248	9	5800.511530446555	40.20634497856499	1	5290.882772120814	31.96098335502	0	4452.751799250801	80.53272023346001	7	7879.91078756115	37.012100656344	3	5249.3547390763915	29.567487191970002	7	7276.563234589301	1	1	0	1	0	0	0	2	0	1	0	0
106	39.75745462298399	9	5840.26898506954	91.06415429033999	1	5381.946926411154	31.7240531406	0	4484.475852391401	83.66680513620001	7	7963.57759269735	40.32040365875199	3	5289.675142735144	31.915264991904003	7	7308.478499581205	1	1	0	1	0	0	0	2	0	1	0	0
107	40.079511866088	9	5880.348496935628	31.790199926363996	1	5413.737126337518	49.34987401476	0	4533.82572640616	70.76889256476	7	8034.34648526211	41.116765529000006	3	5330.791908264144	79.749928774144	7	7388.228428355349	1	1	0	1	0	0	0	2	0	1	0	0
108	35.634670299887986	9	5915.983167235516	31.51041530035	1	5445.247541637868	52.063912792800004	0	4585.88963919896	75.0460908678	7	8109.39257612991	44.91086473902	3	5375.702773003164	92.557231908441	7	7480.78566026379	1	1	0	1	0	0	0	2	0	1	0	0
109	35.361115382784	9	5951.3442826183	31.952640012803997	1	5477.200181650673	65.040957555	0	4650.93059675396	71.98179073058999	7	8181.374366860499	40.64342936346001	3	5416.346202366624	87.685111504095	7	7568.470771767886	1	1	0	1	0	0	0	2	0	1	0	0
110	42.693776163756	9	5994.038058782056	50.023659472164006	1	5527.223841122836	49.6202872921	0	4700.550884046061	92.03080110314998	7	8273.405167963649	37.488261046459996	3	5453.834463413084	37.499857807608	7	7605.970629575494	1	1	0	1	0	0	0	2	0	1	0	0
111	33.618612814967996	9	6027.656671597025	33.113240881008	1	5560.337082003844	44.6927209311	0	4745.24360497716	85.39152021972	7	8358.796688183369	41.39134051458	3	5495.225803927665	43.224220384	7	7649.194849959494	1	1	0	1	0	0	0	2	0	1	0	0
112	36.252046310127994	9	6063.908717907153	53.68883404499999	1	5614.025916048844	39.27251327405	0	4784.51611825121	81.83208537504001	7	8440.628773558408	39.638625030368004	3	5534.8644289580325	31.916246758392	7	7681.111096717886	1	1	0	1	0	0	0	2	0	1	0	0
113	37.29660842582399	9	6101.205326332977	49.66793182295999	1	5663.693847871804	49.2662431547	0	4833.78236140591	68.887807976064	7	8509.516581534472	37.77073562206	3	5572.635164580092	69.77349818689801	7	7750.884594904784	1	1	0	1	0	0	0	2	0	1	0	0
114	48.665715059744	9	6149.871041392721	50.59337299056	1	5714.287220862364	32.25735415650001	0	4866.03971556241	81.64875405456	7	8591.165335589032	36.540984791304	3	5609.176149371397	67.920382226605	7	7818.804977131389	1	1	0	1	0	0	0	2	0	1	0	0
115	56.46161484665599	9	6206.332656239377	34.592240499119995	1	5748.879461361484	33.51073684875	0	4899.550452411159	71.71085526528	7	8662.876190854313	36.460707414208	3	5645.636856785604	66.74285759803202	7	7885.547834729421	1	1	0	1	0	0	0	2	0	1	0	0
116	90.06979761363999	9	6296.402453853017	31.953954325275003	1	5780.833415686759	145.12438390455003	0	5044.674836315709	121.49078489116799	7	8784.36697574548	36.605634030812	3	5682.242490816417	78.07144631418002	7	7963.619281043601	1	1	0	1	0	0	0	2	0	1	0	0
117	51.290542240408	9	6347.692996093425	58.33839124440001	1	5839.171806931158	41.53335684155	0	5086.208193157259	118.24224762873601	7	8902.609223374217	36.19192633728	3	5718.434417153697	74.12231426886001	7	8037.741595312462	1	1	0	1	0	0	0	2	0	1	0	0
118	89.16680038252	9	6436.859796475945	43.17887952	1	5882.350686451158	31.967547797625	0	5118.1757409548845	89.10662104248799	7	8991.715844416705	36.476156360104994	3	5754.910573513802	74.14363284873599	7	8111.885228161198	1	1	0	1	0	0	0	2	0	1	0	0
119	40.518290117216004	9	6477.37808659316	83.99343323223002	1	5966.344119683388	32.004654551375	0	5150.18039550626	75.24890394111999	7	9066.964748357825	66.93811418649601	3	5821.848687700298	77.03197637982001	7	8188.917204541018	1	1	0	1	0	0	0	2	0	1	0	0
120	41.222170369951996	9	6518.600256963113	79.4259251856	1	6045.770044868988	31.67438518695	0	5181.854780693209	72.08933536881999	7	9139.054083726645	71.15912525919599	3	5893.007812959494	79.83967639190399	7	8268.756880932922	1	1	0	1	0	0	0	2	0	1	0	0
121	33.805102514351994	9	6552.405359477465	33.1184044224	1	6078.8884492913885	32.395367214311996	0	5214.250147907521	95.655625483425	7	9234.70970921007	47.697955068285005	3	5940.705768027779	76.845912799104	7	8345.602793732027	1	1	0	1	0	0	0	2	0	1	0	0
122	46.92227671473999	9	6599.327636192205	31.926747392955	1	6110.815196684343	31.747301990271996	0	5245.997449897793	85.36321251092599	7	9320.072921720996	43.798269808838	3	5984.5040378366175	73.09316888772399	7	8418.695962619751	1	1	0	1	0	0	0	2	0	1	0	0
123	35.194934013876	9	6634.522570206082	31.628886854664003	1	6142.444083539008	39.688356422186	0	5285.685806319979	76.527052722449	7	9396.599974443445	41.042883381616996	3	6025.546921218234	71.60772335875201	7	8490.303685978502	1	1	0	1	0	0	0	2	0	1	0	0
124	35.610374476641	9	6670.132944682722	31.838747824399995	1	6174.282831363408	31.650607611504	0	5317.336413931483	77.120490080204	7	9473.720464523649	40.68462104148	3	6066.231542259714	73.11464301066698	7	8563.41832898917	1	1	0	1	0	0	0	2	0	1	0	0
