count	delay	accuracy
0	52086.0	110.00
1	0.0	110.00
2	4914.0	20.00
3	16118.0	122.40
4	33882.0	26.00
5	0.0	26.00
6	0.0	26.00
7	4072.0	85.76
8	0.0	85.76
9	33928.0	28.00
10	39748.0	231.51
11	33973.0	232.16
12	30146.0	251.08
13	44922.0	392.99
14	31211.0	16.00
15	60000.0	23.00
16	30000.0	22.00
17	30000.0	16.00
18	60000.0	19.00
19	30000.0	4.00
20	30000.0	7.00
21	60000.0	3.00
22	29000.0	8.00
23	28000.0	7.00
24	10000.0	9.00
25	20000.0	13.00
26	10000.0	7.00
27	20000.0	6.00
28	10000.0	12.00
29	20000.0	6.00
30	10000.0	10.00
31	10000.0	12.00
32	20000.0	5.00
33	20000.0	10.00
34	10000.0	6.00
35	20000.0	4.00
36	10000.0	5.00
37	10000.0	8.00
38	20000.0	4.00
39	20000.0	3.00
40	20000.0	4.00
41	20000.0	4.00
42	10000.0	5.00
43	20000.0	5.00
44	0.0	5.00
45	6000.0	4.00
46	16000.0	4.00
47	16000.0	6.00
48	16000.0	4.00
49	8000.0	7.00
50	8000.0	8.00
51	16000.0	6.00
52	8000.0	5.00
53	16000.0	7.00
54	8000.0	5.00
55	8000.0	7.00
56	8000.0	5.00
57	8000.0	6.00
58	16000.0	6.00
59	16000.0	5.00
60	16000.0	4.00
61	16000.0	5.00
62	8000.0	13.00
63	8000.0	4.00
64	8000.0	7.00
65	16000.0	10.00
66	8000.0	5.00
67	8000.0	6.00
68	8000.0	5.00
69	8000.0	6.00
70	8000.0	6.00
71	16000.0	6.00
72	8000.0	5.00
73	8000.0	4.00
74	0.0	4.00
75	0.0	4.00
76	11000.0	8.00
77	8000.0	3.00
78	15000.0	5.00
79	15000.0	7.00
80	15000.0	3.00
81	15000.0	6.00
82	15000.0	4.00
83	15000.0	7.00
84	15000.0	5.00
85	15000.0	4.00
86	15000.0	5.00
87	15000.0	3.00
88	15000.0	8.00
89	15000.0	12.00
90	15000.0	9.00
91	15000.0	5.00
92	15000.0	12.00
93	15000.0	6.00
94	15000.0	5.00
95	15000.0	9.00
96	15000.0	5.00
97	7000.0	7.00
98	8000.0	11.00
99	6000.0	6.00
100	6000.0	4.00
101	5000.0	4.00
102	5000.0	3.00
103	6000.0	3.00
104	6000.0	3.00
105	5000.0	3.00
106	5000.0	3.00
107	5000.0	3.00
108	6000.0	3.00
109	5000.0	3.00
110	5000.0	3.00
111	6000.0	3.00
112	6000.0	3.00
113	5000.0	3.00
114	5000.0	3.00
115	5000.0	3.00
116	6000.0	3.00
117	5000.0	3.00
118	6000.0	3.00
119	5000.0	3.00
120	6000.0	3.00
121	5000.0	3.00
122	6000.0	3.00
123	5000.0	3.00
124	6000.0	3.00
125	6000.0	3.00
126	5000.0	3.00
127	6000.0	3.00
128	6000.0	3.00
129	6000.0	3.00
130	5000.0	3.00
131	6000.0	3.00
132	6000.0	3.00
133	5000.0	3.00
134	5000.0	3.00
135	5000.0	3.00
136	5000.0	3.00
137	5000.0	3.00
138	6000.0	3.00
139	5000.0	3.00
140	5000.0	3.00
141	6000.0	3.00
142	6000.0	3.00
143	5000.0	3.00
144	6000.0	3.00
145	5000.0	3.00
146	5000.0	3.00
147	5000.0	3.00
148	5000.0	3.00
149	6000.0	3.00
150	5000.0	3.00
151	0.0	3.00
152	0.0	3.00
153	0.0	3.00
154	6000.0	3.00
155	6000.0	3.00
156	5000.0	3.00
157	6000.0	3.00
158	5000.0	3.00
159	5000.0	3.00
160	2000.0	3.00
161	0.0	3.00
162	4000.0	3.00
163	4000.0	3.00
164	4000.0	3.00
165	4000.0	3.00
166	4000.0	3.00
167	4000.0	3.00
168	4000.0	3.00
169	4000.0	3.00
170	4000.0	3.00
171	4000.0	3.00
172	4000.0	3.00
173	4000.0	3.00
174	4000.0	3.00
175	4000.0	3.00
176	4000.0	3.00
177	4000.0	3.00
178	4000.0	3.00
179	4000.0	3.00
180	4000.0	3.00
181	4000.0	3.00
182	4000.0	3.00
183	4000.0	3.00
184	4000.0	3.00
185	4000.0	3.00
186	4000.0	3.00
187	4000.0	3.00
188	4000.0	3.00
189	4000.0	3.00
190	4000.0	3.00
191	4000.0	3.00
192	4000.0	3.00
193	4000.0	3.00
194	4000.0	3.00
195	4000.0	3.00
196	4000.0	3.00
197	4000.0	3.00
198	4000.0	3.00
199	4000.0	3.00
200	4000.0	3.00
201	4000.0	3.00
202	4000.0	3.00
203	4000.0	3.00
204	4000.0	3.00
205	4000.0	3.00
206	4000.0	3.00
207	4000.0	3.00
208	4000.0	3.00
209	4000.0	3.00
210	4000.0	3.00
211	4000.0	3.00
212	4000.0	3.00
213	4000.0	3.00
214	4000.0	3.00
215	4000.0	3.00
216	4000.0	3.00
217	4000.0	3.00
218	4000.0	3.00
219	4000.0	3.00
220	4000.0	3.00
221	4000.0	3.00
222	4000.0	3.00
223	4000.0	3.00
224	4000.0	3.00
225	4000.0	3.00
226	4000.0	3.00
227	4000.0	3.00
228	4000.0	3.00
229	4000.0	3.00
230	4000.0	3.00
231	4000.0	3.00
232	4000.0	3.00
233	4000.0	3.00
234	4000.0	3.00
235	4000.0	3.00
236	4000.0	3.00
237	4000.0	3.00
238	4000.0	3.00
239	4000.0	3.00
240	4000.0	3.00
241	0.0	3.00
242	0.0	3.00
243	4000.0	3.00
244	3000.0	3.00
245	4000.0	3.00
246	3000.0	3.00
247	4000.0	3.00
248	3000.0	3.00
249	4000.0	3.00
250	4000.0	3.00
251	4000.0	3.00
252	4000.0	3.00
253	3000.0	3.00
254	3000.0	3.00
255	4000.0	3.00
256	3000.0	3.00
257	4000.0	3.00
258	4000.0	3.00
259	4000.0	3.00
260	3000.0	3.00
261	3000.0	3.00
262	4000.0	3.00
263	4000.0	3.00
264	4000.0	3.00
265	3000.0	3.00
266	4000.0	3.00
267	3000.0	3.00
268	3000.0	3.00
269	3000.0	3.00
270	4000.0	3.00
271	4000.0	3.00
272	4000.0	3.00
273	3000.0	3.00
274	4000.0	3.00
275	4000.0	3.00
276	3000.0	3.00
277	4000.0	3.00
278	3000.0	3.00
279	4000.0	3.00
280	3000.0	3.00
281	3000.0	3.00
282	3000.0	3.00
283	3000.0	3.00
284	4000.0	3.00
285	4000.0	3.00
286	4000.0	3.00
287	3000.0	3.00
288	4000.0	3.00
289	4000.0	3.00
290	3000.0	3.00
291	3000.0	3.00
292	3000.0	3.00
293	4000.0	3.00
294	4000.0	3.00
295	3000.0	3.00
296	4000.0	3.00
297	4000.0	3.00
298	4000.0	3.00
299	3000.0	3.00
300	4000.0	3.00
301	4000.0	3.00
302	3000.0	3.00
303	3000.0	3.00
304	3000.0	3.00
305	3000.0	3.00
306	4000.0	3.00
307	3000.0	3.00
308	3000.0	3.00
309	3000.0	3.00
310	4000.0	3.00
311	3000.0	3.00
312	4000.0	3.00
313	3000.0	3.00
314	3000.0	3.00
315	4000.0	3.00
316	3000.0	3.00
317	3000.0	3.00
318	4000.0	3.00
319	3000.0	3.00
320	3000.0	3.00
321	4000.0	3.00
322	3000.0	3.00
323	4000.0	3.00
324	3000.0	3.00
325	3000.0	3.00
326	3000.0	3.00
327	3000.0	3.00
328	3000.0	3.00
329	3000.0	3.00
330	4000.0	3.00
331	3000.0	3.00
332	3000.0	3.00
333	4000.0	3.00
334	0.0	3.00
335	0.0	3.00
336	3000.0	3.00
337	3000.0	3.00
338	3000.0	3.00
339	3000.0	3.00
340	3000.0	3.00
341	3000.0	3.00
342	3000.0	3.00
343	3000.0	3.00
344	3000.0	3.00
345	3000.0	3.00
346	3000.0	3.00
347	3000.0	3.00
348	3000.0	3.00
349	3000.0	3.00
350	3000.0	3.00
351	3000.0	3.00
352	3000.0	3.00
353	3000.0	3.00
354	3000.0	3.00
355	3000.0	3.00
356	3000.0	3.00
357	3000.0	3.00
358	3000.0	3.00
359	3000.0	3.00
360	3000.0	3.00
361	3000.0	3.00
362	3000.0	3.00
363	3000.0	3.00
364	3000.0	3.00
365	3000.0	3.00
366	3000.0	3.00
367	3000.0	3.00
368	3000.0	3.00
369	3000.0	3.00
370	3000.0	3.00
371	3000.0	3.00
372	3000.0	3.00
373	3000.0	3.00
374	3000.0	3.00
375	3000.0	3.00
376	3000.0	3.00
377	3000.0	3.00
378	3000.0	3.00
379	3000.0	3.00
380	3000.0	3.00
381	3000.0	3.00
382	3000.0	3.00
383	3000.0	3.00
384	3000.0	3.00
385	3000.0	3.00
386	3000.0	3.00
387	3000.0	3.00
388	3000.0	3.00
389	3000.0	3.00
390	3000.0	3.00
391	3000.0	3.00
392	3000.0	3.00
393	3000.0	3.00
394	3000.0	3.00
395	3000.0	3.00
396	3000.0	3.00
397	3000.0	3.00
398	3000.0	3.00
399	3000.0	3.00
400	3000.0	3.00
401	3000.0	3.00
402	3000.0	3.00
403	3000.0	3.00
404	3000.0	3.00
405	3000.0	3.00
406	3000.0	3.00
407	3000.0	3.00
408	3000.0	3.00
409	3000.0	3.00
410	3000.0	3.00
411	3000.0	3.00
412	3000.0	3.00
413	3000.0	3.00
414	3000.0	3.00
415	3000.0	3.00
416	3000.0	3.00
417	3000.0	3.00
418	3000.0	3.00
419	3000.0	3.00
420	3000.0	3.00
421	3000.0	3.00
422	3000.0	3.00
423	3000.0	3.00
424	3000.0	3.00
425	3000.0	3.00
426	3000.0	3.00
427	3000.0	3.00
428	3000.0	3.00
429	3000.0	3.00
430	3000.0	3.00
431	3000.0	3.00
432	3000.0	3.00
433	3000.0	3.00
434	3000.0	3.00
435	3000.0	3.00
436	3000.0	3.00
437	3000.0	3.00
438	3000.0	3.00
439	3000.0	3.00
440	3000.0	3.00
441	1000.0	3.00
442	0.0	3.00
443	3000.0	3.00
444	3000.0	3.00
445	3000.0	3.00
446	3000.0	3.00
447	3000.0	3.00
448	2000.0	3.00
449	3000.0	3.00
450	3000.0	3.00
451	3000.0	3.00
452	3000.0	3.00
453	3000.0	3.00
454	3000.0	3.00
455	3000.0	3.00
456	2000.0	3.00
457	3000.0	3.00
458	2000.0	3.00
459	2000.0	3.00
460	3000.0	3.00
461	2000.0	3.00
462	3000.0	3.00
463	2000.0	3.00
464	2000.0	3.00
465	2000.0	3.00
466	3000.0	3.00
467	2000.0	3.00
468	3000.0	3.00
469	2000.0	3.00
470	2000.0	3.00
471	3000.0	3.00
472	3000.0	3.00
473	3000.0	3.00
474	3000.0	3.00
475	3000.0	3.00
476	2000.0	3.00
477	3000.0	3.00
478	3000.0	3.00
479	3000.0	3.00
480	3000.0	3.00
481	3000.0	3.00
482	2000.0	3.00
483	3000.0	3.00
484	3000.0	3.00
485	3000.0	3.00
486	2000.0	3.00
487	3000.0	3.00
488	2000.0	3.00
489	2000.0	3.00
490	3000.0	3.00
491	2000.0	3.00
492	3000.0	3.00
493	2000.0	3.00
494	2000.0	4.00
495	3000.0	4.00
496	3000.0	3.00
497	2000.0	3.00
498	3000.0	3.00
499	3000.0	3.00
500	3000.0	3.00
501	3000.0	3.00
502	3000.0	3.00
503	3000.0	3.00
504	3000.0	3.00
505	3000.0	3.00
506	3000.0	3.00
507	3000.0	3.00
508	3000.0	3.00
509	3000.0	3.00
510	3000.0	3.00
511	2000.0	3.00
512	2000.0	3.00
513	2000.0	3.00
514	3000.0	3.00
515	2000.0	3.00
516	3000.0	3.00
517	3000.0	3.00
518	2000.0	3.00
519	3000.0	3.00
520	3000.0	3.00
521	2000.0	3.00
522	3000.0	3.00
523	3000.0	3.00
524	3000.0	3.00
525	3000.0	3.00
526	2000.0	3.00
527	3000.0	3.00
528	3000.0	3.00
529	2000.0	3.00
530	2000.0	3.00
531	2000.0	3.00
532	3000.0	3.00
533	3000.0	3.00
534	3000.0	3.00
535	2000.0	3.00
536	3000.0	3.00
537	3000.0	3.00
538	2000.0	3.00
539	2000.0	3.00
540	2000.0	3.00
541	3000.0	3.00
542	3000.0	3.00
543	3000.0	3.00
544	3000.0	3.00
545	2000.0	3.00
546	3000.0	3.00
547	3000.0	3.00
548	3000.0	3.00
549	3000.0	3.00
550	3000.0	3.00
551	2000.0	3.00
552	2000.0	3.00
553	3000.0	3.00
554	3000.0	3.00
555	3000.0	3.00
556	3000.0	3.00
557	3000.0	3.00
558	3000.0	3.00
559	3000.0	3.00
560	2000.0	3.00
561	0.0	3.00
562	1000.0	3.00
563	2000.0	3.00
564	1000.0	3.00
565	1000.0	3.00
566	1000.0	3.00
567	2000.0	3.00
568	1000.0	3.00
569	1000.0	3.00
570	1000.0	3.00
571	1000.0	3.00
572	2000.0	3.00
573	1000.0	3.00
574	1000.0	3.00
575	2000.0	3.00
576	1000.0	3.00
577	2000.0	3.00
578	2000.0	3.00
579	1000.0	3.00
580	2000.0	3.00
581	1000.0	3.00
582	2000.0	3.00
583	2000.0	3.00
584	2000.0	3.00
585	1000.0	3.00
586	2000.0	3.00
587	1000.0	3.00
588	1000.0	3.00
589	1000.0	3.00
590	2000.0	3.00
591	1000.0	3.00
592	1000.0	3.00
593	2000.0	3.00
594	2000.0	3.00
595	1000.0	3.00
596	2000.0	3.00
597	1000.0	3.00
598	1000.0	3.00
599	1000.0	3.00
600	1000.0	3.00
601	2000.0	3.00
602	2000.0	3.00
603	1000.0	3.00
604	1000.0	3.00
605	1000.0	3.00
606	2000.0	3.00
607	1000.0	3.00
608	2000.0	3.00
609	2000.0	3.00
610	1000.0	3.00
611	2000.0	3.00
612	1000.0	3.00
613	1000.0	3.00
614	2000.0	3.00
615	1000.0	3.00
616	2000.0	3.00
617	1000.0	3.00
618	2000.0	3.00
619	1000.0	3.00
620	1000.0	3.00
621	1000.0	3.00
622	1000.0	3.00
623	2000.0	3.00
624	2000.0	3.00
625	1000.0	3.00
626	1000.0	3.00
627	2000.0	3.00
628	2000.0	3.00
629	1000.0	3.00
630	2000.0	3.00
631	2000.0	3.00
632	2000.0	3.00
633	1000.0	3.00
634	1000.0	3.00
635	2000.0	3.00
636	1000.0	3.00
637	1000.0	3.00
638	2000.0	3.00
639	2000.0	3.00
640	1000.0	3.00
641	1000.0	3.00
642	1000.0	3.00
643	2000.0	3.00
644	2000.0	3.00
645	2000.0	3.00
646	1000.0	3.00
647	1000.0	3.00
648	1000.0	3.00
649	2000.0	3.00
650	1000.0	3.00
651	1000.0	3.00
652	2000.0	3.00
653	1000.0	3.00
654	2000.0	3.00
655	1000.0	3.00
656	2000.0	3.00
657	1000.0	3.00
658	2000.0	3.00
659	1000.0	3.00
660	2000.0	3.00
661	1000.0	3.00
662	1000.0	3.00
663	1000.0	3.00
664	2000.0	3.00
665	2000.0	3.00
666	1000.0	3.00
667	2000.0	3.00
668	1000.0	3.00
669	2000.0	3.00
670	2000.0	3.00
671	2000.0	3.00
672	1000.0	3.00
673	1000.0	3.00
674	2000.0	3.00
675	1000.0	3.00
676	1000.0	3.00
677	2000.0	3.00
678	1000.0	3.00
679	2000.0	3.00
680	1000.0	3.00
681	2000.0	3.00
682	1000.0	3.00
683	1000.0	3.00
684	2000.0	3.00
685	1000.0	3.00
686	1000.0	3.00
687	2000.0	3.00
688	2000.0	3.00
689	1000.0	3.00
690	1000.0	3.00
691	2000.0	3.00
692	1000.0	3.00
693	2000.0	3.00
694	1000.0	3.00
695	1000.0	3.00
696	2000.0	3.00
697	1000.0	3.00
698	1000.0	3.00
699	2000.0	3.00
700	2000.0	3.00
701	1000.0	3.00
702	2000.0	3.00
703	1000.0	3.00
704	1000.0	3.00
705	2000.0	3.00
706	1000.0	3.00
707	1000.0	3.00
708	1000.0	3.00
709	1000.0	3.00
710	2000.0	3.00
711	2000.0	3.00
712	2000.0	3.00
713	2000.0	3.00
714	2000.0	3.00
715	1000.0	3.00
716	1000.0	3.00
717	1000.0	3.00
718	2000.0	3.00
719	1000.0	3.00
720	1000.0	3.00
721	2000.0	3.00
722	2000.0	3.00
723	1000.0	3.00
724	1000.0	3.00
725	1000.0	3.00
726	1000.0	3.00
727	2000.0	3.00
728	2000.0	3.00
729	2000.0	3.00
730	1000.0	3.00
731	1000.0	3.00
732	2000.0	3.00
733	1000.0	3.00
734	1000.0	3.00
735	1000.0	3.00
736	2000.0	3.00
737	2000.0	3.00
738	1000.0	3.00
739	1000.0	3.00
740	2000.0	3.00
741	2000.0	3.00
742	1000.0	3.00
743	1000.0	3.00
744	1000.0	3.00
745	2000.0	3.00
746	2000.0	3.00
747	1000.0	3.00
748	2000.0	3.00
749	1000.0	3.00
750	1000.0	3.00
751	2000.0	3.00
752	1000.0	3.00
753	2000.0	3.00
754	1000.0	3.00
755	1000.0	3.00
756	2000.0	3.00
757	1000.0	3.00
758	2000.0	3.00
759	2000.0	3.00
760	2000.0	3.00
761	2000.0	3.00
762	1000.0	3.00
763	1000.0	3.00
764	1000.0	3.00
765	2000.0	3.00
766	1000.0	3.00
767	2000.0	3.00
768	1000.0	3.00
769	2000.0	3.00
770	1000.0	3.00
771	1000.0	3.00
772	1000.0	3.00
773	1000.0	3.00
774	2000.0	3.00
775	1000.0	3.00
776	1000.0	3.00
777	1000.0	3.00
778	1000.0	3.00
779	1000.0	3.00
780	2000.0	3.00
781	1000.0	3.00
782	1000.0	3.00
783	0.0	3.00
784	1000.0	3.00
785	1000.0	3.00
786	1000.0	3.00
787	1000.0	3.00
788	1000.0	3.00
789	1000.0	3.00
790	1000.0	3.00
791	1000.0	3.00
792	1000.0	3.00
793	1000.0	3.00
794	1000.0	3.00
795	1000.0	3.00
796	1000.0	3.00
797	1000.0	3.00
798	1000.0	3.00
799	1000.0	3.00
800	1000.0	3.00
801	1000.0	3.00
802	1000.0	3.00
803	1000.0	3.00
804	1000.0	3.00
805	1000.0	3.00
806	1000.0	3.00
807	1000.0	3.00
808	1000.0	3.00
809	1000.0	3.00
810	1000.0	3.00
811	1000.0	3.00
812	1000.0	3.00
813	1000.0	3.00
814	1000.0	3.00
815	1000.0	3.00
816	1000.0	3.00
817	1000.0	3.00
818	1000.0	3.00
819	1000.0	3.00
820	1000.0	3.00
821	1000.0	3.00
822	1000.0	3.00
823	1000.0	3.00
824	1000.0	3.00
825	1000.0	3.00
826	1000.0	3.00
827	1000.0	3.00
828	1000.0	3.00
829	1000.0	3.00
830	1000.0	3.00
831	1000.0	3.00
832	1000.0	3.00
833	1000.0	3.00
834	1000.0	3.00
835	1000.0	3.00
836	1000.0	3.00
837	1000.0	3.00
838	1000.0	3.00
839	1000.0	3.00
840	1000.0	3.00
841	1000.0	3.00
842	1000.0	3.00
843	1000.0	3.00
844	1000.0	3.00
845	1000.0	3.00
846	1000.0	3.00
847	1000.0	3.00
848	1000.0	3.00
849	1000.0	3.00
850	1000.0	3.00
851	1000.0	3.00
852	1000.0	3.00
853	1000.0	3.00
854	1000.0	3.00
855	1000.0	3.00
856	1000.0	3.00
857	1000.0	3.00
858	1000.0	3.00
859	1000.0	3.00
860	1000.0	3.00
861	1000.0	3.00
862	1000.0	3.00
863	1000.0	3.00
864	1000.0	3.00
865	1000.0	3.00
866	1000.0	3.00
867	1000.0	3.00
868	1000.0	3.00
869	1000.0	3.00
870	1000.0	3.00
871	1000.0	3.00
872	1000.0	3.00
873	1000.0	3.00
874	1000.0	3.00
875	1000.0	3.00
876	1000.0	3.00
877	1000.0	3.00
878	1000.0	3.00
879	1000.0	3.00
880	1000.0	3.00
881	1000.0	3.00
882	1000.0	3.00
883	1000.0	3.00
884	1000.0	3.00
885	1000.0	3.00
886	1000.0	3.00
887	1000.0	3.00
888	1000.0	3.00
889	1000.0	3.00
890	1000.0	3.00
891	1000.0	3.00
892	1000.0	3.00
893	1000.0	3.00
894	1000.0	3.00
895	1000.0	3.00
896	1000.0	3.00
897	1000.0	3.00
898	1000.0	3.00
899	1000.0	3.00
900	1000.0	3.00
901	1000.0	3.00
902	1000.0	3.00
903	1000.0	3.00
904	1000.0	3.00
905	1000.0	3.00
906	1000.0	3.00
907	1000.0	3.00
908	1000.0	3.00
909	1000.0	3.00
910	1000.0	3.00
911	1000.0	3.00
912	1000.0	3.00
913	1000.0	3.00
914	1000.0	3.00
915	1000.0	3.00
916	1000.0	3.00
917	1000.0	3.00
918	1000.0	3.00
919	1000.0	3.00
920	1000.0	3.00
921	1000.0	3.00
922	1000.0	3.00
923	1000.0	3.00
924	1000.0	3.00
925	1000.0	3.00
926	1000.0	3.00
927	1000.0	3.00
928	1000.0	3.00
929	1000.0	3.00
930	1000.0	3.00
931	1000.0	3.00
932	1000.0	3.00
933	1000.0	3.00
934	1000.0	3.00
935	1000.0	3.00
936	1000.0	3.00
937	1000.0	3.00
938	1000.0	3.00
939	1000.0	3.00
940	1000.0	3.00
941	1000.0	3.00
942	1000.0	3.00
943	1000.0	3.00
944	1000.0	3.00
945	1000.0	3.00
946	1000.0	3.00
947	1000.0	3.00
948	1000.0	3.00
949	1000.0	3.00
950	1000.0	3.00
951	1000.0	3.00
952	1000.0	3.00
953	1000.0	3.00
954	1000.0	3.00
955	1000.0	3.00
956	1000.0	3.00
957	1000.0	3.00
958	1000.0	3.00
959	1000.0	3.00
960	1000.0	3.00
961	1000.0	3.00
962	1000.0	3.00
963	1000.0	3.00
964	1000.0	3.00
965	1000.0	3.00
966	1000.0	3.00
967	1000.0	3.00
968	1000.0	3.00
969	1000.0	3.00
970	1000.0	3.00
971	1000.0	3.00
972	1000.0	3.00
973	1000.0	3.00
974	1000.0	3.00
975	1000.0	3.00
976	1000.0	3.00
977	1000.0	3.00
978	1000.0	3.00
979	1000.0	3.00
980	1000.0	3.00
981	1000.0	3.00
982	1000.0	3.00
983	1000.0	3.00
984	1000.0	3.00
985	1000.0	3.00
986	1000.0	3.00
987	1000.0	3.00
988	1000.0	3.00
989	1000.0	3.00
990	1000.0	3.00
991	1000.0	3.00
992	1000.0	3.00
993	1000.0	3.00
994	1000.0	3.00
995	1000.0	3.00
996	1000.0	3.00
997	1000.0	3.00
998	1000.0	3.00
999	1000.0	3.00
1000	1000.0	3.00
1001	1000.0	3.00
1002	1000.0	3.00
1003	1000.0	3.00
1004	1000.0	3.00
1005	1000.0	3.00
1006	1000.0	3.00
1007	1000.0	3.00
1008	1000.0	3.00
1009	1000.0	3.00
1010	1000.0	3.00
1011	1000.0	3.00
1012	1000.0	3.00
1013	1000.0	3.00
1014	1000.0	3.00
1015	1000.0	3.00
1016	1000.0	3.00
1017	1000.0	3.00
1018	1000.0	3.00
1019	1000.0	3.00
1020	1000.0	3.00
1021	1000.0	3.00
1022	1000.0	3.00
1023	1000.0	3.00
1024	1000.0	3.00
1025	1000.0	3.00
1026	1000.0	3.00
1027	1000.0	3.00
1028	1000.0	3.00
1029	1000.0	3.00
1030	1000.0	3.00
1031	1000.0	3.00
1032	1000.0	3.00
1033	1000.0	3.00
1034	1000.0	3.00
1035	1000.0	3.00
1036	1000.0	3.00
1037	1000.0	3.00
1038	1000.0	3.00
1039	1000.0	3.00
1040	1000.0	3.00
1041	1000.0	3.00
1042	1000.0	3.00
1043	1000.0	3.00
1044	1000.0	3.00
1045	1000.0	3.00
1046	1000.0	3.00
1047	1000.0	3.00
1048	1000.0	3.00
1049	1000.0	3.00
1050	1000.0	3.00
1051	1000.0	3.00
1052	1000.0	3.00
1053	1000.0	3.00
1054	1000.0	3.00
1055	1000.0	3.00
1056	1000.0	3.00
1057	1000.0	3.00
1058	1000.0	3.00
1059	1000.0	3.00
1060	1000.0	3.00
1061	1000.0	3.00
1062	1000.0	3.00
1063	1000.0	3.00
1064	1000.0	3.00
1065	1000.0	3.00
1066	1000.0	3.00
1067	1000.0	3.00
1068	1000.0	3.00
1069	1000.0	3.00
1070	1000.0	3.00
1071	1000.0	3.00
1072	1000.0	3.00
1073	1000.0	3.00
1074	1000.0	3.00
1075	1000.0	3.00
1076	1000.0	3.00
1077	1000.0	3.00
1078	1000.0	3.00
1079	1000.0	3.00
1080	1000.0	3.00
1081	1000.0	3.00
1082	1000.0	3.00
1083	1000.0	3.00
1084	1000.0	3.00
1085	1000.0	3.00
1086	1000.0	3.00
1087	1000.0	3.00
1088	1000.0	3.00
1089	1000.0	3.00
1090	1000.0	3.00
1091	1000.0	3.00
1092	1000.0	3.00
1093	1000.0	3.00
1094	1000.0	3.00
1095	1000.0	3.00
1096	1000.0	3.00
1097	1000.0	3.00
1098	1000.0	3.00
1099	1000.0	3.00
1100	0.0	3.00
1101	0.0	3.00
