task	reward	total_reward	total_reward_dev	joules
0	15.723829129526688	39.854310346737996	8.240736957702609	39.854310346737996
1	14.73751737685567	82.46207433634925	17.16748117493464	42.60776398961125
2	15.718836329456419	122.33032291661674	19.61801252479864	39.8682485802675
3	14.410143542821077	165.85200552624124	22.369018190364542	43.5216826096245
4	11.433072781343103	217.68467734499174	15.613826311168312	51.8326718187505
5	14.19127162289221	261.817377397751	9.355923881395693	44.132700052759255
6	12.328865349571165	318.53462940880945	17.849510040589273	56.7172520110585
7	13.214313602722747	373.4040181120085	43.86687965568233	54.86938870319899
8	15.109533918586836	414.97323592262023	44.17012446087124	41.569217810611754
9	12.485691607598955	463.8673468514065	41.58464763396938	48.89411092878625
10	17.645411102766626	498.357240856183	40.10930018424211	34.489894004776495
11	15.705824420583404	538.2618143487209	35.81682057605221	39.904573492538
12	12.816044186346804	586.2336909951695	34.885710958257036	47.97187664644851
13	6.55131100699934	656.082774978435	19.062056229453805	69.8490839832655
14	11.57663624877421	728.132750000599	35.47203509422941	72.04997502216399
15	13.591702025398927	773.939248513027	41.608533365733415	45.80649851242799
16	13.162242571291792	820.9446546681708	52.72040797733353	47.005406155143746
17	14.63986221170633	863.8250393271571	47.82543591814898	42.8803846589865
18	7.9289244935098235	933.849874018789	59.95898575159353	70.02483469163175
19	6.060157574906863	1034.517813915404	69.07786861474038	100.667939896615
20	16.97074464804752	1070.891151772938	69.99019774201321	36.373337857534004
21	13.12735507250597	1118.8999794170504	89.26590152329904	48.0088276441125
22	13.598902299035824	1164.6863771655753	93.95892086811395	45.786397748525
23	15.515750959782803	1219.8123856881725	101.18112004123661	55.12600852259699
24	9.110285414155516	1295.967184467969	101.9602526527322	76.1547987797965
25	14.22484274680567	1340.0061651331362	101.28601525725871	44.0389806651675
26	13.337295710178534	1401.2161173389006	116.86125228779946	61.209952205764246
27	13.102192611557193	1448.3891629649702	104.8120783839966	47.17304562606951
28	14.245423414242985	1507.217471378947	128.3389332620296	58.82830841397699
29	13.57543652529072	1593.5635443266756	164.13773745433085	86.34607294772876
30	15.363631645358328	1655.0746580116397	144.62825320084735	61.511113684964
31	11.814520472152745	1709.393023556302	153.02707387219502	54.31836554466226
32	14.733054187720299	1752.0132472822495	148.23682183021293	42.6202237259475
33	9.978299244019434	1808.5095793534917	142.7252057542134	56.49633207124225
34	9.953568425962928	1866.421969309165	130.52812047506336	57.912389955673504
35	11.225699632063522	1923.2023913107053	150.70139989420065	56.78042200154
36	13.74542307906152	1980.662579880896	170.6535740987825	57.460188570190745
37	15.068237997255672	2022.3470821385572	174.436857225285	41.68450225766126
38	10.848239509834212	2081.7706013275615	189.79757422996695	59.423519189004494
39	13.819324164490297	2138.5316303826226	170.0099788487937	56.76102905506124
40	16.176274121543198	2177.1228651266483	170.48162172577935	38.59123474402524
41	8.438171176195883	2238.9358206304364	189.50948868215306	61.812955503788494
42	9.190076690401611	2297.500257027447	187.56303028369408	58.56443639701049
43	11.127880130447195	2352.780237668033	175.27373509770152	55.27998064058575
44	10.676418022149939	2425.2798517408	146.72363592665747	72.49961407276726
45	11.569174869545552	2488.8483383876596	136.13702453847455	63.5684866468595
46	9.421440616032447	2556.9807844221014	115.87605655276148	68.13244603444176
47	13.705450728185193	2602.469734472584	115.62231237436644	45.488950050483005
48	10.945748373054268	2660.67879723132	118.0917082037202	58.209062758735485
49	13.706972237373671	2711.461207918765	95.03372617601818	50.7824106874455
50	12.675871675319014	2763.156834578053	97.86332130897317	51.695626659287754
51	13.141741512613077	2810.2194728553413	80.92832104621151	47.0626382772885
52	8.192844140349042	2878.6309173727614	103.04508328850581	68.41144451742025
53	5.459239330490144	2974.587410423057	94.70899552101032	95.956493050295
54	7.3465470352933435	3038.096895896849	90.63611024614369	63.50948547379274
55	8.586109743483942	3102.4032178545376	112.49206614707329	64.306321957688
56	11.579128831972117	3155.054895800351	125.7737554800243	52.65167794581349
57	3.5043625590064496	3229.021883656458	120.28499198489178	73.96698785610701
58	11.19953743526812	3281.5065083163345	131.2101464668586	52.4846246598765
59	6.889170461031227	3353.991192615583	137.33172031712115	72.4846842992485
60	7.6714739376947465	3422.196491741377	120.70526161090416	68.2052991257935
61	4.857476781116684	3519.506947755327	129.7858141190571	97.31045601395076
62	3.2801383245668037	3607.642800807328	135.3337139519161	88.135853052001
63	3.674507353973647	3697.41721489527	138.37360266713108	89.77441408794124
64	6.382341335359345	3776.3302860386893	127.52523618797265	78.9130711434195
65	13.752652749243222	3821.8872983027704	147.08380373507507	45.557012264080996
66	5.9461118365491945	3894.875638069539	164.99875607378715	72.9883397667685
67	3.921907299564271	3969.255925788212	175.03597723898588	74.38028771867374
68	9.363221081249735	4037.5598263850416	174.10494230548855	68.3039005968295
69	11.115146990733134	4103.259588114856	148.35644549606883	65.69976172981399
70	8.29543543839045	4185.369728775196	151.3407584550847	82.11014066034
71	12.10437226916561	4252.486845045516	160.3524324314695	67.11711627032
72	5.879608302514475	4324.898502725776	167.8040777626177	72.41165768026025
73	4.3343589520962995	4420.369052521484	161.65906273230397	95.4705497957085
74	6.581248412698926	4485.7464007027	171.89094901762826	65.3773481812155
75	7.261784697733252	4574.779752066384	168.64396395893067	89.033351363684
76	4.161999148025285	4647.128130673562	169.59414620368463	72.34837860717724
77	8.21260647635203	4710.121706526953	180.9949047880358	62.993575853392265
78	12.151295342134297	4763.530641870995	203.21091737286113	53.40893534404175
79	13.164833181955885	4820.492939610729	195.11947715738964	56.96229773973349
80	6.540686215902807	4893.023996746967	207.34895358945442	72.531057136239
81	5.502856900912473	4962.040275475301	216.8300363576626	69.016278728334
82	1.7672313861779125	5040.856754522221	214.66286256435185	78.81647904692
83	1.773898131094568	5119.654622239583	212.42600622705294	78.797867717361
84	3.7323341039786877	5206.126764401506	208.2698361310141	86.4721421619235
85	2.100261697040148	5290.059471393453	204.09385976867887	83.93270699194724
86	3.6980413713456697	5376.629280149329	198.62254891020947	86.56980875587499
87	6.967886729302927	5441.497686531437	175.88134624155484	64.86840638210799
88	6.221289828889256	5530.217312293289	165.85725811799847	88.71962576185251
89	2.2391191450116716	5614.164401497344	162.08694803987075	83.94708920405574
90	9.248552487639047	5673.916342115758	180.8694040297739	59.751940618412995
91	3.007370579075822	5761.470988357858	176.23243403638975	87.55464624209999
92	6.686181071253493	5829.035540424411	176.1273526824022	67.5645520665535
93	2.2481641751217314	5912.88392266311	170.7713712862851	83.8483822386985
94	3.528510182334717	5998.11683134354	167.18582445370612	85.23290868042976
95	2.3928757793271043	6085.242773603282	170.07281630097572	87.1259422597425
96	1.9822049663395536	6168.707639808554	172.40488424946517	83.46486620527125
97	4.180175002770717	6255.632278931362	166.91467487363275	86.92463912280824
98	1.5039623034308063	6336.616557643519	164.47543709652442	80.984278712157
99	3.35586957721791	6421.634731326889	170.2020963919032	85.01817368337
100	7.058654434519343	6497.17995539673	173.62387195657266	75.5452240698415
101	3.496809140742628	6584.414434728918	177.14908454832022	87.2344793321885
102	6.593917801005486	6686.572455256726	189.19581001773668	102.158020527807
103	5.26433065716949	6772.096951264791	185.09397401710478	85.5244960080645
104	8.351962995553974	6845.681476109525	193.83170193007064	73.58452484473449
105	3.1689347959055807	6935.337294548565	186.9994408968262	89.65581843903925
106	4.378701330788062	7022.340715946025	177.04333870764756	87.00342139746
107	2.1755781439072823	7105.205993857186	171.86642066858485	82.86527791116049
108	1.4851570626146877	7187.745150451041	175.42494047152664	82.53915659385599
109	1.7980578923322987	7271.384299191705	173.5168036922293	83.63914874066398
110	4.674290698935042	7366.634080238632	170.85226433560754	95.24978104692698
111	2.906491481353071	7458.214171303988	174.20194507086646	91.58009106535599
112	3.1392157969877896	7546.533922733982	178.05338815271972	88.31975142999325
113	1.8335260032323264	7631.418670639252	175.17210906090082	84.88474790526975
114	2.2117952857686243	7712.933275430913	175.09059684617725	81.51460479166124
115	2.6625938943271334	7789.250200809249	174.12198730187257	76.31692537833675
116	4.266954181971941	7865.426417036544	172.69415031582955	76.17621622729501
117	2.6338953147826576	7942.842763348243	172.29449669698602	77.41634631169974
118	2.9659884290288963	8018.312712317205	171.66112520305882	75.46994896896099
119	2.180004669038871	8097.487701506032	169.99081379360348	79.1749891888265
120	1.4713907025146913	8180.058230446545	165.3543856986258	82.5705289405135
