task	r0_energy	r0_config	r0_reward	r0_rate	c0	c1	c2	c3	c4	c5	c6	c7	c8	c9	c10	c11
0	37.339726972415995	0	37.339726972415995	13.37542458713409	1	0	0	0	0	0	0	0	0	0	0	0
1	40.759396659366	0	78.09912363178199	14.600380892907223	1	0	0	0	0	0	0	0	0	0	0	0
2	39.117816668501995	1	117.216940300284	14.0123522394634	0	1	0	0	0	0	0	0	0	0	0	0
3	48.22219814187601	1	165.43913844216002	17.27362321500036	0	1	0	0	0	0	0	0	0	0	0	0
4	51.59297587371201	2	217.03211431587204	18.481065984613256	0	0	1	0	0	0	0	0	0	0	0	0
5	55.779036025674	2	272.81115034154607	19.98055021815188	0	0	1	0	0	0	0	0	0	0	0	0
6	84.57485116106001	3	357.38600150260606	30.29546907261851	0	0	0	1	0	0	0	0	0	0	0	0
7	38.563490161664	3	395.94949166427006	13.813787520596058	0	0	0	1	0	0	0	0	0	0	0	0
8	80.44234066301398	4	476.391832327284	28.81516680466173	0	0	0	0	1	0	0	0	0	0	0	0
9	79.15001255632998	4	555.541844883614	28.352243303759998	0	0	0	0	1	0	0	0	0	0	0	0
10	39.311266349087994	3	594.853111232702	14.081647647434503	0	0	0	1	0	0	0	0	0	0	0	0
11	80.042480555464	4	674.8955917881659	28.67193333330054	0	0	0	0	1	0	0	0	0	0	0	0
12	77.608104245184	4	752.5036960333499	27.79991793857337	0	0	0	0	1	0	0	0	0	0	0	0
13	78.62684988542999	4	831.13054591878	28.164841750004776	0	0	0	0	1	0	0	0	0	0	0	0
14	98.969254098688	4	930.0998000174679	35.4516731099778	0	0	0	0	1	0	0	0	0	0	0	0
15	80.096634794122	4	1010.1964348115899	28.691331866551163	0	0	0	0	1	0	0	0	0	0	0	0
16	81.154543839516	4	1091.3509786511058	29.070284360423642	0	0	0	0	1	0	0	0	0	0	0	0
17	81.67588123599599	4	1173.0268598871019	29.257032084535876	0	0	0	0	1	0	0	0	0	0	0	0
18	80.14448494332001	4	1253.171344830422	28.708472218502692	0	0	0	0	1	0	0	0	0	0	0	0
19	87.002241645915	4	1340.173586476337	31.164982082118804	0	0	0	0	1	0	0	0	0	0	0	0
20	80.20524123324	4	1420.378827709577	28.730235665638208	0	0	0	0	1	0	0	0	0	0	0	0
21	76.95970999164001	4	1497.338537701217	27.56765731043821	0	0	0	0	1	0	0	0	0	0	0	0
22	116.87766986142	4	1614.216207562637	41.8666280100609	0	0	0	0	1	0	0	0	0	0	0	0
23	96.18078555873	0	96.18078555873	34.45281870760477	1	0	0	0	0	0	0	0	0	0	0	0
24	106.18937008357501	0	202.370155642305	38.037983313519405	1	0	0	0	0	0	0	0	0	0	0	0
25	43.716887863649994	1	246.087043505955	15.659780727277608	0	1	0	0	0	0	0	0	0	0	0	0
26	40.613946504999994	1	286.70099001095497	14.548279345074624	0	1	0	0	0	0	0	0	0	0	0	0
27	81.14721363	2	367.848203640955	29.067658613731343	0	0	1	0	0	0	0	0	0	0	0	0
28	82.23935085072	2	450.08755449167495	29.45887194652657	0	0	1	0	0	0	0	0	0	0	0	0
29	86.43908545344	3	536.526639945115	30.963254490784472	0	0	0	1	0	0	0	0	0	0	0	0
30	78.35015549592	3	614.876795441035	28.06572734182209	0	0	0	1	0	0	0	0	0	0	0	0
31	88.80322443299998	4	703.680019874035	31.810110244656713	0	0	0	0	1	0	0	0	0	0	0	0
32	77.75901401052	4	781.439033884555	27.85397516794746	0	0	0	0	1	0	0	0	0	0	0	0
33	79.3613001224	0	860.8003340069549	28.427928402053727	1	0	0	0	0	0	0	0	0	0	0	0
34	78.13751018932	0	938.9378441962749	27.98955588871164	1	0	0	0	0	0	0	0	0	0	0	0
35	76.83465424852001	0	1015.7724984447949	27.522861223350446	1	0	0	0	0	0	0	0	0	0	0	0
36	35.878770939728	0	1051.651269384523	12.852097053036896	1	0	0	0	0	0	0	0	0	0	0	0
37	48.301291471472	0	1099.952560855995	17.301955153960122	1	0	0	0	0	0	0	0	0	0	0	0
38	35.64570509784	0	1135.598265953835	12.768610781315822	1	0	0	0	0	0	0	0	0	0	0	0
39	77.03493041157598	3	1212.6331963654109	27.59460193847498	0	0	0	1	0	0	0	0	0	0	0	0
40	90.578811509704	0	1303.212007875115	32.446141436311876	1	0	0	0	0	0	0	0	0	0	0	0
41	59.65542441379199	0	1362.867432288907	21.369107252701607	1	0	0	0	0	0	0	0	0	0	0	0
42	51.840037037472	0	1414.707469326379	18.56956550596012	1	0	0	0	0	0	0	0	0	0	0	0
43	51.464892050695994	0	1466.172361377075	18.43518521218961	1	0	0	0	0	0	0	0	0	0	0	0
44	39.91536301648	0	1506.0877243935552	14.298040483515225	1	0	0	0	0	0	0	0	0	0	0	0
45	45.799773138000006	0	1551.8874975315553	16.405888885253734	1	0	0	0	0	0	0	0	0	0	0	0
46	79.81680484602	0	79.81680484602	28.591094273201193	1	0	0	0	0	0	0	0	0	0	0	0
47	80.22952221984	0	160.04632706586	28.738933332480002	1	0	0	0	0	0	0	0	0	0	0	0
48	83.51875400687999	1	243.56508107273999	29.917165614404777	0	1	0	0	0	0	0	0	0	0	0	0
49	39.24448957422	1	282.80957064695997	14.05772760867582	0	1	0	0	0	0	0	0	0	0	0	0
50	38.917418224185	2	321.72698887114495	13.940567722096118	0	0	1	0	0	0	0	0	0	0	0	0
51	68.29645673844	2	390.02344560958494	24.46440241376955	0	0	1	0	0	0	0	0	0	0	0	0
52	83.69260283915999	3	473.7160484487449	29.979439822982684	0	0	0	1	0	0	0	0	0	0	0	0
53	78.615411791202	3	552.3314602399469	28.160744522221616	0	0	0	1	0	0	0	0	0	0	0	0
54	77.160693561549	4	629.4921538014959	27.63965142503248	0	0	0	0	1	0	0	0	0	0	0	0
55	78.20336225391	4	707.6955160554058	28.013144687967763	0	0	0	0	1	0	0	0	0	0	0	0
56	48.302465173151	0	755.9979812285568	17.302375584412296	1	0	0	0	0	0	0	0	0	0	0	0
57	44.305763320533	0	800.3037445490897	15.870721189444657	1	0	0	0	0	0	0	0	0	0	0	0
58	66.39901955068999	0	866.7027640997798	23.784723421142687	1	0	0	0	0	0	0	0	0	0	0	0
59	92.09706471378	0	958.7998288135598	32.989993330309254	1	0	0	0	0	0	0	0	0	0	0	0
60	100.75884769503	0	1059.5586765085898	36.09272156239881	1	0	0	0	0	0	0	0	0	0	0	0
61	87.136222087872	0	1146.6948985964618	31.21297507625266	1	0	0	0	0	0	0	0	0	0	0	0
62	85.83875573245199	4	1232.5336543289138	30.74821100863951	0	0	0	0	1	0	0	0	0	0	0	0
63	37.019401960799996	0	1269.5530562897138	13.260681299391045	1	0	0	0	0	0	0	0	0	0	0	0
64	36.27915432069601	0	1305.83221061041	12.995517965622449	1	0	0	0	0	0	0	0	0	0	0	0
65	36.129672793088	0	1341.961883403498	12.941972343792717	1	0	0	0	0	0	0	0	0	0	0	0
66	77.848156232616	0	1419.810039636114	27.885906710190813	1	0	0	0	0	0	0	0	0	0	0	0
67	77.268657831386	0	1497.0786974675	27.678325193332295	1	0	0	0	0	0	0	0	0	0	0	0
68	77.5763009791	0	1574.6549984466	27.788525723856715	1	0	0	0	0	0	0	0	0	0	0	0
69	77.44746884481602	0	77.44746884481602	27.742376899635588	1	0	0	0	0	0	0	0	0	0	0	0
70	42.698139074640004	0	120.14560791945601	15.294855787930748	1	0	0	0	0	0	0	0	0	0	0	0
71	78.15477509439602	1	198.300383013852	27.995740332320963	0	1	0	0	0	0	0	0	0	0	0	0
72	76.260604383936	1	274.56098739778804	27.3172314211114	0	1	0	0	0	0	0	0	0	0	0	0
73	36.791135289215994	2	311.35212268700406	13.178914133450503	0	0	1	0	0	0	0	0	0	0	0	0
74	76.87659323036	2	388.22871591736407	27.53788414221851	0	0	1	0	0	0	0	0	0	0	0	0
75	77.92614611488	3	466.15486203224407	27.913843384434628	0	0	0	1	0	0	0	0	0	0	0	0
76	91.450226454528	3	557.605088486772	32.758290073263765	0	0	0	1	0	0	0	0	0	0	0	0
77	52.09494322651201	4	609.700031713284	18.66087518561624	0	0	0	0	1	0	0	0	0	0	0	0
78	100.32592047091201	4	710.0259521841961	35.937643153759524	0	0	0	0	1	0	0	0	0	0	0	0
79	90.810757598424	4	800.8367097826201	32.52922660242054	0	0	0	0	1	0	0	0	0	0	0	0
80	62.10724465467601	4	862.9439544372962	22.247371219585435	0	0	0	0	1	0	0	0	0	0	0	0
81	36.327124411392	4	899.2710788486881	13.012701281692657	0	0	0	0	1	0	0	0	0	0	0	0
82	36.96895399329	4	936.2400328419782	13.242610385656121	0	0	0	0	1	0	0	0	0	0	0	0
83	36.3965194598	2	972.6365523017781	13.037559209480596	0	0	1	0	0	0	0	0	0	0	0	0
84	36.20725272549	2	1008.8438050272681	12.969762170324776	0	0	1	0	0	0	0	0	0	0	0	0
85	77.27402801071798	1	1086.1178330379862	27.68024883966017	0	1	0	0	0	0	0	0	0	0	0	0
86	36.30370998869999	1	1122.421543026686	13.004314025802982	0	1	0	0	0	0	0	0	0	0	0	0
87	61.157893943727004	1	1183.579436970413	21.907305293275343	0	1	0	0	0	0	0	0	0	0	0	0
88	37.23688312029	1	1220.8163200907031	13.338584998312836	0	1	0	0	0	0	0	0	0	0	0	0
89	39.594683936934	4	1260.411004027637	14.183170365468895	0	0	0	0	1	0	0	0	0	0	0	0
90	78.50275340978702	2	1338.913757437424	28.12038928111774	0	0	1	0	0	0	0	0	0	0	0	0
91	77.326604393472	2	1416.240361830896	27.699082170795936	0	0	1	0	0	0	0	0	0	0	0	0
92	91.5631007184	3	1507.803462549296	32.798722645397014	0	0	0	1	0	0	0	0	0	0	0	0
93	35.732520863028	2	1543.535983412324	12.799708965860777	0	0	1	0	0	0	0	0	0	0	0	0
94	77.95680771259799	0	1621.492791124922	27.92482664331868	1	0	0	0	0	0	0	0	0	0	0	0
95	90.627352576488	0	1712.12014370141	32.46352928113003	1	0	0	0	0	0	0	0	0	0	0	0
96	92.97220304911501	0	1805.092346750525	33.30347571908598	1	0	0	0	0	0	0	0	0	0	0	0
97	51.647468626908	0	1856.739815377433	18.500585776802865	1	0	0	0	0	0	0	0	0	0	0	0
98	36.76328833446001	0	1893.503103711893	13.168939104881195	1	0	0	0	0	0	0	0	0	0	0	0
99	37.718937364964994	0	1931.222041076858	13.511261145659102	1	0	0	0	0	0	0	0	0	0	0	0
100	36.20173414923	0	36.20173414923	12.967785366888359	1	0	0	0	0	0	0	0	0	0	0	0
101	88.268288600661	0	124.470022749891	31.618491439042742	1	0	0	0	0	0	0	0	0	0	0	0
102	79.02930800069099	1	203.49933075058198	28.30900585099379	0	1	0	0	0	0	0	0	0	0	0	0
103	78.370427059758	1	281.86975781034	28.072988797525255	0	1	0	0	0	0	0	0	0	0	0	0
104	38.17838315382	2	320.04814096416	13.675838741666865	0	0	1	0	0	0	0	0	0	0	0	0
105	67.612116329472	2	387.66025729363196	24.219265550855642	0	0	1	0	0	0	0	0	0	0	0	0
106	79.72021708752001	3	467.380474381152	28.556495673141495	0	0	0	1	0	0	0	0	0	0	0	0
107	79.804018321776	3	547.184492702928	28.586514025710805	0	0	0	1	0	0	0	0	0	0	0	0
108	78.35853014688598	4	625.543022849814	28.068727216794976	0	0	0	0	1	0	0	0	0	0	0	0
109	78.84685662292799	4	704.389879472742	28.243650133586147	0	0	0	0	1	0	0	0	0	0	0	0
110	36.687110791152	2	741.076990263894	13.141651626681316	0	0	1	0	0	0	0	0	0	0	0	0
111	89.954687829216	0	831.03167809311	32.22257474479379	1	0	0	0	0	0	0	0	0	0	0	0
112	36.919518149375996	1	867.951196242486	13.224902023657071	0	1	0	0	0	0	0	0	0	0	0	0
113	97.18043267561397	0	965.1316289181	34.81090125693635	1	0	0	0	0	0	0	0	0	0	0	0
114	53.13577804344	0	1018.26740696154	19.033711537948655	1	0	0	0	0	0	0	0	0	0	0	0
115	51.59430605145601	0	1069.861713012996	18.481542466193197	1	0	0	0	0	0	0	0	0	0	0	0
116	45.64435326566401	0	1115.50606627866	16.350216095163226	1	0	0	0	0	0	0	0	0	0	0	0
