71.55962376652501
67.57455258918002
67.98852498600002
84.457009872675
69.40756594992
69.40756594992
65.01497540471999
67.535091087354
72.70148578968
66.75451107256801
68.273851046544
68.552619740748
68.278402029816
74.40875505260999
69.28891432016401
66.80179533726
67.91327353871999
65.79758219138
76.93003163534999
65.85755752773
74.63358560812499
67.35986693577
75.45852341779499
77.03033809723999
72.13177627056001
67.7489328072
67.2749168187
68.03183358576
96.09592894272001
67.11868159704001
63.018815585700004
65.8348124403
61.8366768624
96.683899273824
69.43985954688
71.62142827555999
93.47753911923
79.23285477524999
90.62264901795999
71.189828271
76.248799867575
75.7418373153
75.419240832
78.383207691
68.04608762475
74.38687396139998
74.38191615854998
69.20823683959199
70.21549308971998
64.61284261259999
62.792368622531995
34.995317820248005
29.539357425104
30.29229390348
44.9857064851
62.153905099355995
63.3523427643
62.7751428948
31.787939689079998
65.166769752468
29.07236191812
46.688400046847995
62.11511868441598
46.11644140919999
46.9354592016
31.963093914779996
39.3286438062
63.24835493789999
64.77062627231999
77.4927784512
36.12310458624
29.13762451554
65.15192494962
29.4949779084
29.679268686120004
45.73550758392
29.49594135264
46.630571500656
29.095510024152002
29.099388908304
64.88572638834
62.67982550543999
67.805551275462
77.390673481836
52.164743066865
45.888855300288
59.464503857573995
32.648310459588
40.126880971199995
30.002113033535995
36.44382494592
29.271459444191997
29.269508598815996
31.627891479784
74.449854340244
63.62770550470399
64.30761278943999
29.12672856582
62.021811001824
29.038048758314996
29.981294293401
39.037141655316
