task	r0_energy	r0_config	r0_reward	r0_rate	r0_avgrate	r0_rollrate	c0	c1	c2	c3	c4	c5	c6	c7	c8	c9	c10	c11
0	39.02401705978746	11	108.94204762524	39.02401705978746	39.02401705978746	39.02401705978746	0	0	0	0	0	0	0	0	0	0	0	1
1	34.61444729322842	11	205.574046318836	34.61444729322842	36.81923217650794	36.81923217650794	0	0	0	0	0	0	0	0	0	0	0	1
2	36.45530625440095	11	307.34510961237197	36.45530625440095	36.69792353580561	36.69792353580561	0	0	0	0	0	0	0	0	0	0	0	1
3	34.30723962357135	11	403.119486894842	34.30723962357135	36.10025255774704	36.10025255774704	0	0	0	0	0	0	0	0	0	0	0	1
4	34.94645935629277	11	500.678352597826	34.94645935629277	35.86949391745618	35.86949391745618	0	0	0	0	0	0	0	0	0	0	0	1
5	33.40062517980896	11	593.921764558126	33.40062517980896	35.458015794514985	35.458015794514985	0	0	0	0	0	0	0	0	0	0	0	1
6	40.425625631137436	11	706.7766361117181	40.425625631137436	36.1676743426039	36.1676743426039	0	0	0	0	0	0	0	0	0	0	0	1
7	39.84764852443702	11	818.017988242438	39.84764852443702	36.627671115333044	36.627671115333044	0	0	0	0	0	0	0	0	0	0	0	1
8	32.69078488285254	11	909.279762707068	32.69078488285254	36.1902393117241	36.1902393117241	0	0	0	0	0	0	0	0	0	0	0	1
9	33.173462739943886	11	1001.889012856078	33.173462739943886	35.88856165454608	35.88856165454608	0	0	0	0	0	0	0	0	0	0	0	1
10	36.72797004651225	11	1104.421262569258	36.72797004651225	35.964871508361185	35.65895695321856	0	0	0	0	0	0	0	0	0	0	0	1
11	39.49987528977315	11	1214.6917477532081	39.49987528977315	36.25945515681219	36.14749975287304	0	0	0	0	0	0	0	0	0	0	0	1
12	38.08502520965193	11	1321.012443130153	38.08502520965193	36.39988362241524	36.310471648398135	0	0	0	0	0	0	0	0	0	0	0	1
13	32.583600382094325	11	1411.974994196833	32.583600382094325	36.12729196239232	36.138107724250425	0	0	0	0	0	0	0	0	0	0	0	1
14	37.91317062956131	11	1517.8159288710249	37.91317062956131	36.246350540203586	36.43477885157728	0	0	0	0	0	0	0	0	0	0	0	1
15	31.71525358115821	11	1606.3543451184248	31.71525358115821	35.96315698026325	36.26624169171221	0	0	0	0	0	0	0	0	0	0	0	1
16	31.864919955848595	11	1695.3105799951688	31.864919955848595	35.72208421412121	35.41017112418332	0	0	0	0	0	0	0	0	0	0	0	1
17	33.271753863675215	11	1788.1942261979289	33.271753863675215	35.58595475020755	34.75258165810713	0	0	0	0	0	0	0	0	0	0	0	1
18	32.804215763694806	11	1879.772661871577	32.804215763694806	35.43954743512793	34.763924746191364	0	0	0	0	0	0	0	0	0	0	0	1
19	33.12136487285803	11	1972.2364721416388	33.12136487285803	35.323638307014434	34.75871495948278	0	0	0	0	0	0	0	0	0	0	0	1
20	31.82716281762699	11	2061.0873016741807	31.82716281762699	35.157139474186465	34.26863423659425	0	0	0	0	0	0	0	0	0	0	0	1
21	33.993857244620415	11	2155.9868198154127	33.993857244620415	35.10426300920619	33.71803243207898	0	0	0	0	0	0	0	0	0	0	0	1
22	31.88136212300848	11	2244.9889557421448	31.88136212300848	34.964136883719334	33.09766612341464	0	0	0	0	0	0	0	0	0	0	0	1
23	36.63745649335738	11	2347.268521786101	36.63745649335738	35.03385853412092	33.503051734540946	0	0	0	0	0	0	0	0	0	0	0	1
24	34.61419400614209	11	2443.8998133865807	34.61419400614209	35.01707195300176	33.173154072199026	0	0	0	0	0	0	0	0	0	0	0	1
25	32.86996875812777	11	2535.661809503021	32.86996875812777	34.934491060891226	33.28862558989598	0	0	0	0	0	0	0	0	0	0	0	1
26	37.094310411968955	11	2639.2167594031007	37.094310411968955	35.0144843701904	33.81156463550801	0	0	0	0	0	0	0	0	0	0	0	1
27	37.51296015675224	11	2743.9404398407005	37.51296015675224	35.1037156482819	34.235685264815714	0	0	0	0	0	0	0	0	0	0	0	1
28	36.3486574081791	11	2845.4137751052003	36.3486574081791	35.146644674485245	34.590129429264145	0	0	0	0	0	0	0	0	0	0	0	1
29	32.063747040673434	11	2934.9250689270802	32.063747040673434	35.04388142002485	34.48436764604569	0	0	0	0	0	0	0	0	0	0	0	1
30	30.546578276627102	11	3020.200933282664	30.546578276627102	34.89880712507654	34.3563091919457	0	0	0	0	0	0	0	0	0	0	0	1
31	32.24754283621971	11	3110.2253237004443	32.24754283621971	34.815955116049764	34.18167775110563	0	0	0	0	0	0	0	0	0	0	0	1
32	31.767345512678688	11	3198.9091632566724	31.767345512678688	34.723573006856704	34.17027609007265	0	0	0	0	0	0	0	0	0	0	0	1
33	29.686418876557603	11	3281.783749287062	29.686418876557603	34.57542141478908	33.47517232839267	0	0	0	0	0	0	0	0	0	0	0	1
34	30.365614154450142	11	3366.5544221349023	30.365614154450142	34.45514120735083	33.05031434322348	0	0	0	0	0	0	0	0	0	0	0	1
35	29.17994948531893	11	3448.015114448084	29.17994948531893	34.308608103961056	32.68131241594259	0	0	0	0	0	0	0	0	0	0	0	1
36	31.280850435062682	11	3535.340821912634	31.280850435062682	34.226776815612446	32.09996641825196	0	0	0	0	0	0	0	0	0	0	0	1
37	29.576984505985077	11	3617.909903658509	29.576984505985077	34.10441386009594	31.30636885317524	0	0	0	0	0	0	0	0	0	0	0	1
38	33.5405431150997	11	3711.543919854829	33.5405431150997	34.089955635865266	31.025557423867305	0	0	0	0	0	0	0	0	0	0	0	1
39	32.357184287605975	11	3801.874392657729	32.357184287605975	34.046636352158785	31.054901148560567	0	0	0	0	0	0	0	0	0	0	0	1
40	36.29054541402269	11	3903.185498605209	36.29054541402269	34.10136584147254	31.629297862300113	0	0	0	0	0	0	0	0	0	0	0	1
41	37.35147177612286	11	4007.458357313552	37.35147177612286	34.17874931610707	32.139690756290435	0	0	0	0	0	0	0	0	0	0	0	1
42	29.646319522513433	11	4090.2209993139018	29.646319522513433	34.07334397207001	31.92758815727391	0	0	0	0	0	0	0	0	0	0	0	1
43	29.859030601975878	11	4173.577459744418	29.859030601975878	33.9775641227497	31.94484932981573	0	0	0	0	0	0	0	0	0	0	0	1
44	28.626466137522986	11	4253.493011045003	28.626466137522986	33.858650834189106	31.770934528123018	0	0	0	0	0	0	0	0	0	0	0	1
45	31.17377453978149	11	4340.519798301893	31.17377453978149	33.80028395822372	31.97031703356928	0	0	0	0	0	0	0	0	0	0	0	1
46	32.838504655417786	11	4432.193957131602	32.838504655417786	33.77982056880232	32.12608245560479	0	0	0	0	0	0	0	0	0	0	0	1
47	28.80598360077134	11	4512.610661350422	28.80598360077134	33.67619896530167	32.04898236508342	0	0	0	0	0	0	0	0	0	0	0	1
48	31.420088567355226	11	4600.325075267621	31.420088567355226	33.63015589595583	31.83693691030897	0	0	0	0	0	0	0	0	0	0	0	1
49	30.759317129322984	11	4686.194835586981	30.759317129322984	33.57273912062317	31.677150194480664	0	0	0	0	0	0	0	0	0	0	0	1
50	32.3045759986818	11	4776.3784435833	32.3045759986818	33.54787317705569	31.278553252946573	0	0	0	0	0	0	0	0	0	0	0	1
51	31.286514811667107	11	4863.719964099205	31.286514811667107	33.504385516182836	30.672057556501006	0	0	0	0	0	0	0	0	0	0	0	1
52	33.70666711877301	11	4957.817743139113	33.70666711877301	33.50820215019397	31.07809231612696	0	0	0	0	0	0	0	0	0	0	0	1
53	30.00111386144238	11	5041.570852668973	30.00111386144238	33.44325607077265	31.09230064207361	0	0	0	0	0	0	0	0	0	0	0	1
54	36.46483855542017	11	5143.368526969522	36.46483855542017	33.49819393412987	31.87613788386333	0	0	0	0	0	0	0	0	0	0	0	1
55	39.58685386887402	11	5253.881827353462	39.58685386887402	33.60692000439316	32.71744581677258	0	0	0	0	0	0	0	0	0	0	0	1
56	35.136589007295036	11	5351.9714716654935	35.136589007295036	33.63375630268968	32.9472542519603	0	0	0	0	0	0	0	0	0	0	0	1
57	38.03998964533755	11	5458.1664427587275	38.03998964533755	33.709725843080165	33.87065485641692	0	0	0	0	0	0	0	0	0	0	0	1
58	35.705858012561194	11	5557.845296377128	35.705858012561194	33.74355859171544	34.29923180093752	0	0	0	0	0	0	0	0	0	0	0	1
59	33.52873347854327	11	5651.4463440047275	33.52873347854327	33.73997817316257	34.57617343585955	0	0	0	0	0	0	0	0	0	0	0	1
60	30.423800383235807	11	5736.379453407928	30.423800383235807	33.685614602835905	34.38809587431495	0	0	0	0	0	0	0	0	0	0	0	1
61	34.45463129665075	11	5832.565299111078	34.45463129665075	33.69801809789743	34.704907522813315	0	0	0	0	0	0	0	0	0	0	0	1
62	38.56501153604776	11	5940.225956315879	38.56501153604776	33.77527196199506	35.190741964540805	0	0	0	0	0	0	0	0	0	0	0	1
63	33.392302410672706	11	6033.446133879007	33.392302410672706	33.76928806275564	35.529860819463835	0	0	0	0	0	0	0	0	0	0	0	1
64	27.03632806019391	11	6108.922549713715	27.03632806019391	33.66570406271623	34.5870097699412	0	0	0	0	0	0	0	0	0	0	0	1
65	28.03214365537433	11	6187.178950751635	28.03214365537433	33.58034708684741	33.43153874859123	0	0	0	0	0	0	0	0	0	0	0	1
66	26.232636433845485	11	6260.411727462787	26.232636433845485	33.47067976366828	32.541143491246274	0	0	0	0	0	0	0	0	0	0	0	1
67	31.483562525901142	11	6348.303339514261	31.483562525901142	33.44145745134818	31.885500779302635	0	0	0	0	0	0	0	0	0	0	0	1
68	26.334288172629133	11	6421.819893996184	26.334288172629133	33.338454998033406	30.948343795309434	0	0	0	0	0	0	0	0	0	0	0	1
69	27.25685120544286	11	6497.911936944712	27.25685120544286	33.251574943853534	30.321155567999387	0	0	0	0	0	0	0	0	0	0	0	1
70	27.44137024458125	11	6574.519095544168	27.44137024458125	33.1697410748497	30.02291255413393	0	0	0	0	0	0	0	0	0	0	0	1
71	34.81475003252275	11	6671.710272718294	34.81475003252275	33.19258842148405	30.05892442772113	0	0	0	0	0	0	0	0	0	0	0	1
72	32.39522240304573	11	6762.14693526013	32.39522240304573	33.18166559931366	29.441945514420933	0	0	0	0	0	0	0	0	0	0	0	1
