task	r0_energy	r0_config	r0_reward	r0_rate	r1_energy	r1_config	r1_reward	r1_rate	c0	c1	c2	c3	c4	c5	c6	c7	c8	c9	c10	c11
0	4.051913429691943	0	95.06159165789	34.05191342969194	14.356226772770153	0	43.67220025934999	15.643773227229847	2	0	0	0	0	0	0	0	0	0	0	0
1	1.525033572583876	0	174.55420626776004	28.474966427416124	14.520682612486569	0	86.88529463282498	15.479317387513431	2	0	0	0	0	0	0	0	0	0	0	0
2	2.699972492772538	1	250.76678305877005	27.300027507227462	10.019035867199989	1	198.60510309542497	40.01903586719999	0	2	0	0	0	0	0	0	0	0	0	0
3	15.599242523892535	1	290.96889767957003	14.400757476107465	2.771553309198808	1	290.09235608360495	32.77155330919881	0	2	0	0	0	0	0	0	0	0	0	0
4	12.271459289982086	2	340.46107382837005	17.728540710017914	10.217520993155816	2	345.318443311045	19.782479006844184	0	0	2	0	0	0	0	0	0	0	0	0
5	11.702451490531349	2	391.54173008397004	18.29754850946865	13.992263295761195	2	390.006708277045	16.007736704238805	0	0	2	0	0	0	0	0	0	0	0	0
6	11.579712716494928	3	442.96503208375503	18.420287283505072	9.998259477299104	3	445.844900569585	20.001740522700896	0	0	0	2	0	0	0	0	0	0	0	0
7	12.554763230149259	3	491.66631806625503	17.44523676985074	14.55353347962269	3	488.96628627230496	15.44646652037731	0	0	0	2	0	0	0	0	0	0	0	0
8	1.3628552804811953	4	571.6116804082451	28.637144719518805	2.2724002850579126	4	566.372502143185	27.727599714942087	0	0	0	0	2	0	0	0	0	0	0	0
9	1.4331987691164265	4	651.3606671777951	28.566801230883573	2.63107762077135	4	642.777410451865	27.36892237922865	0	0	0	0	2	0	0	0	0	0	0	0
10	17.557579583306868	0	686.0957575077301	12.442420416693134	15.721530317717017	2	682.638138314905	14.278469682282983	1	0	1	0	0	0	0	0	0	0	0	0
11	1.7332324174710436	3	765.0071503422902	28.266767582528956	10.281656443558209	2	737.685180743305	19.71834355644179	0	0	1	1	0	0	0	0	0	0	0	0
12	16.173684494958806	1	803.6056144605302	13.826315505041192	11.198492307496121	3	790.172723051545	18.80150769250388	0	1	0	1	0	0	0	0	0	0	0	0
13	17.173965733493013	1	839.4116267878622	12.826034266506989	13.198673606160003	2	837.076425901015	16.801326393839997	0	1	1	0	0	0	0	0	0	0	0	0
14	17.310327503778982	0	874.8369625064793	12.689672496221018	15.031613321552237	2	878.863172045015	14.968386678447763	1	0	1	0	0	0	0	0	0	0	0	0
15	17.160952785980417	2	910.6793026456173	12.839047214019583	0.2604418051056747	4	961.8861053390949	29.739558194894325	0	0	1	0	1	0	0	0	0	0	0	0
16	16.60987118676107	3	948.0600789159093	13.39012881323893	16.670565824955226	0	999.0974424110949	13.329434175044776	1	0	0	1	0	0	0	0	0	0	0	0
17	15.540050958551644	0	988.4274366566193	14.459949041448356	16.204089738010744	1	1037.611025225815	13.795910261989254	1	1	0	0	0	0	0	0	0	0	0	0
18	16.770081628479403	3	1025.3609587771143	13.229918371520597	15.639069210669852	2	1077.701957012695	14.360930789330148	0	0	1	1	0	0	0	0	0	0	0	0
19	16.549178713157726	1	1062.9111682028824	13.450821286842274	2.8367574390447814	0	1169.371238196695	32.83675743904478	1	1	0	0	0	0	0	0	0	0	0	0
20	0.7879308234967155	4	1148.8608084184775	30.787930823496716	15.909586206261489	3	1208.706976704215	14.090413793738511	0	0	0	1	1	0	0	0	0	0	0	0
21	1.13236635882771	4	1235.7719978368716	31.13236635882771	16.08915873723224	1	1247.5414085627751	13.91084126276776	0	1	0	0	1	0	0	0	0	0	0	0
22	16.467324200614925	3	1273.5507177768216	13.532675799385077	1.4555810611199966	4	1327.227911433815	28.544418938880003	0	0	0	1	1	0	0	0	0	0	0	0
23	16.779188932055284	2	1310.4588153415007	13.220811067944716	8.395365708243581	4	1434.414974035995	38.39536570824358	0	0	1	0	1	0	0	0	0	0	0	0
24	1.2305587622514587	4	1397.6441252194527	31.23055876225146	10.776267737523582	1	1488.081226602075	19.223732262476418	0	1	0	0	1	0	0	0	0	0	0	0
25	1.5664786688912287	4	1477.0210389354647	28.43352133110877	7.890475605958208	4	1593.858804335375	37.89047560595821	0	0	0	0	2	0	0	0	0	0	0	0
26	0.6200217305960649	4	1559.0401449375506	29.379978269403935	10.068960961410625	0	1649.4996216514369	19.931039038589375	1	0	0	0	1	0	0	0	0	0	0	0
27	17.276434898110566	1	1594.5600975136585	12.723565101889434	14.285260652695875	4	1773.1293076402128	44.285260652695875	0	1	0	0	1	0	0	0	0	0	0	0
28	3.787840745018869	4	1688.8844862601695	33.78784074501887	0.8887573845091374	4	1859.3604220053007	30.888757384509137	0	0	0	0	2	0	0	0	0	0	0	0
29	0.026016207165486804	4	1772.7071148385064	30.026016207165487	1.932899575379814	4	1948.5064333199027	31.932899575379814	0	0	0	0	2	0	0	0	0	0	0	0
30	0.4790660323773146	4	1855.1197221647865	29.520933967622685	2.3752503306856205	4	2025.6255261467386	27.62474966931438	0	0	0	0	2	0	0	0	0	0	0	0
31	0.7754456765344457	4	1936.7049363177944	29.224554323465554	0.4233149353862693	0	84.93175419462	30.42331493538627	1	0	0	0	1	0	0	0	0	0	0	0
32	1.8795692300761822	4	2015.2078055504983	28.120430769923818	1.9677356978804674	0	163.18849203803703	28.032264302119533	1	0	0	0	1	0	0	0	0	0	0	0
33	7.976344268424711	4	2121.225099966517	37.97634426842471	0.3891931812254299	1	245.85199440711602	29.61080681877457	0	1	0	0	1	0	0	0	0	0	0	0
34	2.249347705877728	4	2198.695670954275	27.750652294122272	15.895858865490627	1	285.226055074288	14.104141134509373	0	1	0	0	1	0	0	0	0	0	0	0
35	2.3920186854816734	4	2275.767952123972	27.607981314518327	1.685330161989853	2	364.271175038733	28.314669838010147	0	0	1	0	1	0	0	0	0	0	0	0
36	3.8393633215980927	4	2370.2361747301	33.83936332159809	1.16397282662615	2	444.77175089773505	28.83602717337385	0	0	1	0	1	0	0	0	0	0	0	0
37	1.963814635727637	4	2448.503858872027	28.036185364272363	1.312163592356768	3	524.8586275357391	28.687836407643232	0	0	0	1	1	0	0	0	0	0	0	0
38	2.222430795950686	4	2526.049572899998	27.777569204049314	1.2689210226053724	3	605.0662230142991	28.731078977394628	0	0	0	1	1	0	0	0	0	0	0	0
39	5.804803479100663	4	2626.004649279154	35.80480347910066	1.9938403526686557	4	683.2500853630991	28.006159647331344	0	0	0	0	2	0	0	0	0	0	0	0
40	6.418737257537906	4	2727.6736241231138	36.418737257537906	2.014960429554634	4	761.3749874972591	27.985039570445366	0	0	0	0	2	0	0	0	0	0	0	0
41	0.6355186156298522	4	2813.197780258414	30.635518615629852	2.1091129356322433	1	839.2370472186191	27.890887064367757	0	1	0	0	1	0	0	0	0	0	0	0
42	0.5743424345982113	4	2895.3444076284936	29.42565756540179	15.602252944047768	0	879.430757749819	14.397747055952232	1	0	0	0	1	0	0	0	0	0	0	0
43	0.1278874097767222	4	2979.4514266474534	30.127887409776722	3.8654293699056694	2	973.971748074139	33.86542936990567	0	0	1	0	1	0	0	0	0	0	0	0
44	0.35215234639701976	4	3062.2183346804286	29.64784765360298	8.084562558204183	4	1080.291151882459	38.08456255820418	0	0	0	0	2	0	0	0	0	0	0	0
45	0.5830195480534854	4	3144.3407384421125	29.416980451946515	4.322777136515825	2	1176.1089047218989	34.322777136515825	0	0	1	0	1	0	0	0	0	0	0	0
46	4.4142842007105685	4	3240.4139485024293	34.41428420071057	6.158116633052771	4	1277.0503136558377	36.15811663305277	0	0	0	0	2	0	0	0	0	0	0	0
47	1.833335816132056	4	3319.0458860157273	28.166664183867944	3.036327859443581	3	1369.2767289301178	33.03632785944358	0	0	0	1	1	0	0	0	0	0	0	0
48	3.3696672963682275	4	3412.2028738847553	33.36966729636823	0.6386993253710962	0	1451.2436933134568	29.361300674628904	1	0	0	0	1	0	0	0	0	0	0	0
49	2.0827651087522376	4	3490.138487956155	27.917234891247762	2.5402031352931296	4	1527.9022928940967	27.45979686470687	0	0	0	0	2	0	0	0	0	0	0	0
50	21.20078402318329	4	3633.074010020875	51.20078402318329	2.398364656554982	3	1618.3477275603127	32.39836465655498	0	0	0	1	1	0	0	0	0	0	0	0
51	8.093252159985667	0	106.34366227995999	38.09325215998567	0.691966922811222	3	1704.0294685531608	30.691966922811222	1	0	0	1	0	0	0	0	0	0	0	0
52	0.7213535600410701	0	192.10744096840799	30.72135356004107	0.9118131498985065	2	1790.3249469299608	30.911813149898506	1	0	1	0	0	0	0	0	0	0	0	0
53	13.508408976320954	1	238.146465909512	16.491591023679046	12.895385887500886	3	1910.0745658659007	42.895385887500886	0	1	0	1	0	0	0	0	0	0	0	0
54	5.6816870608878745	1	337.75784228782396	35.681687060887874	0.9914430500346256	3	1991.0567873512207	29.008556949965374	0	1	0	1	0	0	0	0	0	0	0	0
55	0.4944103389707486	2	420.12761342486397	29.50558966102925	1.2871531215582124	2	2078.4000898155705	31.287153121558212	0	0	2	0	0	0	0	0	0	0	0	0
56	2.118893519816595	2	497.962369015376	27.881106480183405	2.291569469579109	2	2168.5473879181454	32.29156946957911	0	0	2	0	0	0	0	0	0	0	0	0
57	1.43445583049553	3	577.707846488576	28.56554416950447	0.8609428497205975	2	2254.7008533736152	30.860942849720598	0	0	1	1	0	0	0	0	0	0	0	0
58	3.943086762400476	3	672.465630366944	33.943086762400476	17.487663044373136	2	2289.63112737474	12.512336955626862	0	0	1	1	0	0	0	0	0	0	0	0
59	1.540296094531346	4	751.915637103044	28.459703905468654	2.10905742517253	2	2367.4933420628	27.89094257482747	0	0	1	0	1	0	0	0	0	0	0	0
60	0.025810591551053363	4	835.593582534964	29.974189408448947	2.5188813858311576	2	2444.211464860688	27.481118614168842	0	0	1	0	1	0	0	0	0	0	0	0
61	0.9547309109301487	3	922.008872994644	30.95473091093015	0.8434418672195818	2	2530.316073406676	30.843441867219582	0	0	1	1	0	0	0	0	0	0	0	0
62	1.0546063765396987	1	1008.702982462484	31.0546063765397	13.963956151450752	2	2653.048784329476	43.96395615145075	0	1	1	0	0	0	0	0	0	0	0	0
63	0.8434306930817854	3	1094.807559814004	30.843430693081785	2.3271290118075285	2	2743.2953528207718	32.32712901180753	0	0	1	1	0	0	0	0	0	0	0	0
64	1.0301862903402998	3	1175.681623086804	28.9698137096597	3.428395981302451	3	2836.616291601908	33.42839598130245	0	0	0	2	0	0	0	0	0	0	0	0
65	1.0146932277599952	3	1256.598937825974	28.985306772240005	2.246792497467222	2	2914.093995879812	27.753207502532778	0	0	1	1	0	0	0	0	0	0	0	0
66	1.530332137336842	3	1336.076760609242	28.469667862663158	12.086780320436056	2	2964.101734151928	17.913219679563944	0	0	1	1	0	0	0	0	0	0	0	0
67	2.0193532211391094	2	1414.189399533562	27.98064677886089	2.0604156912716327	2	3042.0997403471283	27.939584308728367	0	0	2	0	0	0	0	0	0	0	0	0
68	1.3228391125690777	3	1501.6323253894839	31.322839112569078	0.8890544758638761	2	3123.367796602008	29.110945524136124	0	0	1	1	0	0	0	0	0	0	0	0
69	0.981740849761433	3	1582.6416321839	29.018259150238567	1.846562744167155	2	3201.962808941208	28.153437255832845	0	0	1	1	0	0	0	0	0	0	0	0
70	0.1000625154537289	3	1666.6709733728749	30.10006251545373	3.2762097014944445	2	3276.566723524536	26.723790298505556	0	0	1	1	0	0	0	0	0	0	0	0
71	2.0102527558710435	3	1744.8090177627348	27.989747244128957	2.736544998378985	2	3352.677202070728	27.263455001621015	0	0	1	1	0	0	0	0	0	0	0	0
72	1.9075564505828098	3	1823.2337560048577	28.09244354941719	0.43486336706865103	2	3437.641195637128	30.43486336706865	0	0	1	1	0	0	0	0	0	0	0	0
73	3.4767648152632873	3	1916.6897244474676	33.47676481526329	2.6117836815188085	2	3514.099966192888	27.38821631848119	0	0	1	1	0	0	0	0	0	0	0	0
74	0.17857325525874757	3	1999.9412074432037	29.821426744741252	3.0998125585576233	2	3589.1963228002483	26.900187441442377	0	0	1	1	0	0	0	0	0	0	0	0
75	0.13511050242269107	3	2084.068390929134	30.13511050242269	2.7506675228159985	0	76.071053165472	27.249332477184	1	0	0	1	0	0	0	0	0	0	0	0
76	1.1138855440542095	3	2164.7087937853157	28.88611445594579	0.3578022571157007	0	160.81991779991998	30.3578022571157	1	0	0	1	0	0	0	0	0	0	0	0
77	1.4165636120829816	3	2244.5042203682506	28.58343638791702	0.06146674710160838	1	244.74151246891196	30.06146674710161	0	1	0	1	0	0	0	0	0	0	0	0
78	4.83960467675535	3	2341.7647834241925	34.83960467675535	1.220281611602143	1	325.08489296985596	28.779718388397857	0	1	0	1	0	0	0	0	0	0	0	0
79	0.20669162494925075	3	2426.0917975438424	30.20669162494925	2.114252881151991	2	414.73718226307193	32.11425288115199	0	0	1	1	0	0	0	0	0	0	0	0
80	2.0086306930388105	3	2504.2343701924424	27.99136930696119	7.751935447072469	2	520.1280020528159	37.75193544707247	0	0	1	1	0	0	0	0	0	0	0	0
81	1.919775765151524	3	2582.624996181394	28.080224234848476	7.189661500370143	3	623.9491404080159	37.18966150037014	0	0	0	2	0	0	0	0	0	0	0	0
82	1.0426942227410194	3	2669.285850886546	31.04269422274102	7.518804847493733	3	728.6891372739359	37.51880484749373	0	0	0	2	0	0	0	0	0	0	0	0
83	1.7454837037568893	3	2748.163042213558	28.25451629624311	0.8219287628417824	4	814.7336884035359	30.821928762841782	0	0	0	1	1	0	0	0	0	0	0	0
84	0.026109245161794803	3	2831.8401539041483	29.973890754838205	0.08879792360311356	4	898.7315826069279	30.088797923603114	0	0	0	1	1	0	0	0	0	0	0	0
85	17.870839262271044	0	2865.7007276303084	12.129160737728956	2.480763345293372	4	975.5561182679838	27.519236654706628	1	0	0	0	1	0	0	0	0	0	0	0
86	5.851269309306268	3	2965.7855211187884	35.85126930930627	2.5467566722674597	4	1052.1964225579038	27.45324332773254	0	0	0	1	1	0	0	0	0	0	0	0
87	5.589681731517132	3	3065.14004928594	35.58968173151713	1.3854360266890744	4	1139.814098132411	31.385436026689074	0	0	0	1	1	0	0	0	0	0	0	0
88	1.0372958702758268	3	3151.7858335904602	31.037295870275827	1.9826357928616183	0	1218.0292398773388	28.01736420713838	1	0	0	1	0	0	0	0	0	0	0	0
89	1.990141510935402	3	3229.980021872432	28.009858489064598	0.08246375006327611	1	1302.0094511795987	30.082463750063276	0	1	0	1	0	0	0	0	0	0	0	0
90	1.8639951761982125	3	3308.5263686722124	28.136004823801787	1.3711166666507424	1	1381.9317504851988	28.628883333349258	0	1	0	1	0	0	0	0	0	0	0	0
91	0.43828474544453044	3	3391.0528237578465	29.56171525455547	17.490738876315227	1	1416.8534377888188	12.509261123684775	0	1	0	1	0	0	0	0	0	0	0	0
92	2.0041887929122453	3	3469.2077967109662	27.995811207087755	5.941653180614686	0	1517.1905529180349	35.941653180614686	1	0	0	1	0	0	0	0	0	0	0	0
93	2.035044626389972	3	3547.276630462294	27.964955373610028	2.7226162114674715	3	1593.339915994355	27.27738378853253	0	0	0	2	0	0	0	0	0	0	0	0
94	0.4428095196343875	3	3629.7904538866483	29.557190480365612	0.4717201641599935	0	1675.7730305360749	29.528279835840006	1	0	0	1	0	0	0	0	0	0	0	0
95	3.7726138538880036	3	3724.0723342287524	33.772613853888004	1.1167885400912283	1	1756.405329194987	28.88321145990877	0	1	0	1	0	0	0	0	0	0	0	0
96	1.3044509661220332	3	3804.1807419483284	28.695549033877967	2.6281351600907428	0	1832.818451873067	27.371864839909257	1	0	0	1	0	0	0	0	0	0	0	0
97	0.04848078393312605	3	3888.0660841368085	30.048480783933126	10.586025600682746	0	1887.015797071161	19.413974399317254	1	0	0	1	0	0	0	0	0	0	0	0
98	0.223864545164421	3	3972.4410393253925	30.22386454516442	3.0482839443420957	2	1979.2755897491159	33.048283944342096	0	0	1	1	0	0	0	0	0	0	0	0
99	0.0015544734949308747	3	4056.1953788972323	30.00155447349493	7.851692668415993	0	2084.944898448444	37.85169266841599	1	0	0	1	0	0	0	0	0	0	0	0
100	1.6634525011859047	3	4135.301573998088	28.336547498814095	2.1532237581958213	0	2174.7059814400736	32.15322375819582	1	0	0	1	0	0	0	0	0	0	0	0
101	0.4471964839508047	3	4217.803150480392	29.552803516049195	1.8379042760597102	0	2253.3251653360735	28.16209572394029	1	0	0	1	0	0	0	0	0	0	0	0
102	1.5158271214366543	3	4297.321466433048	28.484172878563346	0.4069800271508086	0	2338.2113179118696	30.40698002715081	1	0	0	1	0	0	0	0	0	0	0	0
103	5.876501629096115	3	4364.666232718488	24.123498370903885	3.4138507973348062	0	2412.430984435977	26.586149202665194	1	0	0	1	0	0	0	0	0	0	0	0
104	6.0266698206476335	3	4431.5917794691795	23.973330179352367	18.329462743956896	0	2445.011234275764	11.670537256043104	1	0	0	1	0	0	0	0	0	0	0	0
105	5.25073028177194	3	4500.6834907658995	24.74926971822806	3.248265043210747	4	2519.693161030134	26.751734956789253	0	0	0	1	1	0	0	0	0	0	0	0
106	4.850649350915816	3	4570.89209466126	25.149350649084184	16.348221769848358	0	38.11121422584	13.65177823015164	1	0	0	1	0	0	0	0	0	0	0	0
107	3.698160715775998	3	4644.318062663052	26.301839284224002	5.145058743306279	0	136.22450321757003	35.14505874330628	1	0	0	1	0	0	0	0	0	0	0	0
108	3.0879490473800573	3	4719.447538239116	26.912050952619943	1.7088438763701497	1	215.20398072937004	28.29115612362985	0	1	0	1	0	0	0	0	0	0	0	0
109	4.728660509718448	3	4789.996694316152	25.27133949028155	16.599152415066268	1	252.61468023731004	13.400847584933732	0	1	0	1	0	0	0	0	0	0	0	0
110	5.220363221456235	3	4859.1731803229195	24.779636778543765	0.5864006942432276	2	334.72764496588104	29.413599305756772	0	0	1	1	0	0	0	0	0	0	0	0
111	4.956660205973019	3	4929.0858372479115	25.04333979402698	1.5702575043152187	2	422.86128049876106	31.57025750431522	0	0	1	1	0	0	0	0	0	0	0	0
112	0.18291960537313656	3	5013.346487812912	30.182919605373137	4.760321712143984	3	519.9005119451631	34.760321712143984	0	0	0	2	0	0	0	0	0	0	0	0
113	5.068365166710443	3	5082.947301722512	24.931634833289557	0.5964651318440701	3	601.9853801187651	29.40353486815593	0	0	0	2	0	0	0	0	0	0	0	0
114	4.844204046447764	3	5153.173898759512	25.155795953552236	4.325371081173493	4	697.8103743870411	34.32537108117349	0	0	0	1	1	0	0	0	0	0	0	0
115	5.3928563294328455	3	5221.868841506512	24.607143670567154	1.0347227212928978	4	778.6717734567651	28.965277278707102	0	0	0	1	1	0	0	0	0	0	0	0
116	0.42905794835319	0	84.947786772486	30.42905794835319	17.75269661778985	1	812.8621620654351	12.247303382210147	1	1	0	0	0	0	0	0	0	0	0	0
117	NA	NA	NA	NA	5.741768058017556	0	880.5830595701361	24.258231941982444	1	0	0	0	0	0	0	0	0	0	0	0
118	NA	NA	NA	NA	1.0900536821136768	4	961.2899930409021	28.909946317886323	0	0	0	0	1	0	0	0	0	0	0	0
119	NA	NA	NA	NA	5.6403216815627495	3	1029.294095013206	24.35967831843725	0	0	0	1	0	0	0	0	0	0	0	0
