task	r0_energy	r0_config	r0_reward	r1_energy	r1_config	r1_reward	r2_energy	r2_config	r2_reward	r3_energy	r3_config	r3_reward	r4_energy	r4_config	r4_reward	r5_energy	r5_config	r5_reward	r6_energy	r6_config	r6_reward	r7_energy	r7_config	r7_reward	c0	c1	c2	c3	c4	c5	c6	c7	c8	c9	c10	c11
0	32.09511620558099	0	32.09511620558099	39.562574009925	0	39.562574009925	35.91929565496801	0	35.91929565496801	40.908127232531	0	40.908127232531	42.408873312131995	0	42.408873312131995	36.213483820602	0	36.213483820602	35.793546751903996	0	35.793546751903996	30.836685496385996	0	30.836685496385996	8	0	0	0	0	0	0	0	0	0	0	0
1	34.021104812656	1	66.11622101823698	36.639804267696	1	76.202378277621	37.53439910935399	1	73.453694764322	63.724679105999996	1	104.632806338531	88.67500702555199	1	131.08388033768398	68.144456173851	1	104.357939994453	71.611079301704	1	107.40462605360798	45.878649456728	1	76.715334953114	0	8	0	0	0	0	0	0	0	0	0	0
2	30.963367260189	2	97.07958827842599	69.15901588087499	2	145.36139415849598	37.218022028616	2	110.67171679293799	66.20213393270399	2	170.83494027123498	100.91838899416202	2	232.00226933184598	39.186345818589	2	143.544285813042	75.79913697331199	2	183.20376302691997	74.23542313739999	2	150.950758090514	0	0	8	0	0	0	0	0	0	0	0	0
3	39.663125329919	3	136.74271360834499	35.88289797672	3	181.24429213521597	66.5989145088	3	177.27063130173798	34.12484499072	3	204.95978526195498	46.052110013960004	3	278.05437934580596	49.123848785418005	3	192.66813459846	41.952037140336	3	225.15580016725596	77.58787054694999	3	228.538628637464	0	0	0	8	0	0	0	0	0	0	0	0
4	42.747748929228	4	179.490462537573	68.12540669262599	4	249.36969882784194	124.621650555667	4	301.892281857405	34.517377089536	4	239.47716235149096	40.2443906088	4	318.298769954606	55.714187941776004	4	248.382322540236	37.16244566900801	4	262.31824583626394	81.56061163459	4	310.099240272054	0	0	0	0	8	0	0	0	0	0	0	0
5	36.556272050088	5	216.04673458766098	36.23717696742	5	285.60687579526194	34.77857169917	5	336.670853556575	48.000863038127996	5	287.47802538961895	54.76259146932	5	373.061361423926	86.03106776454001	5	334.41339030477604	87.550611495984	5	349.86885733224796	50.377826443916994	5	360.477066715971	0	0	0	0	0	8	0	0	0	0	0	0
6	31.427663241743996	6	247.47439782940498	44.503948768842	6	330.11082456410395	33.781898880527	6	370.45275243710205	30.230018805360004	6	317.7080441949789	52.821594375200014	6	425.88295579912597	48.87332300711999	6	383.28671331189605	31.563703684544002	6	381.43256101679196	30.892625213296	6	391.369691929267	0	0	0	0	0	0	8	0	0	0	0	0
7	68.49731527044	7	315.971713099845	72.50146887951	7	402.61229344361396	69.31109577172201	7	439.7638482088241	30.41434835241	7	348.1223925473889	46.029218841200006	7	471.912174640326	50.170143047969994	7	433.45685635986604	38.109863848319996	7	419.54242486511197	65.97221204728	7	457.341903976547	0	0	0	0	0	0	0	8	0	0	0	0
8	79.159043328624	8	395.130756428469	70.923461663043	8	473.53575510665695	132.94009981473002	8	572.7039480235541	46.842734500320006	8	394.96512704770896	40.12799414399999	8	512.0401687843259	83.44669084328501	8	516.903547203151	74.17370960999999	8	493.71613447511197	31.19233489878	8	488.534238875327	0	0	0	0	0	0	0	0	8	0	0	0
9	33.167780853408	9	428.298537281877	95.58499672524599	9	569.1207518319029	33.326371249743005	9	606.0303192732971	50.27797210292999	9	445.24309915063895	93.17302074528	9	605.213189529606	54.42399909314501	9	571.327546296296	79.52067840475199	9	573.2368128798639	101.64052807739598	9	590.174766952723	0	0	0	0	0	0	0	0	0	8	0	0
10	64.964160805392	10	493.262698087269	83.492817898464	10	652.6135697303669	63.708252655047	10	669.7385719283441	94.2281534315	10	539.471252582139	77.41611943884001	10	682.629308968446	73.42162704294	10	644.749173339236	86.52828922795199	10	659.7651021078159	69.087452084552	10	659.2622190372749	0	0	0	0	0	0	0	0	0	0	8	0
11	94.120061336064	11	587.382759423333	67.472072799804	11	720.0856425301708	82.695504209175	11	752.434076137519	90.17541981558	11	629.6466723977189	74.65779321308001	11	757.287102181526	69.30053934595	11	714.049712685186	101.86504345835998	11	761.6301455661759	71.78984717568399	11	731.052066212959	0	0	0	0	0	0	0	0	0	0	0	8
12	76.78777061030401	2	664.1705300336371	33.881174688924	3	753.9668172190949	81.66427017992099	9	834.09834631744	53.02147529349	6	682.6681476912089	88.24475837772002	8	845.5318605592461	31.65160935222	0	745.701322037406	49.951063201728005	6	811.581208767904	38.40643850445599	0	769.4585047174149	2	0	1	1	0	0	2	0	1	1	0	0
13	63.583891783776004	6	727.7544218174131	40.450461830783986	3	794.4172790498789	38.699556229191	6	872.797902546631	33.428539179089995	7	716.0966868702989	59.24212966127999	4	904.773990220526	70.00730529594999	0	815.708627333356	49.990534961426	0	861.5717437293299	51.20134749734399	6	820.659852214759	2	0	0	1	1	0	3	1	0	0	0	0
14	31.542221881152	0	759.2966436985652	39.161313587879995	5	833.5785926377589	78.689969522593	5	951.4878720692241	30.21606962136	7	746.3127564916589	52.813276315576005	0	957.587266536102	70.356429185075	4	886.065056518431	41.270542947420005	4	902.84228667675	96.17507161248	8	916.834923827239	2	0	0	0	2	2	0	1	1	0	0	0
15	31.780155987359997	0	791.0767996859252	30.669162252102	1	864.2477548898609	92.480905545028	4	1043.968777614252	66.09607256052	7	812.4088290521789	105.39385494015998	7	1062.981121476262	32.13544042984	2	918.2004969482709	66.49373682258398	7	969.3360234993339	55.488007040934	0	972.322930868173	2	1	1	0	1	0	0	3	0	0	0	0
16	30.67115575392	0	821.7479554398451	38.345961189678	1	902.5937160795388	55.1136930344	0	1099.0824706486521	33.956107207829994	3	846.3649362600089	76.756813942944	8	1139.737935419206	31.5845940696	2	949.785091017871	126.7154395774	4	1096.0514630767339	45.18303006804	6	1017.505960936213	2	1	1	1	1	0	1	0	1	0	0	0
17	79.582922628048	0	901.3308780678931	50.46630044604	1	953.0600165255788	60.906900457403005	6	1159.9893711060552	35.596371951045	3	881.9613082110538	45.951758747552006	3	1185.689694166758	56.29377030471999	2	1006.0788613225909	30.685153594092004	6	1126.736616670826	94.97216369995199	0	1112.478124636165	2	1	1	2	0	0	2	0	0	0	0	0
18	39.353226221445	9	940.684104289338	49.60942252728	3	1002.6694390528588	55.517558972018	2	1215.506930078073	68.32976402105997	4	950.2910722321138	39.487415910904	3	1225.177110077662	51.59465952790999	2	1057.6735208505008	30.411131651072	6	1157.147748321898	126.32410083384	6	1238.802225470005	0	0	2	2	1	0	2	0	0	1	0	0
19	30.274046823924	1	970.958151113262	85.382988133248	5	1088.0524271861068	37.29996349747199	1	1252.806893575545	32.555711098079996	3	982.8467833301938	80.152414867936	3	1305.329524945598	67.69921073174999	2	1125.3727315822507	30.214758073368003	6	1187.362506395266	89.29018796115	1	1328.092413431155	0	3	1	2	0	1	1	0	0	0	0	0
20	30.404796612768003	1	1001.36294772603	30.890621535276	1	1118.9430487213829	35.359802970881994	1	1288.166696546427	30.66915175497	6	1013.5159350851638	37.908519155648	0	1343.238044101246	31.486586193439997	0	1156.8593177756907	32.377756532190006	6	1219.7402629274561	54.89668804464001	5	1382.989101475795	2	3	0	0	0	1	2	0	0	0	0	0
21	31.667590475400004	1	1033.03053820143	30.898552721974	1	1149.841601443357	67.189952377548	1	1355.356648923975	32.43136055796	3	1045.9472956431239	37.91365369112	0	1381.1516977923661	31.693922403769992	0	1188.5532401794608	41.11016131359601	6	1260.8504242410522	42.72183096867	5	1425.710932444465	2	3	0	1	0	1	1	0	0	0	0	0
22	62.82216096851701	1	1095.852699169947	31.391643611123996	1	1181.233245054481	35.25736598631	1	1390.614014910285	44.77178688102	3	1090.719082524144	37.586245997336	0	1418.737943789702	31.93967348442	0	1220.4929136638807	33.264975522128	1	1294.1153997631802	36.55517709018	5	1462.266109534645	2	4	0	1	0	1	0	0	0	0	0	0
23	79.64763742893999	2	1175.500336598887	32.107714790736	1	1213.340959845217	37.014870547200005	1	1427.628885457485	34.14336602112	3	1124.862448545264	39.708906854448	0	1458.4468506441501	31.431451282330002	0	1251.9243649462107	90.942886458928	2	1385.058286222108	36.318721647768	5	1498.584831182413	2	2	2	1	0	1	0	0	0	0	0	0
24	34.76483932079399	9	1210.265175919681	31.263901162466	1	1244.604861007683	73.889688433275	1	1501.51857389076	34.774539404625	3	1159.636987949889	43.914064557888	0	1502.360915202038	36.31352245194	0	1288.2378873981506	64.60121220096599	6	1449.6594984230742	51.53326929072001	5	1550.118100473133	2	2	0	1	0	1	1	0	0	1	0	0
25	34.525209285125	9	1244.790385204806	31.334591220594003	1	1275.9394522282769	45.235218475082995	6	1546.753792365843	35.106174486646005	3	1194.7431624365352	41.95122660288	4	1544.3121418049182	63.88956351538	0	1352.1274509135305	66.39509767162599	6	1516.0545960947002	39.45906073837	5	1589.577161211503	1	1	0	1	1	1	2	0	0	1	0	0
26	43.77279651156	9	1288.563181716366	39.26482187993499	1	1315.2042741082118	33.389951616059996	6	1580.143743981903	54.393082699995006	3	1249.13624513653	67.280404597611	0	1611.5925464025293	54.463210973948	0	1406.5906618874785	35.141506446336	6	1551.1961025410362	71.945564987688	5	1661.5227261991909	2	1	0	1	0	1	2	0	0	1	0	0
27	75.390509634356	5	1363.953691350722	69.21250885566499	1	1384.4167829638768	33.722280923292	6	1613.866024905195	47.047336753130004	3	1296.18358188966	37.97387556284999	0	1649.5664219653793	56.80324825058399	0	1463.3939101380624	34.983651201672004	6	1586.1797537427083	69.076491124536	5	1730.5992173237269	2	1	0	1	0	2	2	0	0	0	0	0
28	38.514988851911006	9	1402.468680202633	38.84262706128	1	1423.2594100251567	36.505827993492	1	1650.371852898687	34.170409869902	6	1330.353991759562	37.99469598441	0	1687.5611179497894	37.371106155982	0	1500.7650162940445	36.207711561762	6	1622.3874653044702	81.421908130416	5	1812.0211254541427	2	2	0	0	0	1	2	0	0	1	0	0
29	39.142972068486	9	1441.611652271119	69.636683408796	1	1492.8960934339527	42.193070223486	6	1692.564923122173	64.71514529736001	6	1395.069137056922	38.124174523086	2	1725.6852924728753	34.060536460794	0	1534.8255527548386	35.636375359165996	6	1658.0238406636363	70.00001113278601	5	1882.0211365869288	1	1	1	0	0	1	3	0	0	1	0	0
30	43.26672039552	9	1484.878372666639	34.319245689035995	0	1527.2153391229888	44.806286913536	6	1737.371210035709	35.21785359164801	5	1430.28699064857	50.328850162668	0	1776.0141426355433	33.90093441642	0	1568.7264871712587	38.065683564720004	6	1696.0895242283564	67.76694531292	3	1949.7880818998487	3	0	0	1	0	1	2	0	0	1	0	0
31	68.29287795486	9	1553.171250621499	35.44577424002999	0	1562.6611133630188	34.77541015296	6	1772.146620188669	34.478391013793996	3	1464.765381662364	38.082013423254004	0	1814.0961560587973	39.13543169753999	2	1607.8619188687987	34.94236156918401	6	1731.0318857975403	48.34185432747	0	1998.1299362273187	3	0	1	1	0	0	2	0	0	1	0	0
32	32.1356589786	1	1585.306909600099	41.102199079998	0	1603.7633124430167	37.99795710816	6	1810.144577296829	47.9469752768	3	1512.712356939164	37.8972156164	0	1851.9933716751973	48.255920838840005	0	1656.1178397076387	35.040671837344	6	1766.0725576348843	31.383017879828994	0	2029.5129541071476	4	1	0	1	0	0	2	0	0	0	0	0
33	31.064768954100003	1	1616.371678554199	50.20768071648	0	1653.9709931594966	39.561674865696006	6	1849.706252162525	49.64643224616001	3	1562.358789185324	49.648718968450005	0	1901.6420906436474	35.80969048992	0	1691.9275301975588	37.16284353566401	6	1803.2354011705484	32.709838520304	0	2062.222792627452	4	1	0	1	0	0	2	0	0	0	0	0
34	35.94239561088	1	1652.314074165079	35.169075855816	3	1689.1400690153125	69.170979434832	6	1918.877231597357	50.23982016044	3	1612.598609345764	55.141529789850004	0	1956.7836204334974	33.15380651052	0	1725.0813367080789	44.381125278720006	6	1847.6165264492683	50.70451146245401	0	2112.9273040899056	3	1	0	2	0	0	2	0	0	0	0	0
35	43.464110595165	8	1695.7781847602441	35.35879142712	3	1724.4988604424325	62.044761220128	6	1980.921992817485	48.292065262752004	7	1660.890674608516	67.62573028785002	0	2024.4093507213474	34.627972864492	0	1759.7093095725709	54.080480562009996	6	1901.6970070112784	59.414092717512	0	2172.341396807418	3	0	0	1	0	0	2	1	1	0	0	0
36	31.25480649795	1	1727.0329912581942	35.865941145678	3	1760.3648015881106	33.368327123040004	6	2014.290319940525	38.707241633666	6	1699.597916242182	71.19249381055	0	2095.6018445318973	35.03225552487599	0	1794.741565097447	67.84879376751199	6	1969.5458007787904	48.104974650744	0	2220.4463714581616	3	1	0	1	0	0	3	0	0	0	0	0
37	31.131747204885002	1	1758.1647384630792	36.55441480219199	3	1796.9192163903026	62.637817877135994	6	2076.928137817661	42.034689556274	3	1741.632605798456	101.38928135315001	4	2196.9911258850475	33.94167767672	0	1828.683242774167	56.66073510695	6	2026.2065358857403	49.556286758322	0	2270.0026582164837	2	1	0	2	1	0	2	0	0	0	0	0
38	30.96093393981	1	1789.1256724028892	36.852218388594	3	1833.7714347788965	66.979178047728	6	2143.907315865389	34.83158800653901	3	1776.4641938049951	38.43142911228499	0	2235.4225549973326	33.829184499528004	0	1862.512427273695	38.395653747792	3	2064.6021896335324	67.233829143546	0	2337.2364873600295	3	1	0	3	0	0	1	0	0	0	0	0
39	30.610745891505005	1	1819.7364182943943	36.587005522956	3	1870.3584403018524	84.664260506592	1	2228.5715763719813	39.447689313732	3	1815.9118831187272	37.79513601159999	0	2273.2176910089324	41.52932974823201	0	1904.041757021927	37.268273482199994	3	2101.8704631157325	35.640612304584	0	2372.8770996646135	3	2	0	3	0	0	0	0	0	0	0	0
40	42.61921073806501	1	1862.3556290324593	40.44974755613401	3	1910.8081878579865	33.575452371648	0	2262.1470287436296	35.87862059686801	3	1851.7905037155952	38.27440565019499	0	2311.4920966591276	47.965715752319994	0	1952.007472774247	45.539450833951996	3	2147.4099139496843	38.03393980346999	0	2410.9110394680833	4	1	0	3	0	0	0	0	0	0	0	0
41	33.26789951280001	1	1895.6235285452594	41.099828390481	3	1951.9080162484674	36.33263485689601	0	2298.479663600526	45.525977682398	3	1897.3164813979931	37.929710721375	0	2349.4218073805027	34.61281830195	0	1986.620291076197	38.037619420672	3	2185.4475333703563	35.175350800275005	0	2446.086390268358	4	1	0	3	0	0	0	0	0	0	0	0
42	31.04203817682	1	1926.6655667220793	35.914648276755	3	1987.8226645252225	33.411755070785	0	2331.891418671311	34.547271330927	3	1931.8637527289202	37.19675521088999	0	2386.6185625913927	32.991835021440004	0	2019.612126097637	40.197452838452	3	2225.6449862088084	49.33360275660001	0	2495.4199930249583	4	1	0	3	0	0	0	0	0	0	0	0
43	46.55851002	1	1973.2240767420794	42.71647854639	3	2030.5391430716124	33.97071645093	0	2365.862135122241	34.947097536039	3	1966.8108502649593	39.358671247665	0	2425.9772338390576	33.136072733412	0	2052.748198831049	41.436506659487996	3	2267.081492868296	36.67167845385	0	2532.091671478808	4	1	0	3	0	0	0	0	0	0	0	0
44	46.86948784277999	1	2020.0935645848595	93.42934076229001	3	2123.9684838339026	46.01040430283499	0	2411.872539425076	72.06284214633	3	2038.8736924112893	71.67394964179998	0	2497.6511834808575	62.47183940844	0	2115.220038239489	35.047989852911996	3	2302.129482721208	57.61039786866	0	2589.7020693474683	4	1	0	3	0	0	0	0	0	0	0	0
45	34.819289602649995	1	2054.9128541875093	78.33680597370001	1	2202.3052898076025	47.574551501924994	0	2459.4470909270008	99.63907115214299	3	2138.512763563432	36.14360109359999	0	2533.7947845744575	50.85965408202001	0	2166.079692321509	37.960415051568	3	2340.089897772776	40.20757446912	0	2629.9096438165884	4	2	0	2	0	0	0	0	0	0	0	0
46	43.961568477480014	1	2098.874422664989	34.898514194295004	0	2237.2038040018974	49.009143897840005	0	2508.456234824841	31.288444726913994	0	2169.801208290346	36.00399718278	0	2569.7987817572375	52.53233571936	0	2218.612028040869	38.99612429658	9	2379.086022069356	39.97314133266	0	2669.8827851492483	6	1	0	0	0	0	0	0	0	1	0	0
47	64.31326299765101	1	2163.1876856626404	39.82123892997001	0	2277.0250429318676	51.164232679875	0	2559.620467504716	31.615783466879996	0	2201.4169917572262	36.04280588369999	0	2605.8415876409376	54.131201272785006	0	2272.743229313654	43.697014522757996	3	2422.783036592114	65.57779512	0	2735.460580269248	6	1	0	1	0	0	0	0	0	0	0	0
48	64.08824152077	1	2227.27592718341	41.114877786135004	0	2318.1399207180025	53.16211691888999	0	2612.7825844236063	30.510916276319996	0	2231.9279080335464	35.97854582476	0	2641.820133465698	38.06446244055	0	2310.807691754204	35.470641484817996	3	2458.253678076932	35.5762465104	0	2771.036826779648	6	1	0	1	0	0	0	0	0	0	0	0
49	62.941429011654016	1	2290.2173561950644	36.60931400076	0	2354.7492347187626	50.979809631744004	0	2663.7623940553503	31.748382429794994	0	2263.6762904633415	50.67770498493999	0	2692.497838450638	39.532961216805	0	2350.3406529710087	45.7476098376	3	2504.001287914532	65.47681783626001	0	2836.513644615908	6	1	0	1	0	0	0	0	0	0	0	0
50	63.06614277832001	3	2353.2834989733847	43.60712723331	0	2398.356361952073	39.18247569684001	0	2702.9448697521902	45.137270383524	0	2308.8135608468656	40.006641974868	0	2732.5044804255062	38.48772990384	0	2388.8283828748486	34.797920439024004	3	2538.799208353556	37.0089495237	0	2873.522594139608	6	0	0	2	0	0	0	0	0	0	0	0
51	36.63888963076101	1	2389.9223886041455	36.391850199809994	0	2434.748212151883	83.557885789455	0	2786.5027555416455	42.90559488111501	0	2351.7191557279807	40.339909891008006	0	2772.8443903165144	34.28545588933501	0	2423.1138387641836	35.576456390999994	3	2574.375664744556	38.60554063445	0	2912.128134774058	6	1	0	1	0	0	0	0	0	0	0	0
52	30.692588464691998	1	2420.6149770688376	36.248390187270005	0	2470.996602339153	34.51332565065	6	2821.0160811922956	31.169381349315003	0	2382.8885370772955	40.195943639856	0	2813.0403339563704	38.251528181999994	0	2461.3653669461837	39.300200437848	3	2613.6758651824043	35.36056721248001	0	2947.4887019865378	5	1	0	1	0	0	1	0	0	0	0	0
53	30.63415124892001	1	2451.2491283177574	36.172397162655	0	2507.1689995018082	60.41865671251201	6	2881.4347379048077	37.758675128145995	0	2420.6472122054415	36.1037938755	0	2849.1441278318703	66.14632099425	0	2527.5116879404336	38.200478075232	3	2651.876343257636	51.668079243263996	0	2999.1567812298017	5	1	0	1	0	0	1	0	0	0	0	0
54	32.29428778562	1	2483.5434161033772	37.322611400235	0	2544.4916109020432	61.345893651042	6	2942.7806315558496	38.09232325180599	0	2458.7395354572477	42.38304044975999	0	2891.52716828163	38.913236203275005	0	2566.4249241437087	33.396343897056	3	2685.272687154692	35.486855423232	0	3034.643636653034	5	1	0	1	0	0	1	0	0	0	0	0
55	30.789588847192004	1	2514.3330049505694	50.99544027627	0	2595.4870511783133	33.470329663589	0	2976.2509612194385	61.354939603539	0	2520.094475060787	45.84298098747599	0	2937.370149269106	51.044355344976005	0	2617.4692794886846	36.021978316319995	3	2721.294665471012	38.073072093696	0	3072.7167087467296	6	1	0	1	0	0	0	0	0	0	0	0
56	31.666548894464004	1	2545.9995538450335	36.179024141117	0	2631.66607531943	33.745245416539994	0	3009.9962066359785	51.072110838585004	0	2571.166585899372	63.81859948506599	0	3001.188748754172	34.30166825687999	0	2651.7709477455646	35.007546430176	3	2756.302211901188	49.21803669609599	0	3121.9347454428257	6	1	0	1	0	0	0	0	0	0	0	0
57	31.09302093048001	1	2577.0925747755136	36.46623215843999	0	2668.13230747787	34.46896533437	0	3044.4651719703484	56.44646209347199	0	2627.613047992844	52.36336931235599	0	3053.5521180665282	33.281402125696	0	2685.0523498712605	35.509091534208	3	2791.811303435396	61.750987153824006	0	3183.68573259665	6	1	0	1	0	0	0	0	0	0	0	0
58	31.1245996092	1	2608.2171743847134	36.080112955284	0	2704.2124204331544	44.59823213055	0	3089.0634041008984	41.061868016081995	0	2668.6749160089257	53.132413582325995	0	3106.6845316488543	34.28690714183999	0	2719.3392570131005	36.558615857136	3	2828.369919292532	54.0641783864	0	3237.7499109830496	6	1	0	1	0	0	0	0	0	0	0	0
59	39.21878217912	1	2647.4359565638333	36.45168704618399	0	2740.6641074793383	33.513642027789	0	3122.5770461286875	52.776424117248	0	2721.451340126174	52.11652403939999	0	3158.801055688254	31.954148278079995	0	2751.2934052911805	52.805219395512005	3	2881.1751386880437	55.106303942512	0	3292.8562149255617	6	1	0	1	0	0	0	0	0	0	0	0
60	34.92274290329999	1	2682.358699467133	79.466673850512	11	2820.1307813298504	34.525459124352	0	3157.1025052530395	70.70889477421001	0	2792.160234900384	36.19413265431599	0	3194.99518834257	31.469785791712	0	2782.7631910828927	62.574001702992	3	2943.749140391036	55.278415951103995	0	3348.1346308766656	5	1	0	1	0	0	0	0	0	0	0	1
61	63.710860446000005	1	2746.069559913133	39.11867635559399	0	2859.249457685444	33.999626720422995	0	3191.1021319734623	53.060425167024	5	2845.2206600674076	52.03799899649999	0	3247.03318733907	35.21544218723199	9	2817.9786332701246	55.159682622912	3	2998.9088230139478	85.59219154416	0	3433.7268224208256	4	1	0	1	0	1	0	0	0	1	0	0
62	71.56503863255999	1	2817.6345985456933	31.76922454848	0	2891.018682233924	34.154267136297	0	3225.2563991097595	30.463981903151996	7	2875.68464197056	36.30569095759199	0	3283.338878296662	46.58237169611999	0	2864.5610049662446	54.946613961162996	3	3053.855436975111	36.191810231219996	0	3469.9186326520457	5	1	0	1	0	0	0	1	0	0	0	0
63	79.36616637936	1	2897.0007649250533	34.208535198468	0	2925.227217432392	33.611339536235995	0	3258.8677386459954	69.99422167214401	7	2945.6788636427036	37.89328445363999	0	3321.232162750302	39.871285171400004	0	2904.4322901376445	43.503233130104995	3	3097.358670105216	65.471509878468	0	3535.390142530514	5	1	0	1	0	0	0	1	0	0	0	0
64	75.30784089192	1	2972.3086058169733	35.81886782224799	0	2961.0460852546403	39.49066770817699	0	3298.3584063541725	41.188406704032	6	2986.8672703467355	36.073178700384	0	3357.305341450686	31.471739829639997	0	2935.9040299672843	36.570948700703994	3	3133.9296188059197	47.683358457089994	0	3583.073500987604	5	1	0	1	0	0	1	0	0	0	0	0
65	31.481968942115994	0	3003.7905747590894	43.96716753822	0	3005.0132527928604	34.27463299007999	0	3332.6330393442527	32.37677899512	6	3019.2440493418553	74.792999630624	0	3432.0983410813096	46.82912822543999	0	2982.733158192724	45.527821049474994	3	3179.4574398553946	36.445947390144	0	3619.5194483777477	6	0	0	1	0	0	1	0	0	0	0	0
66	30.55258996776	0	3034.3431647268494	83.85513117511498	0	3088.868383967975	36.80021203913599	0	3369.433251383389	35.162745466752	6	3054.406794808607	41.125681698036004	0	3473.2240227793454	49.633365339579996	0	3032.366523532304	34.984579638016	3	3214.4420194934105	35.08030697160599	0	3654.599755349354	6	0	0	1	0	0	1	0	0	0	0	0
67	30.82323007722	0	3065.1663948040696	31.448935381136998	0	3120.317319349112	37.62633120763999	0	3407.0595825910286	30.87640549152	6	3085.283200300127	36.266723439024	0	3509.4907462183696	51.028874615599996	0	3083.3953981479044	34.745525944351996	3	3249.1875454377623	35.233498911963	0	3689.833254261317	6	0	0	1	0	0	1	0	0	0	0	0
68	30.802393971468003	0	3095.9687887755376	36.44717861938499	0	3156.764497968497	38.00748242417599	0	3445.0670650152047	30.712689146880003	6	3115.9958894470074	35.926697861196	0	3545.4174440795655	49.396006327680006	0	3132.7914044755844	34.827335819397	3	3284.0148812571592	35.419320789314995	0	3725.252575050632	6	0	0	1	0	0	1	0	0	0	0	0
69	32.86610892633599	0	3128.8348977018736	36.794430470963995	0	3193.558928439461	37.90847044938999	0	3482.9755354645945	31.44252834576	6	3147.4384177927673	36.64448353147199	0	3582.0619276110374	40.446513983231995	0	3173.2379184588162	45.758895776451006	3	3329.7737770336103	35.165341742166	0	3760.417916792798	6	0	0	1	0	0	1	0	0	0	0	0
70	30.731937629399994	0	3159.5668353312735	36.212328162045	0	3229.771256601506	83.002986957264	0	3565.9785224218585	35.036545987968	6	3182.4749637807354	35.88531897312	0	3617.9472465841573	50.16944807670399	0	3223.4073665355204	35.195349598793996	3	3364.9691266324044	35.015882755919996	0	3795.433799548718	6	0	0	1	0	0	1	0	0	0	0	0
71	30.543194374560002	0	3190.1100297058333	52.10321462995501	0	3281.874471231461	62.13105864930999	0	3628.1095810711686	30.416209113744003	6	3212.8911728944795	36.41725189632	0	3654.3644984804773	31.411021019872003	0	3254.8183875553923	37.13219802873	3	3402.101324661134	35.131791116832	0	3830.56559066555	6	0	0	1	0	0	1	0	0	0	0	0
72	30.556523991167992	0	3220.6665536970013	37.5044803938	0	3319.378951625261	33.76281946038	0	3661.8724005315485	30.500846628048	6	3243.3920195225273	38.192893764480004	0	3692.5573922449576	32.08518318753799	0	3286.9035707429302	35.423313305031	3	3437.5246379661653	38.356720568364	0	3868.922311233914	6	0	0	1	0	0	1	0	0	0	0	0
73	30.762511088064	0	3251.4290647850653	40.5311347815	0	3359.910086406761	33.669632068765	0	3695.5420326003136	30.665624433792	6	3274.057643956319	52.854424255919994	0	3745.4118165008776	31.42037553684	0	3318.32394627977	35.015079283632	3	3472.5397172497974	39.159536660073	0	3908.0818478939873	6	0	0	1	0	0	1	0	0	0	0	0
74	31.345217478036002	0	3282.774282263101	36.20448299628	0	3396.114569403041	76.436760577024	0	3771.9787931773376	31.190744542584	6	3305.2483884989033	43.26289139620799	0	3788.6747078970857	43.49508535875599	0	3361.819031638526	45.82967219906399	3	3518.3693894488615	39.45253455396	0	3947.5343824479473	6	0	0	1	0	0	1	0	0	0	0	0
75	30.92364797445	0	3313.697930237551	36.180076604759996	0	3432.294646007801	53.19236284868	0	3825.171156026018	32.087487655212	6	3337.3358761541153	41.5871899728	0	3830.2618978698856	34.62649040067	0	3396.445522039196	39.9090411027	3	3558.2784305515615	74.66145034492799	0	4022.1958327928755	6	0	0	1	0	0	1	0	0	0	0	0
76	30.931251293250003	0	3344.6291815308014	50.536049428827006	0	3482.830695436628	49.219610442578	0	3874.3907664685958	50.039228703544	6	3387.375104857659	35.927960555925004	0	3866.1898584258106	36.20999795966	0	3432.655519998856	41.491129853880004	3	3599.7695604054416	37.501225100136	0	4059.6970578930113	6	0	0	1	0	0	1	0	0	0	0	0
77	31.071955884353997	0	3375.7011374151552	39.2491582125	0	3522.079853649128	49.567367559653995	0	3923.95813402825	57.30303470642401	6	3444.6781395640833	37.244011617225	0	3903.4338700430358	32.507854850912	0	3465.163374849768	38.895842832552	3	3638.6654032379934	67.27128714747	6	4126.968345040481	5	0	0	1	0	0	2	0	0	0	0	0
78	32.233842360720004	0	3407.934979775875	36.100671291482996	0	3558.180524940611	48.656020006152	0	3972.614154034402	55.560737741928	6	3500.238877306011	52.5933836025	0	3956.027253645536	31.484408660144002	0	3496.6477835099117	35.2449871116	3	3673.9103903495934	72.176217867072	0	4199.144562907553	6	0	0	1	0	0	1	0	0	0	0	0
79	47.89536373452599	0	3455.8303435104012	44.652029275391996	0	3602.8325542160032	34.717547556369	0	4007.331701590771	56.072208055500006	6	3556.3110853615112	54.887411196	0	4010.914664841536	32.55162713087999	0	3529.199410640792	52.10570901887999	3	3726.0160993684735	51.366971951064	0	4250.511534858618	6	0	0	1	0	0	1	0	0	0	0	0
80	45.84448608894	0	3501.674829599341	36.49959162658799	0	3639.332145842591	34.40992252644	0	4041.741624117211	45.80578099005999	6	3602.1168663515714	56.58121811429999	0	4067.495882955836	31.517107784447994	0	3560.71651842524	67.330895675088	3	3793.3469950435615	50.743959449904004	0	4301.2554943085215	6	0	0	1	0	0	1	0	0	0	0	0
81	30.973476219840002	0	3532.648305819181	37.6115022666	0	3676.943648109191	33.959412698718005	0	4075.701036815929	104.26974765428001	6	3706.3866140058512	80.99830384139999	0	4148.494186797236	31.808540039431993	0	3592.525058464672	37.119024312048005	3	3830.4660193556097	52.212709413072	0	4353.468203721593	6	0	0	1	0	0	1	0	0	0	0	0
82	31.179984104808003	0	3563.8282899239894	36.14842554983999	0	3713.092073659031	42.564190403072	0	4118.265227219001	45.878762984599994	6	3752.2653769904514	45.3969442275	0	4193.891131024736	32.85721857131999	0	3625.382277035992	49.672768203071996	3	3880.1387875586815	36.50191100388	0	4389.970114725474	6	0	0	1	0	0	1	0	0	0	0	0
83	30.889112917104	0	3594.717402841093	66.873659573838	0	3779.965733232869	33.809936882904005	0	4152.075164101905	36.620910209520005	6	3788.8862871999713	37.606282102499996	0	4231.497413127236	42.058196460279994	0	3667.4404734962723	47.364320750544	3	3927.5031083092254	35.796536563199005	0	4425.766651288673	6	0	0	1	0	0	1	0	0	0	0	0
84	31.091865631487998	0	3625.809268472581	40.58453005308	0	3820.550263285949	38.30480086024801	0	4190.379964962153	35.438725586939995	6	3824.3250127869114	53.060498171024996	0	4284.5579112982605	31.59610294932	0	3699.0365764455923	68.81746012876799	3	3996.320568437993	38.081127220927	0	4463.847778509599	6	0	0	1	0	0	1	0	0	0	0	0
85	32.440584819744	0	3658.249853292325	36.292174448448	0	3856.8424377343968	37.78023082496	0	4228.1601957871135	82.48168114214398	10	3906.806693929055	36.018142279275	0	4320.576053577535	31.846726764111995	0	3730.8833032097045	50.979195593136	3	4047.299764031129	35.52273588798999	0	4499.370514397589	6	0	0	1	0	0	0	0	0	0	1	0
86	31.966569684503998	0	3690.216422976829	50.630519489088	0	3907.4729572234846	39.179766963426	0	4267.33996275054	30.339791389439995	6	3937.1464853184953	36.138501415575	0	4356.71455499311	48.117538722240006	0	3779.0008419319447	54.824075307936006	3	4102.123839339065	39.87292547896	0	4539.243439876549	6	0	0	1	0	0	1	0	0	0	0	0
87	43.955138184671995	0	3734.171561161501	35.959854789744	0	3943.4328120132286	38.44790968277599	0	4305.787872433316	39.756230266656	6	3976.9027155851513	35.955767905596	0	4392.670322898706	51.00170534264	0	3830.0025472745847	35.54237440208	6	4137.666213741145	39.918864251180004	0	4579.162304127729	6	0	0	0	0	0	2	0	0	0	0	0
88	34.239602034864	0	3768.411163196365	36.92917273824	0	3980.3619847514688	64.08928572365998	0	4369.877158156976	92.69139095343999	6	4069.5941065385914	36.27185520378	0	4428.942178102487	50.995782781944	0	3880.9983300565286	35.079790288522	6	4172.746004029667	40.323644870118	0	4619.485948997847	6	0	0	0	0	0	2	0	0	0	0	0
89	31.145514445584002	0	3799.556677641949	36.93200375719999	0	4017.293988508669	44.71657565456999	0	4414.593733811546	65.98562281331999	6	4135.579729351912	35.91693980028	0	4464.859117902766	51.017730611847995	0	3932.0160606683767	66.514427137595	6	4239.260431167262	37.195708497885	0	4656.681657495732	6	0	0	0	0	0	2	0	0	0	0	0
90	31.20354299688	0	3830.760220638829	36.173578900224	0	4053.467567408893	63.634055922833994	0	4478.22778973438	35.28577657175999	3	4170.865505923672	36.0405347544	0	4500.899652657166	56.670051074	0	3988.686111742377	34.78308292728	3	4274.043514094542	35.656720849524	0	4692.338378345256	6	0	0	2	0	0	0	0	0	0	0	0
91	33.010464593232	0	3863.770685232061	37.126178694527994	0	4090.593746103421	33.848593386425996	0	4512.076383120806	35.42765835646399	3	4206.293164280136	35.97169456584	0	4536.8713472230065	38.190682289718005	0	4026.876794032095	37.93919318964	3	4311.982707284182	255.91970048471998	0	4948.2580788299765	6	0	0	2	0	0	0	0	0	0	0	0
92	31.351520797632	0	3895.122206029693	36.186731227936	0	4126.780477331357	62.69200436326399	0	4574.7683874840695	42.733165895940004	3	4249.026330176076	36.226803927599995	0	4573.098151150606	36.228847865616004	0	4063.105641897711	38.59087394511	3	4350.573581229291	105.695761486032	0	5053.953840316009	6	0	0	2	0	0	0	0	0	0	0	0
93	31.04062810464	0	3926.162834134333	36.292174448448	0	4163.072651779806	34.661588729985	0	4609.4299762140545	39.56225281235599	3	4288.588582988432	39.6190613808	0	4612.717212531406	47.58095950277401	0	4110.6866014004845	38.97192868726499	3	4389.5455099165565	81.09660686097601	0	5135.050447176985	6	0	0	2	0	0	0	0	0	0	0	0
94	36.1570289556	0	3962.319863089933	36.477520616507995	0	4199.550172396313	39.48948906011199	0	4648.919465274166	64.74813423821999	3	4353.336717226652	41.54643583199999	0	4654.263648363406	32.30790806628	0	4142.994509466765	37.664710173684	3	4427.210220090241	72.485194869648	0	5207.535642046632	6	0	0	2	0	0	0	0	0	0	0	0
95	31.575943858367996	0	3993.895806948301	36.175574735445004	0	4235.725747131758	34.212299332639994	0	4683.131764606806	46.0532162715	3	4399.389933498152	52.47971155943999	0	4706.743359922846	31.658656251887994	0	4174.653165718652	34.778343123459	3	4461.9885632137	31.955226942168	0	5239.490868988801	6	0	0	2	0	0	0	0	0	0	0	0
96	35.741873641152004	0	4029.637680589453	51.377437347663	0	4287.103184479421	34.80795660492799	0	4717.939721211735	31.62340033888	0	4431.0133338370315	39.074228582399996	0	4745.817588505246	46.62539987022001	0	4221.278565588873	34.732057349448006	3	4496.720620563148	36.883137409668	0	5276.374006398469	7	0	0	1	0	0	0	0	0	0	0	0
97	32.834681521152	0	4062.472362110605	39.46312755140801	0	4326.566312030829	33.798386245051994	0	4751.738107456787	30.538169281425006	0	4461.551503118457	39.083843304	0	4784.901431809246	33.031323726155996	0	4254.309889315029	37.69341176034	3	4534.414032323488	33.796074586158	0	5310.170080984627	7	0	0	1	0	0	0	0	0	0	0	0
98	34.42827325571201	0	4096.900635366317	40.103358729665	0	4366.669670760494	39.09481063498399	0	4790.832918091771	48.516599615965	0	4510.068102734422	38.301741957599994	0	4823.203173766846	31.9855186233	0	4286.295407938329	34.106710074138	3	4568.520742397626	37.77236240904	0	5347.942443393667	7	0	0	1	0	0	0	0	0	0	0	0
99	31.694251378496002	0	4128.594886744813	36.158051977750006	0	4402.827722738244	35.291940263423996	0	4826.124858355195	48.389694630983996	0	4558.457797365406	38.37090972527999	0	4861.574083492126	31.680149793912	0	4317.975557732241	35.954066678625004	3	4604.474809076251	54.11312294101601	0	5402.055566334683	7	0	0	1	0	0	0	0	0	0	0	0
100	31.008119912336	0	4159.603006657149	36.327321064755	0	4439.155043802999	33.90602430342398	0	4860.030882658619	49.58172035879999	0	4608.039517724206	53.29735335936	0	4914.871436851487	31.613801772131996	0	4349.5893595043735	34.721160925751995	3	4639.195970002003	67.780951045044	0	5469.836517379727	7	0	0	1	0	0	0	0	0	0	0	0
101	31.565724900512002	0	4191.168731557661	36.211465421999996	0	4475.366509224999	51.35460007267199	0	4911.385482731291	49.990962253344	0	4658.03047997755	51.336124313759996	0	4966.207561165246	35.230670271198	0	4384.820029775571	44.38451280582	3	4683.5804828078235	56.14676195152801	0	5525.983279331255	7	0	0	1	0	0	0	0	0	0	0	0
102	49.88552767598401	0	4241.054259233645	36.202562787599994	0	4511.5690720125995	53.560305176975994	0	4964.9457879082665	50.082473671776	0	4708.112953649326	51.79187773188	0	5017.999438897126	33.075475583237996	0	4417.895505358809	34.91053427328	3	4718.491017081104	147.396728187228	0	5673.380007518484	7	0	0	1	0	0	0	0	0	0	0	0
103	35.194341646464	0	4276.248600880109	66.517450893855	0	4578.086522906455	53.888541787807995	0	5018.834329696075	42.167213890704	3	4750.280167540031	51.308828736228	0	5069.308267633354	51.9538603997	0	4469.849365758509	33.623369402733	3	4752.114386483837	137.9778086244	0	5811.357816142883	6	0	0	2	0	0	0	0	0	0	0	0
104	71.66602242095999	0	4347.914623301069	36.2513441682	0	4614.337867074655	60.600816883152	0	5079.435146579227	39.85917906684001	3	4790.13934660687	46.52342226992	0	5115.831689903274	31.946469900197993	0	4501.795835658707	33.30040681637599	3	4785.414793300213	36.669205401599996	0	5848.027021544483	6	0	0	2	0	0	0	0	0	0	0	0
105	36.031170345456	0	4383.945793646525	37.33009262433	0	4651.667959698985	78.13868308224001	0	5157.573829661467	37.8524302884	3	4827.99177689527	50.701451880419995	0	5166.533141783694	32.53787265036001	0	4534.333708309067	34.876938030592	3	4820.291731330805	35.95388676528	0	5883.980908309763	6	0	0	2	0	0	0	0	0	0	0	0
106	55.667800770999996	0	4439.613594417525	42.337542406184994	0	4694.00550210517	34.61676316098	0	5192.190592822447	35.29546105982399	3	4863.287237955094	36.29385342744	0	5202.826995211134	31.678204964244998	0	4566.0119132733125	46.72992007027499	3	4867.02165140108	66.90801761280001	0	5950.888925922563	6	0	0	2	0	0	0	0	0	0	0	0
107	35.411858169636	0	4475.0254525871605	48.39641803755	0	4742.40192014272	67.00995438406399	0	5259.200547206511	34.333672719359996	3	4897.620910674454	35.99292950748	0	5238.819924718614	51.469310232794996	0	4617.481223506107	55.35210562932699	3	4922.3737570304065	35.78515793664	0	5986.674083859203	6	0	0	2	0	0	0	0	0	0	0	0
108	37.356941472747	0	4512.382394059908	36.10976085	0	4778.51168099272	62.732592178343	0	5321.933139384854	46.263362026139994	3	4943.884272700594	39.61896188112	0	5278.438886599734	49.78207101273	0	4667.263294518837	54.83713780712	3	4977.210894837526	35.0973145656	0	6021.771398424803	6	0	0	2	0	0	0	0	0	0	0	0
109	34.792024127687995	0	4547.174418187596	36.45344677306499	0	4814.965127765785	33.88907450316499	0	5355.822213888019	36.879769629696	3	4980.76404233029	36.569906876880005	0	5315.008793476614	65.65124539447599	0	4732.914539913313	53.701132994388	3	5030.912027831914	35.171084576160005	0	6056.942483000963	6	0	0	2	0	0	0	0	0	0	0	0
110	40.43981518452	0	4587.614233372115	40.339097989335	0	4855.30422575512	33.897412580853	0	5389.719626468872	37.754409265439996	3	5018.51845159573	35.908188788160004	0	5350.916982264775	34.487057455409996	0	4767.401597368723	50.285256860844	3	5081.197284692758	35.39795668488001	0	6092.340439685843	6	0	0	2	0	0	0	0	0	0	0	0
111	34.701838190234994	0	4622.316071562351	40.69429424235	0	4895.99851999747	33.851924324908	0	5423.57155079378	38.45135826470399	3	5056.969809860434	36.470085207	0	5387.387067471775	37.043794407788	0	4804.44539177651	62.085636074868	3	5143.282920767626	35.298069223919995	0	6127.638508909763	6	0	0	2	0	0	0	0	0	0	0	0
112	34.60104197434801	0	4656.917113536699	37.383611803785	0	4933.382131801255	34.788193592796	0	5458.3597443865765	39.44018624319901	3	5096.409996103633	36.000674205210004	0	5423.387741676985	32.33797863324	0	4836.78337040975	81.956652612122	3	5225.2395733797475	35.713948904191994	0	6163.352457813955	6	0	0	2	0	0	0	0	0	0	0	0
