task	r0_energy	r0_config	r0_reward	r0_rate	r0_avgrate	r0_rollrate	r1_energy	r1_config	r1_reward	r1_rate	r1_avgrate	r1_rollrate	c0	c1	c2	c3	c4	c5	c6	c7	c8	c9	c10	c11	c12	c13	c14	c15	c16	c17	c18	c19
0	1.4190058754752073	0	58.009807579412005	21.419005875475207	21.419005875475207	21.419005875475207	10.385137915677543	0	82.29308185496001	30.385137915677543	30.385137915677543	30.385137915677543	2	0	0	0	0	0	0	0	0	0	0	0	0	0	0	0	0	0	0	0
1	1.4260948602896022	0	108.314133999461	18.573905139710398	19.996455507592803	19.996455507592803	5.972210576369232	0	120.28501154396	14.027789423630768	22.206463669654156	22.206463669654156	2	0	0	0	0	0	0	0	0	0	0	0	0	0	0	0	0	0	0	0
2	6.453517666764803	0	145.002523651973	13.546482333235197	17.8464644494736	17.8464644494736	5.990388065791995	0	158.22771053244	14.009611934208005	19.474179757838773	19.474179757838773	2	0	0	0	0	0	0	0	0	0	0	0	0	0	0	0	0	0	0	0
3	8.586827347623995	1	222.425181051788	28.586827347623995	20.5315551740112	20.5315551740112	19.440924119709543	1	265.04688002332	39.44092411970954	24.465865848306464	24.465865848306464	0	2	0	0	0	0	0	0	0	0	0	0	0	0	0	0	0	0	0	0
4	19.034180228464002	1	328.142752503878	39.034180228464	24.232080184901758	24.232080184901758	5.480568572282094	1	304.370340140056	14.519431427717906	22.476578964188754	22.476578964188754	0	2	0	0	0	0	0	0	0	0	0	0	0	0	0	0	0	0	0	0
5	4.891546509185972	1	369.061480708166	15.108453490814028	22.711475735887138	22.711475735887138	6.64258059153034	1	340.54668437132796	13.35741940846966	20.956719038235573	20.956719038235573	0	2	0	0	0	0	0	0	0	0	0	0	0	0	0	0	0	0	0	0
6	7.581171483774028	2	443.760486810054	27.58117148377403	23.40714655701384	23.40714655701384	5.348182884897474	2	380.228689058064	14.651817115102526	20.056018763502276	20.056018763502276	0	0	2	0	0	0	0	0	0	0	0	0	0	0	0	0	0	0	0	0
7	13.672584241526152	2	534.9570691308539	33.67258424152615	24.690326267577877	24.690326267577877	6.7031889992576	2	416.240885518408	13.2968110007424	19.211117793157293	19.211117793157293	0	0	2	0	0	0	0	0	0	0	0	0	0	0	0	0	0	0	0	0
8	0.3270150027776033	2	588.2380701649979	19.672984997222397	24.132843904205046	24.132843904205046	1.6305876039827645	2	465.991377424288	18.369412396017236	19.117594971252842	19.117594971252842	0	0	2	0	0	0	0	0	0	0	0	0	0	0	0	0	0	0	0	0
9	4.055288594871254	3	653.3878101094409	24.055288594871254	24.125088373271666	24.125088373271666	9.25097867520972	3	545.2127780029809	29.25097867520972	20.13093334164853	20.13093334164853	0	0	0	2	0	0	0	0	0	0	0	0	0	0	0	0	0	0	0	0
10	16.690004939905975	3	752.756573488353	36.690004939905975	25.267353515692967	25.652188279714743	0.15281550504171904	3	598.9655693434929	19.84718449495828	20.105137991949416	19.077137999576603	0	0	0	2	0	0	0	0	0	0	0	0	0	0	0	0	0	0	0	0
11	18.493786183003685	3	857.0105777339879	38.493786183003685	26.36955623796886	27.644176384044066	2.270747805583504	3	659.2821779836149	22.270747805583504	20.285605476418922	19.90143383777188	0	0	0	2	0	0	0	0	0	0	0	0	0	0	0	0	0	0	0	0
12	12.504268547539688	4	945.0429717169079	32.50426854753969	26.841457184858925	29.539955005474518	5.006454779954712	4	727.007993012659	25.006454779954712	20.64874773053706	21.001118122346547	0	0	0	0	2	0	0	0	0	0	0	0	0	0	0	0	0	0	0	0
13	12.521339002127021	4	1033.121598181002	32.52133900212702	27.247163028949505	29.933406170924826	17.826058218508564	4	829.453567354453	37.826058218508564	21.875698479677883	20.839631532226452	0	0	0	0	2	0	0	0	0	0	0	0	0	0	0	0	0	0	0	0
14	12.251574883122586	4	1120.4696134894589	32.251574883122586	27.58079048589438	29.255145636390683	3.8258878974774184	4	873.258454298785	16.17411210252258	21.495592721200865	21.005099599706917	0	0	0	0	2	0	0	0	0	0	0	0	0	0	0	0	0	0	0	0
15	7.481708984083076	5	1154.3733183242339	12.518291015916924	26.639384269020788	28.99612938890097	6.154713074697845	5	910.756106388145	13.845286925302155	21.017448608957196	21.05388635139017	0	0	0	0	0	2	0	0	0	0	0	0	0	0	0	0	0	0	0	0
16	7.213090267891447	5	1189.0045321820278	12.786909732108553	25.824532825673007	27.516703213734424	6.5970647725331695	5	947.055722629201	13.40293522746683	20.569536057104823	20.9289981626266	0	0	0	0	0	2	0	0	0	0	0	0	0	0	0	0	0	0	0	0
17	7.401175480103882	5	1223.1263485900797	12.598824519896118	25.08977125312985	25.40932724157142	2.6229453669366194	5	994.118578927081	17.37705463306338	20.39217597799141	21.337022525858693	0	0	0	0	0	2	0	0	0	0	0	0	0	0	0	0	0	0	0	0
18	6.046273611780435	6	1260.9176908915076	13.953726388219565	24.503663628660888	24.83740138067114	6.134670732241723	6	1031.670512360593	13.865329267758277	20.048657730084404	20.8866142130328	0	0	0	0	0	0	2	0	0	0	0	0	0	0	0	0	0	0	0	0
19	16.63776917952862	6	1360.1449824193976	36.63776917952862	25.110368906204275	26.09564943913687	5.27104507572837	6	1071.561431947162	14.72895492427163	19.782672589793766	19.43441183793899	0	0	0	0	0	0	2	0	0	0	0	0	0	0	0	0	0	0	0	0
20	6.570666215064614	6	1396.5160947535976	13.429333784935386	24.554129138524804	23.769582323639813	1.1471959846639983	6	1122.621109488697	18.852804015336	19.738393133867206	19.334973789976765	0	0	0	0	0	0	2	0	0	0	0	0	0	0	0	0	0	0	0	0
21	5.235429954135386	7	1436.5034719611476	14.764570045864614	24.10914917976752	21.396660709925907	4.292513331091811	7	1165.1622192169898	15.707486668908189	19.555170112732704	18.678647676309232	0	0	0	0	0	0	0	2	0	0	0	0	0	0	0	0	0	0	0	0
22	6.405409211411692	7	1473.3221553469077	13.594590788588308	23.651994467107556	19.50569293403077	0.9636071947249221	7	1221.9386553693698	20.963607194724922	19.616406507601933	18.274362917786252	0	0	0	0	0	0	0	2	0	0	0	0	0	0	0	0	0	0	0	0
23	4.852066260578464	7	1514.3478092245077	15.147933739421536	23.29765860345397	17.768352407760222	3.005244236138335	7	1284.2445251755778	23.005244236138335	19.75760807962428	16.79228151954923	0	0	0	0	0	0	0	2	0	0	0	0	0	0	0	0	0	0	0	0
24	5.373860328566646	8	1553.9602708346397	14.626139671433354	22.95079784617315	16.0058088865913	0.5490938799520002	8	1339.898321100448	20.549093879952	19.78926751163739	17.229779697292173	0	0	0	0	0	0	0	0	2	0	0	0	0	0	0	0	0	0	0	0
25	6.706494481182153	8	1589.9635149481046	13.293505518817847	22.57936352589025	16.08333033688139	0.18970912330954093	8	1393.551192224818	19.81029087669046	19.79007610260097	17.826280092431006	0	0	0	0	0	0	0	0	2	0	0	0	0	0	0	0	0	0	0	0
26	7.108355087121472	8	1624.8783865871505	12.891644912878528	22.220559132815744	16.093803854958388	6.060078471077414	8	1431.30514636565	13.939921528922586	19.573403710983253	17.879978722576578	0	0	0	0	0	0	0	0	2	0	0	0	0	0	0	0	0	0	0	0
27	9.97656371894153	9	1706.0649133259506	29.97656371894153	22.49755929660595	17.831577774862925	9.466876325761973	9	1511.111269747922	29.466876325761973	19.926742018653922	19.088960891846437	0	0	0	0	0	0	0	0	0	2	0	0	0	0	0	0	0	0	0	0
28	9.35139563672615	9	1785.5582765087506	29.35139563672615	22.733898480748024	19.371344699713585	15.190718728092307	9	1606.4194663031722	35.19071872809231	20.453086043117313	21.22149983787984	0	0	0	0	0	0	0	0	0	2	0	0	0	0	0	0	0	0	0	0
29	6.5973395993600015	9	1821.8571484271506	13.402660400639999	22.422857211411092	17.047833821824728	14.770225164164437	9	1700.5888261227842	34.77022516416444	20.930324013818886	23.225626861869124	0	0	0	0	0	0	0	0	0	2	0	0	0	0	0	0	0	0	0	0
30	3.348964377476925	10	1866.9537032381506	16.651035622523075	22.236669418221155	17.370004005583493	1.100844495628305	10	1751.7740389471242	18.899155504371695	20.86480244899801	23.230262010772684	0	0	0	0	0	0	0	0	0	0	2	0	0	0	0	0	0	0	0	0
31	7.576029567753848	10	1900.6019564921507	12.423970432246152	21.930022574909437	17.13594404422165	4.2033541073476925	10	1817.3247896545242	24.203354107347693	20.969132188321435	24.079848754616638	0	0	0	0	0	0	0	0	0	0	2	0	0	0	0	0	0	0	0	0
32	7.453101129846154	10	1934.5831409321509	12.546898870153846	21.64568549294715	17.031174852378204	6.030309382807632	10	1855.1593684094203	13.969690617192368	20.75702789828722	23.380457096863385	0	0	0	0	0	0	0	0	0	0	2	0	0	0	0	0	0	0	0	0
33	8.779163784319998	11	1964.9729056829508	11.220836215680002	21.339072278909878	16.63846510000405	5.788638794945969	11	1893.6484716731084	14.21136120505403	20.56450828966271	22.50106879375495	0	0	0	0	0	0	0	0	0	0	0	2	0	0	0	0	0	0	0	0
34	6.019639155199998	11	2002.8363829709508	13.980360844800002	21.128823380792454	16.573887217340715	6.441685597550277	11	1930.3689065130764	13.558314402449723	20.36433132145663	21.801990846004728	0	0	0	0	0	0	0	0	0	0	0	2	0	0	0	0	0	0	0	0
35	6.844240722855385	11	2038.4665643465507	13.155759277144615	20.90734937791335	16.560112593173393	0.7715907299249238	11	1982.4458482861965	19.228409270075076	20.332777931140473	21.743802685343187	0	0	0	0	0	0	0	0	0	0	0	2	0	0	0	0	0	0	0	0
36	15.657794561846153	12	2135.0397579515507	35.65779456184615	21.30601005856018	18.83672755807015	6.3766235439310766	12	2019.3424928547165	13.623376456068923	20.15144275613854	21.71214817805782	0	0	0	0	0	0	0	0	0	0	0	0	2	0	0	0	0	0	0	0
37	1.7729185547437574	12	2184.40477019912	18.227081445256243	21.224985621367967	17.661779330701624	6.419998696589785	12	2056.1216630514523	13.580001303410215	19.9785100863299	20.12346067582265	0	0	0	0	0	0	0	0	0	0	0	0	2	0	0	0	0	0	0	0
38	1.750539999987197	12	2233.830391032488	18.249460000012803	21.148690092615272	16.551585767030286	6.324545860083198	12	2093.1593513470602	13.675454139916802	19.8168932671911	17.9719342170051	0	0	0	0	0	0	0	0	0	0	0	0	2	0	0	0	0	0	0	0
39	0.3317011711915079	13	2287.098700360511	19.668298828808492	21.111680311020102	17.178149609847136	6.057788132732064	13	2163.732527539876	26.057788132732064	19.972915638829626	17.10069051386186	0	0	0	0	0	0	0	0	0	0	0	0	0	2	0	0	0	0	0	0
40	10.767405884805907	13	2370.427091298527	30.767405884805907	21.34718581281976	18.589786636075424	4.297684110339938	13	2206.2596330743722	15.702315889660062	19.868754669337687	16.7810065523907	0	0	0	0	0	0	0	0	0	0	0	0	0	2	0	0	0	0	0	0
41	2.206053162145597	13	2430.568485279338	22.206053162145597	21.367635035422754	19.567994909065366	16.751617689312504	13	2305.7952643162603	36.7516176893125	20.270727598384706	18.035832910587178	0	0	0	0	0	0	0	0	0	0	0	0	0	2	0	0	0	0	0	0
42	12.443618081823992	14	2518.436617584278	32.44361808182399	21.625216036501854	21.55766683023238	12.023250188061539	14	2392.52490024226	32.02325018806154	20.5440420772144	19.841188867674095	0	0	0	0	0	0	0	0	0	0	0	0	0	0	2	0	0	0	0	0
43	12.490803617903389	14	2606.432544049433	32.49080361790339	21.872161208806432	23.684663570454717	10.703881825278028	14	2475.681246852388	30.703881825278028	20.77494752603403	21.490440929696497	0	0	0	0	0	0	0	0	0	0	0	0	0	0	2	0	0	0	0	0
44	9.896718623089235	14	2687.4028236536333	29.896718623089235	22.050484706901607	25.276299348283644	11.176674042293662	14	2560.1180723836	31.176674042293662	21.00609700417313	23.252276893680886	0	0	0	0	0	0	0	0	0	0	0	0	0	0	2	0	0	0	0	0
45	7.155633238188798	15	2722.1896503002054	12.844366761811202	21.850351708095292	25.2451600967503	2.3550023682338477	15	2607.9066076363	17.644997631766152	20.933029626512113	23.093935729849996	0	0	0	0	0	0	0	0	0	0	0	0	0	0	0	2	0	0	0	0
46	5.316017009400616	15	2761.9587708997456	14.683982990599384	21.697875777935803	23.147778939625628	0.1627940192615327	15	2662.5141747718003	20.162794019261533	20.916641634868483	23.747877486169255	0	0	0	0	0	0	0	0	0	0	0	0	0	0	0	2	0	0	0	0
47	6.8994471789476925	15	2797.4394347900957	13.100552821052307	21.51876488300073	22.635126077205232	0.5682507576984648	15	2715.1418289697003	19.431749242301535	20.885706376690006	24.33305228005839	0	0	0	0	0	0	0	0	0	0	0	0	0	0	0	2	0	0	0	0
48	7.069503388445046	16	2832.4595297797237	12.930496611554954	21.343494101950817	22.10322973835945	0.9255842076799965	16	2766.8017050739004	19.074415792320004	20.84874126272327	24.87294844529871	0	0	0	0	0	0	0	0	0	0	0	0	0	0	0	0	2	0	0	0
49	10.028036189345471	16	2913.7854611258676	30.02803618934547	21.517184943698712	23.139203474413147	5.833990530985355	16	2805.1679807191485	14.166009469014645	20.715086626849097	23.683770578926968	0	0	0	0	0	0	0	0	0	0	0	0	0	0	0	0	2	0	0	0
50	13.68421348256689	16	3005.0135393078194	33.68421348256689	21.755754130735344	23.430884234189243	6.340390099274829	16	2842.1627575336124	13.65960990072517	20.576743945944706	23.47949998003348	0	0	0	0	0	0	0	0	0	0	0	0	0	0	0	0	2	0	0	0
51	3.2893235074591978	17	3050.2716214751176	16.710676492540802	21.65873340692391	22.881346567228768	1.2785200529408023	17	2892.8667657235646	18.721479947059198	20.541065792119984	21.67648620580815	0	0	0	0	0	0	0	0	0	0	0	0	0	0	0	0	0	2	0	0
52	7.2410631997612285	17	3084.827075309098	12.758936800238772	21.49081271623174	20.912878439070244	2.887331116236801	17	2939.2135772837564	17.1126688837632	20.476379058000045	20.185428075378315	0	0	0	0	0	0	0	0	0	0	0	0	0	0	0	0	0	2	0	0
53	8.937898424755314	17	3163.2005502094767	28.937898424755314	21.62872171083403	20.557587919755434	5.705074153661048	17	2977.9290014509243	14.294925846338952	20.361907702228542	18.544532477484402	0	0	0	0	0	0	0	0	0	0	0	0	0	0	0	0	0	2	0	0
54	10.523753309442952	18	3245.8690487558847	30.523753309442952	21.790449558081466	20.620291388390804	9.729858708984121	18	3058.447368787756	29.72985870898412	20.532234084169552	18.39985094415345	0	0	0	0	0	0	0	0	0	0	0	0	0	0	0	0	0	0	2	0
55	6.95648976648874	18	3281.1952223049775	13.04351023351126	21.634254212999856	20.64020573556081	3.1517927370633885	18	3104.0779301248763	16.84820726293661	20.466447890933246	18.3201719072705	0	0	0	0	0	0	0	0	0	0	0	0	0	0	0	0	0	0	2	0
56	6.821602391276922	18	3316.8867158286025	13.178397608723078	21.485905851521316	20.48964719737318	12.117275250770703	18	3191.0622172623803	32.1172752507707	20.670848370930397	19.515620030421417	0	0	0	0	0	0	0	0	0	0	0	0	0	0	0	0	0	0	2	0
57	10.224123970408002	19	3398.7437182484573	30.224123970408	21.63656478460557	22.20200431230875	12.68469829999065	19	3279.5832751581884	32.68469829999065	20.877983714534885	20.840914936190323	0	0	0	0	0	0	0	0	0	0	0	0	0	0	0	0	0	0	0	2
58	14.932172682348302	19	3493.3516859298174	34.9321726823483	21.86191407100799	24.402171919388085	10.040334214264	19	3360.9425136551536	30.040334214264	21.033277790801478	21.937506778384723	0	0	0	0	0	0	0	0	0	0	0	0	0	0	0	0	0	0	0	2
59	18.769189803113846	19	3598.3515749799176	38.769189803113846	22.143701999876424	25.276287280764922	10.510924606455994	19	3443.5762677976386	30.510924606455994	21.19123857106239	23.57199829212886	0	0	0	0	0	0	0	0	0	0	0	0	0	0	0	0	0	0	0	2
60	3.880810294311381	17	3642.0077137661574	16.11918970568862	22.04493950325039	23.519784903077092	4.900294903542157	7	3484.4713024338785	15.099705096457843	21.091377366560675	23.71600781170213	0	0	0	0	0	0	0	1	0	0	0	0	0	0	0	0	0	1	0	0
61	1.807566323456001	17	3691.2788883067974	18.192433676544	21.98280231249706	23.667960621477413	5.528217335191998	7	3523.6657138177334	14.471782664808002	20.984609710080793	23.29103808347701	0	0	0	0	0	0	0	1	0	0	0	0	0	0	0	0	0	1	0	0
62	4.486011803744617	17	3757.5951702752723	24.486011803744617	22.022535796485116	24.840668121828	4.182427296868923	7	3589.1597877467534	24.182427296868923	21.035368719394892	23.99801392478758	0	0	0	0	0	0	0	1	0	0	0	0	0	0	0	0	0	1	0	0
63	1.4118024476553828	17	3807.9382053128725	18.588197552344617	21.96887426142042	23.80569803458693	1.0105613185464613	7	3640.5895175090236	18.98943868145354	21.003401062552058	24.46746520829904	0	0	0	0	0	0	0	1	0	0	0	0	0	0	0	0	0	1	0	0
64	37.4031523031355	17	3963.4050761338644	57.4031523031355	22.51401700052373	26.493637933956183	18.24212197262154	7	3744.1619311848735	38.24212197262154	21.268612153476205	25.318691534662783	0	0	0	0	0	0	0	1	0	0	0	0	0	0	0	0	0	1	0	0
65	1.4936235887537244	17	4013.5265122476562	18.506376411246276	22.453295173413466	27.039924551729683	3.669838833495387	7	3788.3894510108234	16.330161166504613	21.19378713852209	25.26688692501958	0	0	0	0	0	0	0	1	0	0	0	0	0	0	0	0	0	1	0	0
66	6.427866101196798	17	4050.2843748902483	13.572133898803202	22.32074052752376	27.0792981807377	6.563661138504614	7	3824.7795354273735	13.436338861495386	21.078004328417215	23.39879328609205	0	0	0	0	0	0	0	1	0	0	0	0	0	0	0	0	0	1	0	0
67	5.342872680952123	17	4089.9807613793364	14.657127319047877	22.20804033328147	25.522598515601683	4.648406655384612	7	3866.3567674023734	15.351593344615388	20.993792402184834	21.665482790554524	0	0	0	0	0	0	0	1	0	0	0	0	0	0	0	0	0	1	0	0
68	5.314344234007633	17	4129.754412412232	14.685655765992367	22.099020267088875	23.497946823966092	6.6892362583076945	7	3902.4067525361233	13.310763741692305	20.88244416072842	19.992525743297357	0	0	0	0	0	0	0	1	0	0	0	0	0	0	0	0	0	1	0	0
69	3.669628611229541	17	4173.982501590152	16.33037138877046	22.01661099739861	21.25406498253175	4.877864294616616	7	3943.3625367382033	15.122135705383384	20.800154039937777	18.453646853190094	0	0	0	0	0	0	0	1	0	0	0	0	0	0	0	0	0	1	0	0
70	7.182546378362096	17	4208.6964384820885	12.817453621637904	21.88704540055691	20.92389137412668	6.0518043436119395	7	3981.1388999742544	13.94819565638806	20.703647583831444	18.338495909183116	0	0	0	0	0	0	0	1	0	0	0	0	0	0	0	0	0	1	0	0
71	6.445158894741658	17	4245.407466475496	13.554841105258342	21.771320340899987	20.460132116998118	2.1534056703919973	7	4029.4734262836096	17.846594329608003	20.663966288633894	18.675977075663116	0	0	0	0	0	0	0	1	0	0	0	0	0	0	0	0	0	1	0	0
72	11.75004491768911	17	4331.397171460904	31.75004491768911	21.908015198116278	21.186535428392563	5.141711881413663	7	4069.7146232714476	14.858288118586337	20.584436450688038	17.743563157834856	0	0	0	0	0	0	0	1	0	0	0	0	0	0	0	0	0	1	0	0
73	6.701257897649233	17	4367.414597988104	13.298742102350767	21.791673669795124	20.65758988339318	6.398487964161481	7	4106.552051701844	13.60151203583852	20.490072607244127	17.20477049327335	0	0	0	0	0	0	0	1	0	0	0	0	0	0	0	0	0	1	0	0
74	7.191662166839137	17	4402.103846286248	12.808337833160863	21.67189585864	16.198108436395717	4.488932287530341	7	4148.561193423116	15.511067712469659	20.4236858753138	14.931665067258166	0	0	0	0	0	0	0	1	0	0	0	0	0	0	0	0	0	1	0	0
75	5.835775247241848	17	4440.465288324968	14.164224752758152	21.573110712509976	15.763893270546905	4.344666914107078	7	4190.961053864075	15.655333085892922	20.360944391242473	14.864182259196998	0	0	0	0	0	0	0	1	0	0	0	0	0	0	0	0	0	1	0	0
76	7.93634650798867	17	4516.126226784104	27.93634650798867	21.655750138425283	17.20031453146545	6.080546368550278	7	4228.659574115918	13.919453631449722	20.27728866708932	14.912493736192431	0	0	0	0	0	0	0	1	0	0	0	0	0	0	0	0	0	1	0	0
77	5.796175205415388	17	4554.594918936104	14.203824794584612	21.56021263401707	17.154984279019125	4.902825326468925	7	4269.547755523398	15.097174673531075	20.210876949223188	14.887051869083999	0	0	0	0	0	0	0	1	0	0	0	0	0	0	0	0	0	1	0	0
78	7.124908346230768	17	4589.464958831729	12.875091653769232	21.45027439376077	16.97392786779681	1.2049169201009242	7	4320.451105531459	18.795083079899076	20.192955507839336	15.435483802904676	0	0	0	0	0	0	0	1	0	0	0	0	0	0	0	0	0	1	0	0
79	6.9310666432307695	17	4624.859986672979	13.06893335676923	21.345507630798373	16.64778406459669	0.734864396077171	7	4372.62751445875	19.26513560392283	20.18135775904038	15.84978379275862	0	0	0	0	0	0	0	1	0	0	0	0	0	0	0	0	0	1	0	0
80	7.22328320692308	17	4659.463594654229	12.77671679307692	21.239720089591938	16.643710381740593	2.571020177443689	7	4433.75736077266	22.57102017744369	20.210859764205853	16.712066244864182	0	0	0	0	0	0	0	1	0	0	0	0	0	0	0	0	0	1	0	0
81	11.096356892615393	17	4743.68289457173	31.096356892615393	21.359922977433687	18.3978619604763	0.936939934227194	7	4485.386481784128	19.063060065772806	20.196862206907888	16.833712818480663	0	0	0	0	0	0	0	1	0	0	0	0	0	0	0	0	0	1	0	0
82	6.039712093004926	17	4781.492007653174	13.960287906995074	21.270770747669367	16.61888625940689	4.247561792342276	7	4528.049335263201	15.752438207657724	20.14331492980849	16.923127827387802	0	0	0	0	0	0	0	1	0	0	0	0	0	0	0	0	0	1	0	0
83	7.039503748239017	17	4816.593351668361	12.960496251760983	21.171838908432363	16.585061674347912	4.5114173146208	7	4569.9975800361035	15.4885826853792	20.08790145070814	17.111834892341868	0	0	0	0	0	0	0	1	0	0	0	0	0	0	0	0	0	1	0	0
84	10.034474076693904	17	4897.936718959407	30.034474076693904	21.276105204529557	18.307675298701216	5.742288474210708	7	4608.6122154184495	14.257711525789292	20.019310981003212	16.986499273673836	0	0	0	0	0	0	0	1	0	0	0	0	0	0	0	0	0	1	0	0
85	4.733086829223387	17	4939.2846087969265	15.266913170776613	21.206230878555687	18.41794414050306	5.677497194073105	7	4647.402327184502	14.322502805926895	19.95306902547907	16.853216245677228	0	0	0	0	0	0	0	1	0	0	0	0	0	0	0	0	0	1	0	0
86	1.3987704570131712	17	4989.662938809182	18.60122954298683	21.176288334468687	17.48443244400288	10.284934057575626	7	4729.424023590435	30.284934057575626	20.071826094813513	18.48976428828982	0	0	0	0	0	0	0	1	0	0	0	0	0	0	0	0	0	1	0	0
87	2.0850923931923724	17	5038.182480244286	17.914907606807628	21.139227189836177	17.85554072522518	4.927616279799388	7	4770.245062832645	15.072383720200612	20.015014249647457	18.487285192956772	0	0	0	0	0	0	0	1	0	0	0	0	0	0	0	0	0	1	0	0
88	0.5184636717528619	17	5090.944974466622	19.481536328247138	21.12060144981832	18.51618519267297	0.8802737140658472	7	4822.02765485705	19.119726285934153	20.004954834324835	18.519749513560278	0	0	0	0	0	0	0	1	0	0	0	0	0	0	0	0	0	1	0	0
89	15.713500267252186	17	5187.66903769043	35.713500267252186	21.28274477001203	20.780641883721266	5.1839175001361255	7	4862.154544960848	14.816082499863874	19.947300697275267	18.074844203154385	0	0	0	0	0	0	0	1	0	0	0	0	0	0	0	0	0	1	0	0
90	5.609778977933786	17	5226.642552958526	14.390221022066214	21.207002750803834	20.941992306620197	6.401491168680616	7	4898.9838397123385	13.598508831319384	19.877533753693335	17.17759306854196	0	0	0	0	0	0	0	1	0	0	0	0	0	0	0	0	0	1	0	0
91	4.539565543613051	17	5268.514562944574	15.460434456386949	21.144540051951477	19.378400062997354	1.712628219107696	7	4948.512138285589	18.287371780892304	19.860249384423756	17.100024240053905	0	0	0	0	0	0	0	1	0	0	0	0	0	0	0	0	0	1	0	0
92	6.150952670129229	17	5306.022399462974	13.849047329870771	21.066093893649533	19.367276005284918	5.961746254898465	7	4986.532408845239	14.038253745101535	19.79764728077513	16.928605793798287	0	0	0	0	0	0	0	1	0	0	0	0	0	0	0	0	0	1	0	0
93	6.982993087692803	17	5341.276793183806	13.017006912307197	20.980465308741636	19.372927071339543	5.302069119244308	7	5026.339304980619	14.697930880755692	19.743394978647263	16.84954061333594	0	0	0	0	0	0	0	1	0	0	0	0	0	0	0	0	0	1	0	0
94	7.195753630672733	17	5414.931959266878	27.195753630672733	21.04588939634091	19.089055026737423	4.548018277612311	7	5068.188422145419	15.45198172238769	19.69822220752874	16.968967632995778	0	0	0	0	0	0	0	1	0	0	0	0	0	0	0	0	0	1	0	0
95	7.158144391577604	17	5449.711984873022	12.841855608422396	20.96043071105009	18.846549270502006	1.468274741908921	7	5126.331666238089	21.46827474190892	19.71666025476187	17.68354482659398	0	0	0	0	0	0	0	1	0	0	0	0	0	0	0	0	0	1	0	0
96	7.198459238557543	17	5484.382824435262	12.801540761442457	20.876318443528366	18.266580392347567	0.8451186912658457	7	5182.787196026934	20.845118691265846	19.72829384689078	16.739563289962998	0	0	0	0	0	0	0	1	0	0	0	0	0	0	0	0	0	1	0	0
97	0.5063552015753814	17	5539.920869772862	20.50635520157538	20.872543308406396	18.525725151824343	15.301446625821534	7	5278.395280638534	35.301446625821534	19.887203569124765	18.762469580525092	0	0	0	0	0	0	0	1	0	0	0	0	0	0	0	0	0	1	0	0
98	10.329562101287387	17	5622.0634337971815	30.329562101287387	20.96806875075873	19.61052772912837	2.2924074021169183	7	5338.770550685934	22.29240740211692	19.911498557336806	19.079737692143368	0	0	0	0	0	0	0	1	0	0	0	0	0	0	0	0	0	1	0	0
99	5.32709783457477	17	5661.802543828541	14.67290216542523	20.905117084905392	17.50646791894567	4.71078463819077	7	5380.178842290834	15.28921536180923	19.86527572538153	19.127050978337902	0	0	0	0	0	0	0	1	0	0	0	0	0	0	0	0	0	1	0	0
100	1.1490708067249216	17	5719.081277263422	21.14907080672492	20.907532468289745	18.18235289741154	6.208550163764922	7	5417.530685597304	13.791449836235078	19.805138835389982	19.146345078829473	0	0	0	0	0	0	0	1	0	0	0	0	0	0	0	0	0	1	0	0
101	6.972600974443813	17	5754.36381629097	13.027399025556187	20.830276258066867	17.939049354328468	5.312334035705598	7	5457.309780917268	14.687665964294402	19.75496753273218	18.78637449716968	0	0	0	0	0	0	0	1	0	0	0	0	0	0	0	0	0	1	0	0
102	7.561156226825851	17	5829.00861440529	27.56115622682585	20.89562460727812	19.310260244023972	3.194474328665599	7	5502.824746277131	16.8055256713344	19.726332174854534	19.063101689792973	0	0	0	0	0	0	0	1	0	0	0	0	0	0	0	0	0	1	0	0
103	5.797425321646767	17	5867.473920825831	14.202574678353233	20.831268357961537	19.42881702062858	5.120799585151998	7	5543.1225807340115	14.879200414848002	19.679725138700626	19.081228643202206	0	0	0	0	0	0	0	1	0	0	0	0	0	0	0	0	0	1	0	0
104	7.132754163622398	17	5902.322711632687	12.867245836377602	20.755420524422643	17.995966241199064	4.305697417748181	7	5585.627983560944	15.694302582251819	19.641768733401115	19.105460729188618	0	0	0	0	0	0	0	1	0	0	0	0	0	0	0	0	0	1	0	0
105	5.537158436834458	17	5941.492907532927	14.462841563165542	20.69605657195795	18.158064836673383	6.391638096528247	7	5622.4839637161795	13.608361903471753	19.584849801043287	18.3194694453449	0	0	0	0	0	0	0	1	0	0	0	0	0	0	0	0	0	1	0	0
106	1.8169588296758157	17	6000.580504363299	21.816958829675816	20.706532293992698	19.059606643496718	6.236999634434465	7	5659.758756372919	13.763000365565535	19.530439993235085	17.611257612774867	0	0	0	0	0	0	0	1	0	0	0	0	0	0	0	0	0	1	0	0
107	1.1667130321496622	17	6057.907018825371	21.166713032149662	20.710793226753413	19.125642426554144	5.113115997841723	7	5700.077400545431	14.886884002158277	19.487444104428818	15.569801350408543	0	0	0	0	0	0	0	1	0	0	0	0	0	0	0	0	0	1	0	0
108	7.093009989609843	17	6092.863450103511	12.906990010390157	20.639198701832647	17.38338521746442	2.7870569283103954	7	5746.6957880312575	17.212943071689605	19.46657712247708	15.061854917365812	0	0	0	0	0	0	0	1	0	0	0	0	0	0	0	0	0	1	0	0
109	7.130776959984246	17	6127.717595836887	12.869223040015754	20.568562559452495	17.20301730492347	6.94295913933588	7	5782.058607028889	13.05704086066412	19.408308611006053	14.8386374672513	0	0	0	0	0	0	0	1	0	0	0	0	0	0	0	0	0	1	0	0
110	0.6737334155263994	17	6180.059567836503	19.3262665844736	20.557370703822052	17.020736882698337	1.460734744294399	7	5832.269117096425	18.5392652557056	19.40047939158893	15.313419009198352	0	0	0	0	0	0	0	1	0	0	0	0	0	0	0	0	0	1	0	0
111	14.803394188206404	17	6274.318760429563	34.803394188206404	20.684567342075486	19.19833639896336	4.4405358526843095	7	5874.409332495406	15.55946414731569	19.36618461262221	15.40059882750048	0	0	0	0	0	0	0	1	0	0	0	0	0	0	0	0	0	1	0	0
112	7.3029574740543985	17	6348.264270255127	27.3029574740544	20.74313716625229	19.172516523686216	15.348537114301045	7	5970.144953846638	35.348537114301045	19.507621360424675	17.254899971797148	0	0	0	0	0	0	0	1	0	0	0	0	0	0	0	0	0	1	0	0
113	1.3045921838524386	17	6398.89766642386	18.69540781614756	20.725174628093477	19.62179983746565	17.209469831006523	7	6070.920601305614	37.20946983100652	19.66290073297364	19.487926913413	0	0	0	0	0	0	0	1	0	0	0	0	0	0	0	0	0	1	0	0
114	1.5619630565492955	17	6448.834016479039	18.438036943450705	20.705286474313972	20.17887894817296	0.7099893867195064	7	6127.010155894645	20.709989386719506	19.672005851701865	19.989495593859765	0	0	0	0	0	0	0	1	0	0	0	0	0	0	0	0	0	1	0	0
115	7.043564232480245	17	6483.924363349405	12.956435767519755	20.63848603718644	20.02823836860838	6.275264839385601	7	6164.1813136213095	13.724735160614399	19.620736276778693	20.00113291957403	0	0	0	0	0	0	0	1	0	0	0	0	0	0	0	0	0	1	0	0
116	6.2632897356124335	17	6521.127953648788	13.736710264387566	20.57949650066679	19.22021351207956	0.4228998148942793	7	6217.202626622638	19.57710018510572	19.62036331873021	20.582542901528047	0	0	0	0	0	0	0	1	0	0	0	0	0	0	0	0	0	1	0	0
117	5.417576646207019	17	6560.622016898644	14.582423353792981	20.52867384687972	18.561784544243892	6.238154722915445	7	6254.474290914742	13.761845277084555	19.570714860750158	20.470039029020676	0	0	0	0	0	0	0	1	0	0	0	0	0	0	0	0	0	1	0	0
118	5.859063977418339	17	6598.920385293136	14.140936022581661	20.47499537776797	18.685179145463042	0.23825760347471103	7	6307.995676571998	19.76174239652529	19.572320134160034	20.724918961504244	0	0	0	0	0	0	0	1	0	0	0	0	0	0	0	0	0	1	0	0
119	8.312489238591994	17	6675.600043647656	28.312489238591994	20.540307826608174	20.229505765320663	4.967252617058458	7	6348.709367400798	15.032747382941542	19.534490361233214	20.922489613731987	0	0	0	0	0	0	0	1	0	0	0	0	0	0	0	0	0	1	0	0
120	3.903514112758401	17	6719.194692925602	16.0964858872416	20.503582025456385	19.906527695597465	6.8825445166178465	7	6384.2358093349585	13.117455483382154	19.48145701513527	20.38030863649964	0	0	0	0	0	0	0	1	0	0	0	0	0	0	0	0	0	1	0	0
