task	r0_energy	r0_config	r0_reward	r0_rate	r0_avgrate	r1_energy	r1_config	r1_reward	r1_rate	r1_avgrate	r2_energy	r2_config	r2_reward	r2_rate	r2_avgrate	r3_energy	r3_config	r3_reward	r3_rate	r3_avgrate	c0	c1	c2	c3	c4	c5	c6	c7	c8	c9	c10	c11
0	2.6595384438925294	0	77.21621148919999	27.65953844389253	27.65953844389253	12.652213092253135	0	34.47090511746	12.347786907746865	12.347786907746865	6.203033023713431	0	87.1084671912	31.20303302371343	31.20303302371343	9.44766875725157	0	96.166408613994	34.44766875725157	34.44766875725157	4	0	0	0	0	0	0	0	0	0	0	0
1	3.182145399549249	0	155.89136739627497	28.18214539954925	27.92084192172089	13.167967689984954	0	67.50199531625199	11.832032310015046	12.089909608880955	10.09487354242985	0	128.71861188525	14.90512645757015	23.05407974064179	4.850211050044781	0	179.498247795369	29.85021105004478	32.14893990364818	4	0	0	0	0	0	0	0	0	0	0	0
2	9.198261621440004	1	251.36151442279498	34.198261621440004	30.013315154960594	7.912262455581605	1	159.382061338084	32.912262455581605	19.030693891114506	1.6197491404704536	1	203.03207823573	26.619749140470454	24.242636207251348	6.20549314881433	1	266.613582835809	31.20549314881433	31.834457652036892	0	4	0	0	0	0	0	0	0	0	0	0
3	5.90207915486269	1	337.62981873012	30.90207915486269	30.235506154936118	7.178268123128831	1	209.13439616101599	17.82173187687117	18.72845338755367	14.776985521645372	1	314.07616281699	39.77698552164537	28.126223535849853	4.320822191066991	1	348.467544785871	29.32082219106699	31.20604878679442	0	4	0	0	0	0	0	0	0	0	0	0
4	4.648350383085379	2	394.44484057734	20.35164961691462	28.258734847331816	5.646831954416719	2	294.690135367096	30.64683195441672	21.11212910092628	12.95710701845492	2	420.03975324351	37.95710701845492	30.09240023237087	4.750233516509258	2	404.99814288561595	20.249766483490742	29.01479232613368	0	0	4	0	0	0	0	0	0	0	0	0
5	6.386671640518802	2	446.407048914225	18.613328359481198	26.651167099356712	5.733417937493968	2	348.476010291592	19.266582062506032	20.804537927856238	6.819608103092303	2	470.793347289044	18.180391896907697	28.107065509793674	3.370790703769554	2	484.19993360030594	28.370790703769554	28.90745872240633	0	0	4	0	0	0	0	0	0	0	0	0
6	0.18599827322030293	3	515.679470401485	24.814001726779697	26.388714903274284	6.539574211912594	3	436.523988299848	31.539574211912594	22.33811453986429	6.84465331815057	3	559.693004468881	31.84465331815057	28.64100662527323	10.958651619577314	3	523.398697828986	14.041348380422686	26.78372867355152	0	0	0	4	0	0	0	0	0	0	0	0
7	11.56519745914985	3	553.1849608280249	13.43480254085015	24.769475857971265	2.707790226779945	3	513.874902682942	27.707790226779945	23.009324000728746	9.886121020489309	3	601.885916620015	15.113878979510691	26.950115669552915	3.849652892505077	3	603.937312153896	28.849652892505077	27.041969200920715	0	0	0	4	0	0	0	0	0	0	0	0
8	4.209353631414928	4	634.727739715725	29.209353631414928	25.262795610576116	2.6763875213277615	4	591.138151179982	27.67638752132776	23.527886614128636	7.093442298943998	4	691.480109704567	32.093442298944	27.521596406151925	8.667036551734327	4	697.924455860821	33.66703655173433	27.778087795455562	0	0	0	0	4	0	0	0	0	0	0	0
9	4.88968873362818	4	718.1697874304369	29.88968873362818	25.72548492288132	7.041444658339827	4	680.587184184514	32.04144465833983	24.379242418549758	21.374583738528486	4	820.942489307959	46.374583738528486	29.406895139389583	11.4527170627778	4	799.688290994409	36.4527170627778	28.645550722187785	0	0	0	0	4	0	0	0	0	0	0	0
10	10.215263628297555	3	759.4438431347729	14.784736371702445	24.730871418228695	11.137207711223166	2	719.287479324016	13.862792288776834	23.42320149766131	12.449240525059096	3	925.488285773749	37.449240525059096	30.13801744717772	8.784662690433073	2	894.003807671868	33.78466269043307	29.112742719300993	0	0	2	2	0	0	0	0	0	0	0	0
11	10.079031774013135	2	801.0982127656529	14.920968225986865	23.913379485541878	11.307454564725008	1	757.512501997492	13.692545435274992	22.61231349246245	22.461734790374457	0	1057.985628730211	47.46173479037446	31.581660559110784	3.943706176516894	2	952.785961262425	21.056293823483106	28.441371977982836	1	1	2	0	0	0	0	0	0	0	0	0
12	6.304389023800361	1	853.2901267408769	18.69561097619964	23.512012677130937	2.7488892650297387	4	834.9781511957	27.74888926502974	23.00743470573686	0.6523274580298448	0	1129.598376217211	25.652327458029845	31.12555801287379	3.710703261359054	4	1032.936674533719	28.710703261359054	28.462089769011776	1	1	0	0	2	0	0	0	0	0	0	0
13	6.6718422792310434	1	904.4562337113568	18.328157720768957	23.14173732310508	1.9673442081604833	3	910.261987110148	26.967344208160483	23.290285384481404	15.785144133454331	2	1243.456903589771	40.78514413345433	31.81552845005811	4.774371845804172	1	1116.056795936589	29.774371845804172	28.555824203068376	0	2	1	1	0	0	0	0	0	0	0	0
14	9.958038651739225	3	946.4483758085848	15.041961348260775	22.60175225811546	5.175142101821137	1	994.5009254777319	30.175142101821137	23.749275832304058	1.7455841118213762	0	1308.3754812776028	23.254415888178624	31.244787612599477	3.5693386339487816	0	1195.8128662896959	28.56933863394878	28.556725165127073	2	1	0	1	0	0	0	0	0	0	0	0
15	3.080771676337193	4	1024.840530071693	28.080771676337193	22.944190971754317	11.047559646471642	1	1033.4514881313319	13.952440353528358	23.136973614880574	6.900340627720595	3	1397.4305988633228	31.900340627720595	31.28575967604455	3.7086225136991047	3	1275.9577708071058	28.708622513699105	28.566218749412823	0	1	0	2	1	0	0	0	0	0	0	0
16	11.782838568144243	2	1061.738439068957	13.217161431855757	22.37201276352499	8.6935233426006	3	1078.973735466572	16.3064766573994	22.73517967620521	7.457172296908411	2	1488.0402048588587	32.45717229690841	31.35466630080125	6.421721671269246	4	1363.6767438060658	31.421721671269246	28.734189509522025	0	0	2	1	1	0	0	0	0	0	0	0
17	11.304130100140897	1	1099.972742539397	13.695869899859103	21.89000482665466	4.108326495493728	4	1160.234480266492	29.108326495493728	23.089243388387906	13.024746264262689	3	1594.1926215132587	38.02474626426269	31.72522629877133	3.5698661620591103	2	1423.5025341036508	21.43013383794089	28.328408638878628	0	1	1	1	1	0	0	0	0	0	0	0
18	10.312029640168001	0	1140.9766597939279	14.687970359831999	21.510950381032416	11.893224243058626	3	1196.82422925462	13.106775756941374	22.56385035515388	13.979729787443588	4	1703.0110338365387	38.97972978744359	32.10704227185934	4.004453759112117	2	1504.4733008478388	29.004453759112117	28.36398996099618	1	0	1	1	1	0	0	0	0	0	0	0
19	9.780556339905544	0	1183.4642733450248	15.219443660094456	21.196375044985516	6.319574045524064	4	1284.258040131708	31.319574045524064	23.001636539672386	6.942144916328363	0	1792.1828550612886	31.942144916328363	32.098797404082795	4.70931156061588	1	1587.4117956212249	29.70931156061588	28.431256040977168	2	1	0	0	1	0	0	0	0	0	0	0
20	10.415478319602151	1	1224.1793963694688	14.584521680397849	20.881524884767057	12.470806697739462	1	1319.235371433852	12.529193302260538	22.5029487664623	5.650588836417906	0	1846.1999612262887	19.349411163582094	31.491683773582764	9.34639902277302	2	1683.2954928931329	34.34639902277302	28.712929516300775	1	2	1	0	0	0	0	0	0	0	0	0
21	11.627358964572057	0	1261.5113525933718	13.372641035427943	20.54021198252437	12.508911985900895	0	1354.1063254732119	12.491088014099105	22.047864186809424	8.75800661626866	0	1940.4410630300388	33.75800661626866	31.594698448250302	7.870082643410388	0	1731.116512180279	17.129917356589612	28.186428963586636	4	0	0	0	0	0	0	0	0	0	0	0
22	12.324899547776837	0	1296.896008022495	12.675100452223163	20.198250611641708	12.268336148418866	3	1389.648887058876	12.731663851581134	21.64281199832124	9.20633962095522	0	2035.9337611385388	34.20633962095522	31.708248064454864	4.257321695147944	3	1812.793201912567	29.257321695147944	28.23298951713278	2	0	0	2	0	0	0	0	0	0	0	0
23	6.738580785532175	1	1347.875803329551	18.261419214467825	20.117549303426127	1.9546318228794028	0	1464.897234231081	26.954631822879403	21.864137824344496	7.805827745850749	0	2127.516696929039	32.80582774585075	31.75398055117969	5.244959136752719	4	1897.227046169335	30.24495913675272	28.316821584616946	2	1	0	0	1	0	0	0	0	0	0	0
24	10.28500336956872	4	1446.379771069597	35.28500336956872	20.724247466071834	3.502831493911639	3	1544.467638818251	28.50283149391164	22.129685571127183	10.096626174328359	0	2169.121948859039	14.903373825671641	31.07995628215937	9.190987471856715	3	1992.676886194935	34.190987471856715	28.551788220106538	1	0	0	2	1	0	0	0	0	0	0	0
25	6.467522937499581	1	1498.1162695357439	18.53247706250042	20.63994860439601	12.246370998352234	1	1648.447091188651	37.24637099835223	22.711096549097377	9.839825539725371	3	2211.4441025606393	15.160174460274629	30.46765698131765	1.7905828782079958	2	2067.467263396599	26.790582878207996	28.484049553110438	0	2	1	1	0	0	0	0	0	0	0	0
26	9.99226875185218	3	1540.0128526034898	15.00773124814782	20.431347961572005	8.67107460355821	3	1742.445507790251	33.67107460355821	23.117021662225554	7.23336554735188	3	2301.4289147136633	32.23336554735188	30.533053594874474	13.427560505038336	2	2174.744203139831	38.427560505038336	28.85232773651517	0	0	1	3	0	0	0	0	0	0	0	0
27	10.099030747978269	3	1581.6113917653838	14.900969252021731	20.23383443623092	10.655876663600004	3	1841.984830142801	35.655876663600004	23.56483791227464	9.475851411605255	0	2344.7671628562653	15.524148588394745	29.997021273214482	9.376359044050147	3	2270.711538804471	34.37635904405015	29.049614568927133	1	0	0	3	0	0	0	0	0	0	0	0
28	3.6705013733993965	2	1661.6498747661237	28.670501373399397	20.524753985788454	6.223423428820897	3	1894.402773070676	18.776576571179103	23.399725452236865	13.823296160376827	0	2453.1488646373173	38.82329616037683	30.301375579668356	5.757857863641785	4	2356.5772253404707	30.757857863641785	29.10851951012419	1	0	1	1	1	0	0	0	0	0	0	0
29	10.72876515214806	2	1701.4904053830437	14.27123484785194	20.316303347857236	8.48426995485731	3	1940.509186113366	16.51573004514269	23.17025893866706	12.74047964236346	0	2558.5077036389152	37.74047964236346	30.549345715091526	3.845942770871403	0	2437.1054822424867	28.845942770871403	29.099766952149096	2	0	1	1	0	0	0	0	0	0	0	0
30	10.656566575228181	0	40.042084977487995	14.343433424771819	20.1236301245319	10.319229022052303	0	40.983818980104	14.680770977947697	22.896404488321274	11.514983889679641	0	101.93766335868901	36.51498388967964	30.741785656207274	8.36818122392836	0	46.430494083199996	16.63181877607164	28.697575075501437	4	0	0	0	0	0	0	0	0	0	0	0
31	4.819047531703408	0	96.38057728481598	20.180952468296592	20.125421447774546	12.547406384959046	0	75.74730948876	12.452593615040954	22.570035398531264	2.8273653101088954	0	163.836268534635	22.172634689891105	30.473999688509892	4.289248740011939	0	128.1963134824	29.28924874001194	28.71606487751739	4	0	0	0	0	0	0	0	0	0	0	0
32	6.769822797557609	1	147.273155308301	18.23017720244239	20.0679898039766	8.295769149229855	1	122.37995394715999	16.704230850770145	22.392283745568808	10.826543366726922	1	203.403834969189	14.173456633273078	29.9800438383512	10.718575917774327	1	168.06528904528	14.281424082225673	28.27865152008431	0	4	0	0	0	0	0	0	0	0	0	0
33	5.553137126674869	1	232.56732978693498	30.55313712667487	20.376376489938316	10.674829655576122	1	162.37105449201	14.325170344423878	22.15501570435866	6.2699052709989225	1	290.698987184061	31.269905270998922	30.01798093931143	3.1940013684155275	1	246.77354286544	28.194001368415528	28.27616180974111	0	4	0	0	0	0	0	0	0	0	0	0
34	11.805784168806692	2	269.40118231568295	13.194215831193308	20.17117189968846	10.366774473936243	2	203.22214241893798	14.633225526063757	21.940107413550233	6.518387530530386	2	378.687819040125	31.518387530530386	30.06084969906054	10.791919321240716	2	286.437768093643	14.208080678759284	27.874216634570203	0	0	4	0	0	0	0	0	0	0	0	0
35	10.355695543890151	2	310.2831989223229	14.644304456109849	20.017647804033498	11.708542379145555	2	240.32746161049	13.291457620854445	21.699867141530905	6.402038770745314	2	466.351843941789	31.402038770745314	30.098104951051784	4.4395315140832246	2	368.623126903792	29.439531514083225	27.917697603445564	0	0	4	0	0	0	0	0	0	0	0	0
36	3.624816556016718	3	390.1941451412029	28.624816556016718	20.25027398651953	3.034920855361918	3	318.591615665042	28.034920855361918	21.871084809472283	9.949916595465552	3	508.366660112781	15.050083404534448	29.691401666010776	10.79017391038985	3	408.29222473728703	14.20982608961015	27.54721458955812	0	0	0	4	0	0	0	0	0	0	0	0
37	10.60014051313672	3	430.3937528753629	14.39985948686328	20.09631571021279	12.079625225894208	3	354.660995242754	12.920374774105792	21.635539808541587	6.051549305211701	3	595.0522352564969	31.0515493052117	29.727195024937117	6.113674388634035	3	495.15123240555704	31.113674388634035	27.64106879479696	0	0	0	4	0	0	0	0	0	0	0	0
38	10.57844464219224	4	470.6539282492429	14.42155535780776	19.950809034510094	7.366262886294926	4	445.016812466994	32.366262886294926	21.910686554125007	15.407079860818143	4	707.8553332012809	40.40707986081814	30.001038225857144	10.445673513682628	4	535.7820605131931	14.554326486317372	27.305511299707742	0	0	0	0	4	0	0	0	0	0	0	0
39	11.88475224570149	4	507.26732822999287	13.11524775429851	19.779920002504802	3.818238684771355	4	525.467728795314	28.818238684771355	22.083375357391166	5.917628124857313	4	794.1670450498409	30.917628124857313	30.02395297333215	4.687179173410151	4	618.6587690389631	29.68717917341015	27.365052996550304	0	0	0	0	4	0	0	0	0	0	0	0
40	11.50281423482388	1	544.9469718244429	13.49718576517612	19.626682582082154	12.044963062989373	2	561.633873577802	12.955036937010627	21.86073295689408	7.047121547510443	4	883.631926036641	32.04712154751044	30.073298548312106	13.752982611389136	2	726.8441788290911	38.752982611389136	27.642807377400032	0	1	2	0	1	0	0	0	0	0	0	0
41	11.431299191006564	1	582.8262615828829	13.568700808993436	19.482444920818136	11.924239993760478	2	598.1370369285539	13.075760006239522	21.651566934259446	6.245395948274631	3	970.858656392241	31.24539594827463	30.101205629263593	9.970120453863878	0	824.4690984294612	34.97012045386388	27.817267212553936	1	1	1	1	0	0	0	0	0	0	0	0
42	28.725160261960596	4	732.8090006475229	53.725160261960596	20.278787138054007	12.153892674682268	3	633.9990865450659	12.846107325317732	21.44678880381894	10.823277103130748	2	1010.435341146001	14.176722896869252	29.73086882153349	13.585524943412537	1	932.1870222298212	38.58552494341254	28.067691810945995	0	1	1	1	1	0	0	0	0	0	0	0
43	4.888354608751044	3	788.9540106980929	20.111645391248956	20.274988461990258	7.426227001505673	3	724.522303590936	32.42622700150567	21.696321490130003	7.6112814338447805	3	1101.475168482151	32.61128143384478	29.796332744540567	5.156266433277608	4	1016.3732660227212	30.156266433277608	28.115159415998985	0	0	0	3	1	0	0	0	0	0	0	0
44	6.196932033494928	4	841.4459087712529	18.803067966505072	20.24227911764614	12.370812350083579	0	759.778785780286	12.629187649916421	21.494829627014145	4.53785082537194	2	1158.598668261321	20.46214917462806	29.58890644298696	6.8177657325182075	3	1105.197862026001	31.817765732518207	28.197439556366078	1	0	1	1	1	0	0	0	0	0	0	0
45	8.04633782696716	3	933.7002685382029	33.04633782696716	20.520628220022683	9.877557781622922	2	801.9956036399219	15.122442218377078	21.356299465956816	12.671830790980763	2	1263.765862552809	37.67183079098076	29.764622189682477	3.3944120559522446	3	1184.4655956822012	28.394412055952245	28.20172156722665	0	0	2	2	0	0	0	0	0	0	0	0
46	6.335192079176117	1	985.8061906505029	18.664807920823883	20.48114268174186	11.548326363847636	2	904.0263480723299	36.548326363847636	21.67953408080556	13.093839230353908	4	1370.111163737547	38.09383923035391	29.94183957352655	16.774620601767154	0	1301.0864115288011	41.774620601767154	28.490506653067932	1	1	1	0	1	0	0	0	0	0	0	0
47	11.674441980955224	2	1023.0067067870029	13.325558019044776	20.332068001269004	2.699280846051348	2	981.3535071008899	27.699280846051348	21.80494547174818	14.262931500278441	0	1479.7201808424911	39.26293150027844	30.136028988667217	4.117919031361186	0	1382.3739354913512	29.117919031361186	28.503577744282378	2	0	2	0	0	0	0	0	0	0	0	0
48	6.373408539018509	3	1075.005941282243	18.62659146098149	20.297262357589666	9.295952484052059	2	1077.0963744522019	34.29595248405206	22.05986398220336	7.220476194919641	1	1569.669010219975	32.22047619491964	30.178568727570326	4.49392331212848	3	1464.7111380710433	29.49392331212848	28.523788878320055	0	1	1	2	0	0	0	0	0	0	0	0
49	6.740948485466745	2	1125.979126760315	18.259051514533255	20.25649814072854	4.760248786636417	3	1160.177068981562	29.760248786636417	22.213871678292023	10.635839110161196	1	1609.768959370775	14.364160889838804	29.862280570815695	3.5063573992150445	3	1524.7142236649013	21.493642600784955	28.383185952769352	0	1	1	2	0	0	0	0	0	0	0	0
50	9.576011602376116	3	1169.0377610370151	15.423988397623884	20.161743047726485	9.515300354426273	3	1256.532282471002	34.51530035442627	22.45507616213779	7.706665141002034	2	1701.075066222739	32.706665141002034	29.91805281728994	5.513172506119638	3	1609.8968302444853	30.513172506119638	28.42495039499191	0	0	1	3	0	0	0	0	0	0	0	0
51	7.675460516770627	2	1217.4021004276972	17.324539483229373	20.107181440716925	22.247103554758688	3	1388.43044656137	47.24710355475869	22.931845919688193	10.98700328158663	1	1740.194682061643	14.01299671841337	29.612186353850007	5.399051959011338	0	1694.7608502967253	30.399051959011338	28.462913886607666	1	1	1	1	0	0	0	0	0	0	0	0
52	5.6672391007703915	3	1271.372724604713	19.33276089922961	20.092569732386977	5.708791528677256	2	1474.159156245594	30.708791528677256	23.078580742499305	8.436253121700297	0	1833.537555359723	33.4362531217003	29.684338557016993	6.489399656939938	3	1782.6687576723493	31.489399656939938	28.520017391708276	1	0	1	2	0	0	0	0	0	0	0	0
53	10.0898482245674	3	1312.9968983111291	14.9101517754326	19.996599029480414	12.278909319538627	2	1509.6722010618819	12.721090680461373	22.886775370980086	10.150210065343044	3	1874.993218927307	14.849789934656956	29.40962469363995	10.210657048127757	1	1880.9651752650393	35.21065704812776	28.643918126086415	0	1	1	2	0	0	0	0	0	0	0	0
54	6.521644834064478	4	1364.582306482699	18.478355165935522	19.968994595597778	6.987259525100889	3	1598.9699672361219	31.98725952510089	23.05223871923683	18.359717633992588	3	1996.039097322203	43.35971763399259	29.663262747100912	7.457197294704486	3	1971.5748510460894	32.457197294704486	28.713250474606742	0	0	0	3	1	0	0	0	0	0	0	0
55	11.684716284579103	4	1401.754140188249	13.315283715420897	19.850178329880332	10.540507179405374	0	1639.3360513602818	14.459492820594626	22.89879682818965	6.468730169480722	2	2083.88930237867	31.46873016948072	29.695503236786266	11.177423890086203	2	2072.5701594059133	36.1774238900862	28.846539285597448	1	0	2	0	1	0	0	0	0	0	0	0
56	11.320334547490269	3	1439.943206243172	13.679665452509731	19.741923717996638	5.708649367655163	0	1693.1910718755778	19.291350632344837	22.835508298437983	7.537937980589859	2	2174.72437924115	32.53793798058986	29.745370512993347	13.609095872517251	2	2180.3538853833575	38.60909587251725	29.017812208174984	1	0	2	1	0	0	0	0	0	0	0	0
57	8.204753303104951	4	1532.63980921434	33.20475330310495	19.974041469464023	5.954938665601908	4	1779.6069423170497	30.954938665601908	22.97549847718219	4.668803589603339	1	2257.549789262126	29.66880358960334	29.744050393624555	5.913846555990332	2	2233.6360637478847	19.086153444009668	28.8465767122411	0	1	1	0	2	0	0	0	0	0	0	0
58	11.75090608395463	4	1569.6268630632999	13.24909391604537	19.860059307541675	11.05051924906412	2	1818.5492427467457	13.94948075093588	22.82251512588988	6.687464982169548	1	2346.010629004016	31.687464982169548	29.776989623938878	11.645318023770727	4	2335.937576564245	36.64531802377073	28.978758768368717	0	1	1	0	2	0	0	0	0	0	0	0
59	10.34909570985266	4	1610.5273042066278	14.65090429014734	19.77324005725177	12.076151725850744	2	1854.6283191787456	12.923848274149256	22.65753734502754	10.518895691773135	2	2386.437045197816	14.481104308226865	29.522058202010342	7.848928859909847	3	2427.6408362981597	32.84892885990985	29.043261603227737	0	0	2	1	1	0	0	0	0	0	0	0
60	11.251396714068061	0	38.38151750656	13.748603285931939	19.67447552001702	11.295736962533255	0	38.257734312928	13.704263037466745	22.510762356379	11.755295388278803	0	102.60853295894499	36.7552953882788	29.64063586080163	11.34156233309612	0	38.12980515344	13.65843766690388	28.791051374763413	4	0	0	0	0	0	0	0	0	0	0	0
61	11.88622654771582	0	74.99080172752	13.11377345228418	19.568657744731006	3.7459610985880545	0	118.506875713153	28.745961098588054	22.611330078027535	11.500883615059095	0	204.506833050985	36.500883615059095	29.751285018128364	4.016107512033443	0	119.13310529120002	29.016107512033443	28.794681312461314	4	0	0	0	0	0	0	0	0	0	0	0
62	5.309985996933733	1	129.95875748607997	19.690014003066267	19.570584034545853	11.693078601043586	1	155.655364618573	13.306921398956414	22.46364105137561	11.239064184316419	1	305.674220565535	36.23906418431642	29.854265639813892	6.906660668133732	1	169.64367759266003	18.093339331866268	28.624818741340757	0	4	0	0	0	0	0	0	0	0	0	0
63	0.7638427264802381	1	197.61802987465597	24.236157273519762	19.64348361640482	11.75230219507582	1	192.638520990653	13.24769780492418	22.319641938149807	5.268548464885367	1	390.17391836333996	30.268548464885367	29.86073880895563	3.35553633248	1	248.80288318750002	28.35553633248	28.620611203702307	0	4	0	0	0	0	0	0	0	0	0	0
64	5.996235343829973	2	250.67020620646397	19.003764656170027	19.63364178624736	11.58590179613433	2	230.086211809778	13.41409820386567	22.182633573006974	6.777561376647171	2	478.88627720648	31.77756137664717	29.890228386920114	10.902176421696955	2	288.159307343596	14.097823578303045	28.397183701773088	0	0	4	0	0	0	0	0	0	0	0	0
65	4.44232519718209	2	308.06038169766396	20.55767480281791	19.647642286498428	11.847843689131938	2	266.802648177618	13.152156310868062	22.045808159944265	9.215074134680364	2	574.403359165796	34.215074134680364	29.955756352795273	3.7424288889791057	2	368.398587991996	28.742428888979106	28.402414689458023	0	0	4	0	0	0	0	0	0	0	0	0
66	4.164280378864717	3	366.22676563999994	20.835719621135283	19.665374784030323	7.595372554865669	3	357.79806322661796	32.59537255486567	22.203264344943094	9.923781948569314	3	671.898917105552	34.923781948569314	30.029905988553093	6.333720175039041	3	420.508619170012	18.66627982496096	28.257099243719264	0	0	0	4	0	0	0	0	0	0	0	0
67	9.502839821468656	3	409.48967113839996	15.497160178531344	19.604077510420044	3.5880725131104505	3	437.60643232571795	28.58807251311045	22.29715858271026	6.540710958266274	3	759.950068530712	31.540710958266274	30.052123708695934	4.027738131469373	3	501.54438812036403	29.027738131469373	28.268432168539118	0	0	0	4	0	0	0	0	0	0	0	0
68	8.76956513913612	4	503.763040485155	33.76956513913612	19.80937443257535	0.8885972244561202	4	504.91743174077794	24.11140277554388	22.3234519768093	6.275168143113071	4	847.2599129302359	31.27516814311307	30.069848990354153	4.615365242065192	4	584.2206160877961	29.61536524206519	28.287952937720654	0	0	0	0	4	0	0	0	0	0	0	0
69	7.043237404829853	4	593.217078240305	32.04323740482985	19.984143903607556	8.554098082378509	4	598.589288887418	33.55409808237851	22.48388977831743	5.6929778555840045	4	932.944476110408	30.692977855584004	30.07875083128601	6.361614650453255	4	636.2527751886141	18.638385349546745	28.15010197217531	0	0	0	0	4	0	0	0	0	0	0	0
70	9.900620313826629	3	635.369513197539	15.099379686173371	19.915344407587355	6.638724046197016	3	649.847850925118	18.361275953802984	22.425824794873563	2.832298591829968	0	994.829309208216	22.167701408170032	29.967327599974517	3.5943636024259114	0	716.0787069120531	28.59436360242591	28.156359178235178	2	0	0	2	0	0	0	0	0	0	0	0
71	9.173118297558212	2	730.7694684448891	34.17311829755821	20.11336904494806	12.869399745737311	1	755.566591881968	37.86939974573731	22.64031889141334	6.485364563099225	0	1082.725951946868	31.485364563099225	29.988411446684584	13.05553766772799	2	822.3170829011272	38.05553766772799	28.293847768367023	1	1	2	0	0	0	0	0	0	0	0	0
72	10.960860851842988	1	769.9620652334941	14.039139148157012	20.0301604162249	11.87206303663761	1	792.2154159046879	13.12793696336239	22.510012289659215	10.84313455645421	4	1122.2472013101	14.15686544354579	29.771540953490902	8.831133156655994	1	916.7623296301251	33.831133156655994	28.369700992864132	0	3	0	0	1	0	0	0	0	0	0	0
73	6.473791917083705	2	821.681062798302	18.526208082916295	20.009836736045052	11.659754038032236	3	829.4569358818479	13.340245961967764	22.386096528474198	5.990006701155348	4	1208.7609700174921	30.990006701155348	29.78800670683772	9.245361234448595	4	1012.3639630762941	34.245361234448595	28.449101806939595	0	0	1	1	2	0	0	0	0	0	0	0
74	4.032291213919997	4	902.7295424371621	29.032291213919997	20.130136129083386	2.6784604576396482	2	906.7259713260919	27.67846045763965	22.45666138086307	5.614152363913551	4	1294.225478700084	30.61415236391355	29.799021982265398	3.1128565404370043	1	1090.845687585014	28.112856540437004	28.44461853671956	0	1	1	0	2	0	0	0	0	0	0	0
75	10.07654404908991	3	944.390856966786	14.92345595091009	20.06162717937058	11.756056985728002	3	943.6986455742679	13.243943014271998	22.335441402355293	4.001738520297081	3	1375.18866540258	29.00173852029708	29.788531410397397	4.996101066771331	4	1174.584803063084	29.99610106677133	28.465032780536028	0	0	0	3	1	0	0	0	0	0	0	0
76	4.162502650428415	2	1002.5622037343401	20.837497349571585	20.071703415347212	12.075022152735999	2	979.7808753978799	12.924977847264001	22.213227589951508	10.491764680823763	1	1474.269841803213	35.49176468082376	29.862599374948392	3.5978756684562327	3	1254.4205393041912	28.597875668456233	28.466758012846682	0	1	2	1	0	0	0	0	0	0	0	0
77	11.758270754330747	2	1039.5286978785	13.241729245669253	19.984139643941084	3.258091160371116	3	1058.668046553916	28.258091160371116	22.290725840854325	10.206373347427828	4	1572.554300731449	35.20637334742783	29.931109297672485	3.823944515483227	3	1334.887384409915	28.823944515483227	28.471337326983047	0	0	1	2	1	0	0	0	0	0	0	0
78	5.4763749556518135	3	1124.608577963028	30.476374955651814	20.116952749152613	8.935534889031636	1	1103.514678322036	16.064465110968364	22.211912413893742	10.657097653986384	2	1672.097031682161	35.65709765398638	30.003590162942285	3.9669488792447787	0	1415.7534500311401	28.96694887924478	28.477610890935726	1	1	1	1	0	0	0	0	0	0	0	0
79	10.248324723287878	2	1165.790338110516	14.751675276712122	20.04988678074711	11.96267508320012	0	1139.910543714769	13.03732491679988	22.097230070180068	5.236550669796301	4	1756.507402302009	30.2365506697963	30.006502169277958	4.534027640534571	1	1472.887622867981	20.46597235946543	28.37746540929235	1	1	1	0	1	0	0	0	0	0	0	0
80	11.16053405676418	2	1204.4255138687158	13.83946594323582	19.97321491855561	3.489272118549252	3	1219.4430950457188	28.489272118549252	22.176144169542653	5.280404225980419	4	1841.040197432871	30.28040422598042	30.009883676150828	4.232531549143637	3	1554.495106776007	29.232531549143637	28.388021781389273	0	0	1	2	1	0	0	0	0	0	0	0
81	6.368530833358811	2	1256.4383652922559	18.63146916664119	19.956852165483483	3.1887709022590975	3	1298.1367471478588	28.188770902259098	22.24946888579529	6.25441094226149	4	1893.3716335523911	18.74558905773851	29.872514229584823	10.862151817984	1	1593.9632662841352	14.137848182016	28.21423917651887	0	1	1	1	1	0	0	0	0	0	0	0
82	5.304966991067708	2	1311.420332442192	19.695033008932292	19.95369771781419	4.438484494836295	3	1380.319183029277	29.438484494836295	22.336083531687354	5.347923949585194	3	1978.0929212449832	30.347923949585194	29.87824205753663	8.085855813333971	3	1686.3279470963591	33.08585581333397	28.27293335286604	0	0	1	3	0	0	0	0	0	0	0	0
83	4.668768721024001	3	1368.178353096	20.331231278976	19.958192164970882	11.867163295880834	3	1416.981685494943	13.132836704119166	22.2265210694544	6.8816568467639385	4	2067.095879942199	31.88165684676394	29.902092233598864	11.25896051440143	1	1724.6883489936552	13.74103948559857	28.099934616350954	0	1	0	2	1	0	0	0	0	0	0	0
84	8.601122638356301	2	1461.981487128078	33.6011226383563	20.11869722936365	10.220186691180414	0	1458.2419976487308	14.779813308819586	22.138912742858693	3.9416926502805865	4	2147.8914385908993	28.941692650280586	29.89079341497159	2.789121729856948	2	1802.266313822839	27.789121729856948	28.096277994156907	1	0	2	0	1	0	0	0	0	0	0	0
85	4.667524809217671	2	1518.742980369012	20.33247519078233	20.121183019612705	11.97927256381134	4	1494.5915284080909	13.02072743618866	22.03288733231602	11.185263237192595	4	2186.4575787204035	13.814736762807405	29.703862523667354	3.5490427221053125	2	1881.965724755383	28.549042722105312	28.10154270029584	0	0	2	0	2	0	0	0	0	0	0	0
86	11.184638793378866	2	1557.310863737496	13.815361206621134	20.04870230911855	6.576148364828661	4	1546.0247808896108	18.42385163517134	21.991404163383322	5.545169840372537	2	2271.7295111914436	30.545169840372537	29.713532722709946	5.997031750519405	2	1935.015677785183	19.002968249480595	27.99696138476923	0	0	3	0	1	0	0	0	0	0	0	0
87	11.682542932	2	1594.488764718996	13.317457068	19.972210885924024	8.130572731411942	3	1593.1185986810858	16.86942726858806	21.93319988048792	11.031502690389615	1	2372.3174562021145	36.031502690389615	29.785327835979032	9.126072464745071	2	2030.284296749263	34.12607246474507	28.066610374314408	0	1	2	1	0	0	0	0	0	0	0	0
88	10.166101179204775	2	1635.900065593716	14.833898820795225	19.91447704249561	11.8051798822806	2	1629.9541381763859	13.1948201177194	21.835015838209625	7.247949213053133	4	2462.3429810885546	32.24794921305313	29.812997739092225	9.458493289454807	0	2126.480923848991	34.45849328945481	28.138429283473293	1	0	2	0	1	0	0	0	0	0	0	0
89	5.114173581135518	2	1719.968800174386	30.114173581135518	20.027807004036053	6.4807567302700875	3	1681.6536923043818	18.519243269729913	21.79817392078207	5.296917450710449	4	2546.9218756384544	30.29691745071045	29.81837462477687	10.944322847167044	2	2165.719689233983	14.055677152832956	27.98195425979951	0	0	2	1	1	0	0	0	0	0	0	0
90	11.56715228977672	0	37.500033191039996	13.43284771022328	19.955334923884262	10.181017899171344	0	98.21367496852001	35.181017899171344	21.94523814032481	6.956418157687647	0	89.21166735687801	31.956418157687647	29.841869608655006	4.537943066311637	3	2248.179780294103	29.537943066311637	27.999053037893052	3	0	0	1	0	0	0	0	0	0	0	0
91	13.628210717306267	0	145.33712144352	38.62821071730627	20.15830096511711	5.704598942241191	0	152.08000292143	19.29540105775881	21.9164355633404	6.336748141613853	0	176.69342258555002	31.336748141613853	29.858118288361084	11.33871492155415	2	2286.317534471431	13.66128507844585	27.843207733986016	3	0	1	0	0	0	0	0	0	0	0	0
92	11.609689998717018	1	182.718403530435	13.390310001282982	20.085526868731797	8.918271663896363	1	246.76851131647402	33.91827166389636	22.04548756442165	6.059507306622574	1	263.401213816538	31.059507306622574	29.871036449847765	3.3409323666560056	2	2365.4359706616788	28.340932366656006	27.848559611756663	0	3	1	0	0	0	0	0	0	0	0	0
93	10.635472595353308	1	222.819375868407	14.364527404646692	20.02466517230536	4.506574660765377	1	329.14103224444403	29.506574660765377	22.124860831404025	16.177230819515223	1	378.354316521018	41.17723081951522	29.99131511335487	5.00477724826866	2	2449.199307146429	30.00477724826866	27.871498097251468	0	3	1	0	0	0	0	0	0	0	0	0
94	10.288888350594863	2	263.887895889663	14.711111649405137	19.968733029959044	6.576942177706499	2	417.293329157208	31.5769421777065	22.224356424523	9.929956926939695	2	475.867112942058	34.929956926939695	30.043300816655762	11.277840944335043	2	2487.507001176827	13.722159055664957	27.722557686287402	0	0	4	0	0	0	0	0	0	0	0	0
95	11.309430523176955	2	302.107402345794	13.690569476823045	19.90333549294721	11.529979568983757	2	454.897136193795	13.470020431016243	22.133165424590633	10.37968891159403	2	516.682148063858	14.62031108840597	29.882644673653157	5.059981496042269	2	2571.424449519945	30.05998149604227	27.74690585097235	0	0	4	0	0	0	0	0	0	0	0	0
96	8.74689897201839	3	347.480642715576	16.25310102798161	19.865704209803237	8.191115716577677	3	547.555667569241	33.19111571657768	22.247164912136892	6.291812552465672	3	604.038458106158	31.29181255246567	29.89717217755844	4.110804232453727	2	2652.692111335545	29.110804232453727	27.760966659028856	0	0	1	3	0	0	0	0	0	0	0	0
97	10.114598795124776	3	389.035721079186	14.885401204875224	19.8148847913856	6.049385927439165	3	634.235203283342	31.049385927439165	22.336983493925693	4.1862049856	3	685.516613690958	29.1862049856	29.889917410293556	10.458874700043467	2	2693.286086131257	14.541125299956533	27.62607031863016	0	0	1	3	0	0	0	0	0	0	0	0
98	9.947948340744595	4	431.05603196127396	15.052051659255405	19.76677536580853	4.059488499540301	4	715.359608677892	29.0594884995403	22.404887584891497	4.773346378708059	4	768.633872331518	29.77334637870806	29.88873992512603	5.1337312685034036	2	2777.409419255829	30.133731268503404	27.651400227214737	0	0	1	0	3	0	0	0	0	0	0	0
99	10.80348438908323	4	531.007425880798	35.80348438908323	19.927142456041278	1.7442976612733148	4	790.0207729822799	26.744297661273315	22.448281685655317	4.427704846328368	4	850.786215027518	29.427704846328368	29.884129574338047	10.11948995991785	2	2818.950843117725	14.88051004008215	27.52369132534341	0	0	1	0	3	0	0	0	0	0	0	0
100	3.567085399247759	4	610.757205953698	28.56708539924776	20.012686445577977	12.882132182306385	4	823.8498206400079	12.117867817693615	22.34600036022995	6.583497124776109	2	938.956811167518	31.58349712477611	29.90095499562951	3.5122485596931377	1	2898.547537013535	28.512248559693138	27.53347902073301	0	1	1	0	2	0	0	0	0	0	0	0
101	9.820376644768004	3	653.133654487054	15.179623355231996	19.965303474103994	2.3272112664463336	1	900.1382854255039	27.327211266446334	22.39483576127129	5.662148570244295	1	1024.55530925945	30.662148570244295	29.90841767773358	2.2477394200250735	2	2962.064264465965	22.752260579974926	27.486604330137343	0	2	1	1	0	0	0	0	0	0	0	0
102	11.747650087497796	4	755.7208443146519	36.747650087497796	20.128238878117525	2.6283053609861575	3	977.2673045582569	27.628305360986158	22.44564614573454	4.796259029190686	2	1080.957419469626	20.203740970809314	29.81419751553043	13.518738304321204	0	107.53147776623001	38.518738304321204	27.593712426974083	1	0	1	1	1	0	0	0	0	0	0	0
103	1.8191177505745593	4	820.4341405942979	23.18088224942544	20.157591218226255	10.927206023656716	2	1016.5538544088819	14.072793976343284	22.365137951798086	11.089153800026267	3	1181.706307161366	36.08915380002627	29.874533633650586	8.298885549184249	0	200.49086659103602	33.29888554918425	27.648569860841487	1	0	1	1	1	0	0	0	0	0	0	0
104	10.732394486913435	0	920.1870752035979	35.732394486913435	20.30592267792804	4.63027140796525	3	1099.271695422785	29.63027140796525	22.434329698999676	10.783423383957016	1	1221.3942502144862	14.216576616042984	29.725410233482894	4.4802227911519985	1	282.789821883002	29.480222791152	27.66601417446349	1	2	0	1	0	0	0	0	0	0	0	0
105	9.36385756163558	4	963.8379728440319	15.63614243836442	20.26186814736612	2.588263786425074	4	1176.288931826555	27.588263786425074	22.48295171869237	5.458436433343994	2	1306.4240519242383	30.458436433343994	29.732325574991016	0.2492632469965379	1	353.277348447534	25.249263246996538	27.64321463741192	0	1	1	0	2	0	0	0	0	0	0	0
106	9.509858470003582	4	1007.0812846152719	15.490141529996418	20.21727257150285	6.431896513140302	3	1264.036309592405	31.431896513140302	22.566586716771322	4.858585229736121	2	1389.7792690239182	29.85858522973612	29.733505571764336	9.88967729125445	2	450.67769755228596	34.88967729125445	27.710938587447828	0	0	2	1	1	0	0	0	0	0	0	0
107	7.935892420112481	0	1054.718584942458	17.06410757988752	20.188076599358265	3.086815978960235	4	1342.4453375336689	28.086815978960235	22.61769995068048	6.023064769050748	0	1476.3853248375183	31.023064769050748	29.745445934702175	1.2301457149258503	2	523.903521006454	26.23014571492585	27.697227542331888	2	0	1	0	1	0	0	0	0	0	0	0
108	11.54605194211045	1	1092.277523270733	13.45394805788955	20.126295603564976	1.7461652659620341	4	1417.1117155678128	26.746165265962034	22.655575779261046	10.843887107357613	2	1515.9044733294784	14.156112892642387	29.60242453064658	6.321438142930152	3	611.342535822134	31.321438142930152	27.730477180869485	0	1	1	1	1	0	0	0	0	0	0	0
109	9.769056424536599	0	1134.797240752235	15.230943575463401	20.081792403309507	10.276220974623998	3	1458.2155986803207	14.723779025376002	22.58346853604391	12.986858870189849	4	1621.9511210087585	37.98685887018985	29.678646661006063	7.455141226673675	3	701.946471746598	32.455141226673675	27.773428672194978	1	0	0	2	1	0	0	0	0	0	0	0
110	4.856756962283583	4	1218.14735393861	29.856756962283583	20.169855147084046	7.34607473732585	4	1507.4994733719527	17.65392526267415	22.539058236283818	2.0716451977194055	1	1697.5261305190586	27.071645197719405	29.655160161336816	10.356539438410493	4	800.650144345494	35.35653943841049	27.841744985404127	0	1	0	0	3	0	0	0	0	0	0	0
111	9.340996311104476	4	1261.86207257011	15.659003688895524	20.129579687635935	12.967343639158685	4	1613.4916410312708	37.967343639158685	22.676810784523774	21.294978759101127	4	1826.7662795548827	46.29497875910113	29.803729970245424	4.967555095097314	4	884.309568985974	29.967555095097314	27.860725432812103	0	0	0	0	4	0	0	0	0	0	0	0
112	9.821884554364178	4	1304.23431152251	15.178115445635822	20.085761420007618	5.791358485086562	4	1699.4508501354708	30.791358485086562	22.74862094116592	5.04558516669325	1	1910.6435381452347	30.04558516669325	29.805870281718416	7.027203414681779	3	973.718845185294	32.02720341468178	27.89759691937732	0	1	0	1	2	0	0	0	0	0	0	0
113	9.81242178993731	4	1346.632967358935	15.18757821006269	20.042794900622138	11.353661772502447	4	1737.5468776872349	13.646338227497553	22.668776355958304	9.2281009176492	2	2006.1969865403387	34.2281009176492	29.844661778524824	3.7081920060857314	2	1053.86254786895	28.70819200608573	27.904707402594067	0	0	2	0	2	0	0	0	0	0	0	0
114	9.938624922056718	1	1444.16996193301	34.93862492205672	20.172323857330262	4.110891070046101	4	1818.8147819244468	29.1108910700461	22.724794744776457	4.552526107702317	2	2088.697788591008	29.552526107702317	29.84212146834376	11.52301699484179	0	1155.82263697955	36.52301699484179	27.97964922513535	1	1	1	0	1	0	0	0	0	0	0	0
115	9.55429354028657	1	1487.28922579971	15.44570645971343	20.13157715562667	6.419321473910443	4	1906.5270543724469	31.419321473910443	22.79974756140692	5.145678438895992	4	2172.854474232926	30.14567843889599	29.844738338779553	4.192102348597722	0	1237.317256036052	29.19210234859772	27.990101407234164	1	1	0	0	2	0	0	0	0	0	0	0
116	7.196341934659582	1	1536.9911045654521	17.803658065340418	20.11168041126525	7.537644512477616	4	1955.2761301084468	17.462355487522384	22.754128825732693	5.214963505396057	4	2257.20458068549	30.214963505396057	29.847902656442944	9.826221612714043	0	1334.540458038212	34.82622161271404	28.04852978505878	1	1	0	0	2	0	0	0	0	0	0	0
117	11.535631413568002	0	1574.579133535908	13.464368586431998	20.05534726020734	4.296697695522397	4	2037.0627445084467	29.296697695522397	22.809574324629214	5.6382129925566495	2	2342.736258623044	30.63821299255665	29.854600201664248	10.64301984663809	0	1434.04388844341	35.64301984663809	28.112889870326402	2	0	1	0	1	0	0	0	0	0	0	0
118	9.821721690455522	4	1616.951827150053	15.178278309544478	20.014363487512696	3.278578699462688	0	2116.0071100444466	28.278578699462688	22.8555323445858	5.210809884341852	2	2427.074769550165	30.210809884341852	29.85759356034221	5.32109913009862	0	1518.690290181602	30.32109913009862	28.13144625066062	2	0	1	0	1	0	0	0	0	0	0	0
119	9.815294316528956	4	1659.3424638497431	15.184705683471044	19.97411633914568	5.022380502925365	4	2199.8195889484464	30.022380502925365	22.91525607923863	11.202359754945912	2	2465.593181900941	13.797640245054088	29.723760616048143	0.41693506832428895	0	1589.645900580674	25.41693506832429	28.10882532414115	1	0	1	0	2	0	0	0	0	0	0	0
120	4.036959590136117	0	81.06151218913	29.036959590136117	20.049015870145602	7.572715611701497	3	2290.7517533644464	32.5727156117015	22.99506979438295	4.907212760341736	0	83.490968955954	29.907212760341736	29.72527674947206	4.4484600334514575	0	1671.856184840726	29.448460033451457	28.119896685375117	3	0	0	1	0	0	0	0	0	0	0	0
