task	r0_energy	r0_config	r0_reward	r0_rate	r0_avgrate	r0_rollrate	r1_energy	r1_config	r1_reward	r1_rate	r1_avgrate	r1_rollrate	r2_energy	r2_config	r2_reward	r2_rate	r2_avgrate	r2_rollrate	r3_energy	r3_config	r3_reward	r3_rate	r3_avgrate	r3_rollrate	c0	c1	c2	c3	c4	c5	c6	c7	c8	c9	c10	c11	c12	c13	c14	c15	c16	c17	c18	c19
0	6.135178381142447	0	38.705960352644	13.864821618857553	13.864821618857553	13.864821618857553	4.37318201420179	0	43.62486687702	15.62681798579821	15.62681798579821	15.62681798579821	0.01825381060967146	0	55.884291887951996	20.01825381060967	20.01825381060967	20.01825381060967	4.249040328153789	0	43.971429083904	15.75095967184621	15.75095967184621	15.75095967184621	4	0	0	0	0	0	0	0	0	0	0	0	0	0	0	0	0	0	0	0
1	7.429232000752236	1	73.79935435054401	12.570767999247764	13.21779480905266	13.21779480905266	9.592891107355225	1	126.23835455172	29.592891107355225	22.609854546576717	22.609854546576717	5.098895913276298	1	97.483207463389	14.901104086723702	17.459678948666685	17.459678948666685	8.629666821623404	1	75.713609206872	11.370333178376596	13.560646425111404	13.560646425111404	0	4	0	0	0	0	0	0	0	0	0	0	0	0	0	0	0	0	0	0
2	8.847883150331224	2	104.93234722253601	11.152116849668776	12.529235489258033	12.529235489258033	6.59197856068776	2	163.6690810698	13.40802143931224	19.542576844155224	19.542576844155224	10.951156678232842	2	183.888519856789	30.95115667823284	21.9568381918554	21.9568381918554	8.70241556663797	2	107.25269908334099	11.29758443336203	12.806292427861612	12.806292427861612	0	0	4	0	0	0	0	0	0	0	0	0	0	0	0	0	0	0	0	0
3	7.854687578678092	3	138.838011065393	12.145312421321908	12.433254722274	12.433254722274	12.155032529676419	3	253.43521354848	32.15503252967642	22.695690765535524	22.695690765535524	6.577041772864593	3	221.360944907542	13.422958227135407	19.823368200675404	19.823368200675404	8.135616157582326	3	140.374103976757	11.864383842417674	12.570815281500627	12.570815281500627	0	0	0	4	0	0	0	0	0	0	0	0	0	0	0	0	0	0	0	0
4	0.5668867839590419	4	193.088785460174	19.433113216040958	13.833226421027394	13.833226421027394	9.016746153068294	4	334.44029655912897	29.016746153068294	23.95990184304208	23.95990184304208	5.483828065219107	4	261.885258225472	14.516171934780893	18.7619289474965	18.7619289474965	6.075566015739701	4	179.246482182817	13.924433984260299	12.841539022052562	12.841539022052562	0	0	0	0	4	0	0	0	0	0	0	0	0	0	0	0	0	0	0	0
5	1.261923693379103	5	245.399248482824	18.738076306620897	14.650701401959644	14.650701401959644	5.555606651010386	5	374.76422799172497	14.444393348989614	22.3739837607	22.3739837607	3.743039823522391	5	307.269272051472	16.25696017647761	18.344434152326684	18.344434152326684	7.196692688761551	5	214.989048426691	12.803307311238449	12.835167070250208	12.835167070250208	0	0	0	0	0	4	0	0	0	0	0	0	0	0	0	0	0	0	0	0
6	4.611942020967165	6	288.357577007624	15.388057979032835	14.756038055827243	14.756038055827243	1.5793518793982138	6	426.18853732840495	18.420648120601786	21.809221526400254	21.809221526400254	16.80591178400406	6	410.01910911515	36.80591178400406	20.981788099709167	20.981788099709167	5.855502145287163	6	254.475771604431	14.144497854712837	13.02221432517344	13.02221432517344	0	0	0	0	0	0	4	0	0	0	0	0	0	0	0	0	0	0	0	0
7	5.249303324813134	7	329.53660522585403	14.750696675186866	14.755370383247197	14.755370383247197	6.426876913648234	7	464.08017261113696	13.573123086351766	20.779709221394192	20.779709221394192	1.4744294089172563	7	461.736327015256	18.525570591082744	20.674760911130864	20.674760911130864	3.26689493444	7	301.189023245786	16.73310506556	13.48607566772176	13.48607566772176	0	0	0	0	0	0	0	4	0	0	0	0	0	0	0	0	0	0	0	0
8	4.307451602454925	8	373.34496950233404	15.692548397545075	14.859501273724739	14.859501273724739	5.004085788599763	8	505.94376645129597	14.995914211400237	20.137065331394865	20.137065331394865	1.3717363255878219	8	513.74022977299	18.628263674412178	20.447372329273232	20.447372329273232	6.053397001856716	8	340.123289948936	13.946602998143284	13.537245371101928	13.537245371101928	0	0	0	0	0	0	0	0	4	0	0	0	0	0	0	0	0	0	0	0
9	5.344537680492298	9	414.258135144293	14.655462319507702	14.839097378303034	14.839097378303034	20.5741860916351	9	619.213369290444	40.5741860916351	22.18077740741889	22.18077740741889	1.0461160136128917	9	566.653155901654	18.95388398638711	20.29802349498462	20.29802349498462	5.634080527441194	9	380.228148476496	14.365919472558806	13.620112781247617	13.620112781247617	0	0	0	0	0	0	0	0	0	4	0	0	0	0	0	0	0	0	0	0
10	15.422044688563574	10	513.144676566533	35.422044688563574	16.71027440650854	15.587221282919353	6.313515031694807	10	657.421473160296	13.686484968305193	21.4085690038631	15.818836461912213	8.93507943391642	10	597.542725815304	11.06492056608358	19.45865050144816	15.795570075184369	2.2878502449432823	10	429.674566542696	17.712149755056718	13.992116142502988	16.380346666448272	0	0	0	0	0	0	0	0	0	0	4	0	0	0	0	0	0	0	0	0
11	7.49012138077015	11	548.068087711883	12.50987861922985	16.360241424235316	16.23889112994523	6.968071851056719	11	693.802272576096	13.031928148943281	20.71051559928645	16.261753213715714	7.083465320508301	11	633.601385128885	12.916534679491699	18.913474182951788	16.138956896193598	8.640608415164179	11	461.386201383696	11.359391584835821	13.772722429364059	15.601585548121182	0	0	0	0	0	0	0	0	0	0	0	4	0	0	0	0	0	0	0	0
12	8.673741633665673	12	579.687225651233	11.326258366334327	15.97301195824293	15.339551084940286	15.056239477399401	12	791.667607783836	35.0562394773994	21.814032820679753	17.408583085424347	1.349279813484415	12	693.201457941529	21.349279813484415	19.100843846838913	16.001306597916432	2.1927115442569587	12	511.098214989312	17.80728845574304	14.083073662162443	16.413386946660218	0	0	0	0	0	0	0	0	0	0	0	0	4	0	0	0	0	0	0	0
13	3.2212878612663864	13	626.527797038531	16.778712138733614	16.03056197113512	16.984766103925217	3.793693023096832	13	836.910214761024	16.206306976903168	21.413480974695712	16.834181826109862	22.506113198164186	13	811.864357286404	42.506113198164186	20.772648800505007	19.833805284003297	2.504968177937439	13	573.924584486054	22.50496817793744	14.68463755614637	20.781109286902712	0	0	0	0	0	0	0	0	0	0	0	0	0	4	0	0	0	0	0	0
14	8.666181009705074	14	658.168041719771	11.333818990294926	15.717445772412443	20.622837717983035	5.8012429259295555	14	876.548411592804	14.198757074070445	20.932499381320692	20.906774266906496	21.572658931306975	14	927.921363469636	41.572658931306975	22.15931614255847	23.93141432340376	0.9208259668021483	14	632.3285569767099	20.92082596680215	15.100383450190089	22.517872972344033	0	0	0	0	0	0	0	0	0	0	0	0	0	0	4	0	0	0	0	0
15	5.790040518571104	15	697.83751193876	14.209959481428896	15.623227879225972	21.80394093913849	0.5649816328453738	15	930.8045045344439	19.435018367154626	20.838906817935314	21.96671393027964	1.2500890242943292	15	980.264864943481	18.74991097570567	21.946228319630173	22.163833813976847	3.7952869885545084	15	677.5667141336619	16.20471301144549	15.169404047768552	22.163674417431075	0	0	0	0	0	0	0	0	0	0	0	0	0	0	0	4	0	0	0	0
16	9.358484689232476	16	779.796615029534	29.358484689232476	16.43118416216753	20.84891156653791	0.7600356070915808	16	984.51607179798	19.23996439290842	20.744851381169024	20.52241118803501	0.06326630385193965	16	1036.274816708401	20.06326630385194	21.835465848113806	21.39535591939071	6.460992458982208	16	715.3631101856699	13.539007541017792	15.07349837090086	21.329380966085445	0	0	0	0	0	0	0	0	0	0	0	0	0	0	0	0	4	0	0	0
17	4.975664590615283	17	821.739551380733	15.024335409384717	16.35302589812404	18.674548613893215	14.396533821479153	17	1080.539728716276	34.39653382147915	21.50327818340848	20.022119399360918	1.0938568544368934	17	1089.054466323098	18.906143145563107	21.672725697972098	20.49173776577434	7.239863688026626	17	750.985157389929	12.760136311973374	14.944978256516	19.824249560256213	0	0	0	0	0	0	0	0	0	0	0	0	0	0	0	0	0	4	0	0
18	0.3525981931204818	18	876.588548091605	19.647401806879518	16.526414103848015	19.9139986433736	1.6931914648840554	18	1131.6462358768079	18.306808535115945	21.3350429387615	20.124208195740643	19.312435757512354	18	1198.80168281282	39.312435757512354	22.60113149057948	21.11960330256863	12.532303853491584	18	841.804505647593	32.532303853491584	15.870626972146296	22.44883724862695	0	0	0	0	0	0	0	0	0	0	0	0	0	0	0	0	0	0	4	0
19	19.120184538876416	19	985.7990632626351	39.120184538876416	17.656102625599434	24.354529072129395	8.245519244662447	19	1210.498310434824	28.245519244662447	21.68056675405655	25.82518024249386	20.420598772411928	19	1311.6425210524699	40.42059877241193	23.492104854671105	28.364806578796582	8.51356412523678	19	921.4048721638791	28.51356412523678	16.50277382980082	27.776509609172347	0	0	0	0	0	0	0	0	0	0	0	0	0	0	0	0	0	0	0	4
20	0.09038794029755337	2	1041.380063595971	19.909612059702447	17.763412598651957	27.87685650058628	6.854124588633791	14	1247.197212624888	13.145875411366209	21.274152880595103	27.915430410525556	12.79482763237278	19	1403.194748192844	32.79482763237278	23.93509165360928	29.230172993074895	1.8409080196933694	8	972.0990039422351	18.15909198030663	16.58164612268205	29.21540133759396	0	0	1	0	0	0	0	0	1	0	0	0	0	0	1	0	0	0	0	1
21	5.585868057785785	10	1112.807278590623	25.585868057785785	18.118978755885312	27.8427445676213	5.653381012883582	15	1287.248190630588	14.346618987116418	20.959264976346073	26.024176080983786	7.061459887179701	0	1439.3148393411338	12.938540112820299	23.435248401755235	23.40601163837817	4.661673921623404	3	1014.9184975777031	15.338326078376596	16.52513157521362	22.115292321749585	1	0	0	1	0	0	0	0	0	0	1	0	0	0	0	1	0	0	0	0
22	7.327337258466388	12	1148.1851287440709	12.672662741533612	17.882182407435238	19.340498718661753	5.74256458106985	5	1327.0501978417678	14.25743541893015	20.667881082545378	17.91488584803109	6.555719338735999	5	1476.8467895204958	13.444280661264001	23.000858499994745	17.268352708187244	8.787174231884894	12	1046.220969513691	11.212825768115106	16.294161757513685	17.075047743862136	0	0	0	0	0	2	0	0	0	0	0	0	2	0	0	0	0	0	0	0
23	3.944191971665667	17	1193.0075928231709	16.055808028334333	17.806083474972702	15.401145783458293	5.200322689537911	8	1368.3659636668078	14.799677310462089	20.423372592041908	15.065204316473842	5.409269426661968	16	1517.5792457043979	14.590730573338032	22.650436503050717	13.965690568029066	8.609828409700777	14	1078.018531869943	11.390171590299223	16.08982883387975	13.670045828347344	0	0	0	0	0	0	0	0	1	0	0	0	0	0	1	0	1	1	0	0
24	8.577358949994029	0	1224.895799087771	11.422641050005971	17.550745777974033	13.518455922065911	6.0190198341540295	17	1407.3961999631279	13.98098016584597	20.165676894994068	13.382721330812851	6.173264279512955	9	1556.1788829240909	13.826735720487045	22.29748847174817	13.498128628708193	8.75685548219224	10	1109.405643648823	11.24314451780776	15.89596146123687	13.196699538595954	1	0	0	0	0	0	0	0	0	1	1	0	0	0	0	0	0	1	0	0
25	8.187554129576124	14	1303.5860543661709	28.187554129576124	17.95985379149719	14.671026885427164	6.9505483806925366	1	1443.8259190670278	13.049451619307463	19.89197592285228	14.8546894705464	6.127510497030208	17	1594.906249453215	13.872489502969792	21.973450049872078	14.63635761800995	8.288676576347697	13	1188.3781990911268	28.288676576347697	16.372604350279595	15.985257544598511	0	1	0	0	0	0	0	0	0	0	0	0	0	1	1	0	0	1	0	0
26	3.491528309958209	12	1349.6722045008707	16.50847169004179	17.906098898850694	16.177031656268884	6.957595380950444	16	1480.2359652952077	13.042404619049556	19.63828809678551	16.342254959143922	5.5652766620895555	15	1635.2031854382149	14.434723337910444	21.694237949429052	16.643463187934366	5.459391130773614	15	1228.970732184384	14.540608869226386	16.304752665796144	16.699426058272405	0	0	0	0	0	0	0	0	0	0	0	0	1	0	0	2	1	0	0	0
27	3.515245528740298	1	1395.6921440664707	16.484754471259702	17.8553365978653	16.96522793334967	5.2583564421146285	11	1521.3897202276378	14.741643557885372	19.463407934681932	17.31507783735743	2.4185812381430445	12	1684.284646148399	17.581418761856956	21.547351549872907	16.254464300585514	8.14712038558185	3	1262.060021107968	11.85287961441815	16.1457571996755	16.134807100096587	0	1	0	1	0	0	0	0	0	0	0	1	1	0	0	0	0	0	0	0
28	3.5118765810388126	3	1441.7214886110708	16.488123418961187	17.808191315834126	16.396370491695727	4.961477300293733	15	1563.3722627643178	15.038522699706267	19.310825685200015	15.071355104031582	2.4836982012291315	4	1733.1843220033008	17.51630179877087	21.408349834317665	15.172138114904488	4.118095210394273	7	1306.397005312284	15.881904789605727	16.13665884070758	15.456088131960104	0	0	0	1	1	0	0	1	0	0	0	0	0	0	0	1	0	0	0	0
29	0.36618250240000094	14	1498.5770814302707	20.3661825024	17.893457688719653	16.04923404840906	6.972194280585073	1	1599.7415537310178	13.027805719414927	19.10139168634051	15.897953733427915	8.914819906654326	1	1764.1304497638907	11.085180093345674	21.064244176285268	15.357996295636514	0.12381917682148824	2	1362.5760005142438	20.12381917682149	16.269564185244707	15.896213857530123	0	2	1	0	0	0	0	0	0	0	0	0	0	0	1	0	0	0	0	0
30	6.360746603134325	14	1536.6533304965208	13.639253396865675	17.756225292208235	15.501997321030995	2.2763431175223907	7	1649.2200958612677	17.72365688247761	19.056948628151385	16.089075047836943	5.122055325213614	8	1805.6647119810027	14.877944674786386	20.86468612784982	15.928057173419461	1.5792504165253725	7	1414.0005931014439	18.420749583474628	16.338957262606964	16.266279861796296	0	0	0	0	0	0	0	2	1	0	0	0	0	0	1	0	0	0	0	0
31	3.5871944042985078	16	1582.4724127845207	16.412805595701492	17.7142434266924	16.15593024148936	7.993071249785071	18	1727.3674197669177	27.99307124978507	19.336202460077438	17.367046887507293	5.021300832102927	5	1847.4802471580488	14.978699167897073	20.680749035351294	16.828298554057003	1.8905281798579168	1	1464.556201932674	18.109471820142083	16.394285842529936	17.33646516412972	0	1	0	0	0	1	0	0	0	0	0	0	0	0	0	0	1	0	1	0
32	5.015975844137314	18	1624.3028135529707	14.984024155862686	17.63150950939453	17.726349570381423	6.919031984745075	11	1763.8851221428376	13.080968015254925	19.146649901143423	17.02206445422476	6.301848834299223	9	1885.7209191622967	13.698151165700777	20.4691551605134	17.027954231108275	0.28317199894626555	5	1521.180057096399	20.283171998946266	16.512130877572854	17.28390574275514	0	0	0	0	0	1	0	0	0	1	0	1	0	0	0	0	0	0	1	0
33	7.627238324231403	4	1658.8434398978247	12.372761675768597	17.476840455464355	17.03338744285336	7.170875900179105	1	1799.6997602548377	12.829124099820895	18.960840318751583	16.474224894487985	13.24181733776441	12	1978.5209925635556	33.24181733776441	20.844821695138428	18.15712606869428	5.072070829412542	16	1562.853859364289	14.927929170587458	16.465536709720343	16.850611860774514	0	1	0	0	1	0	0	0	0	0	0	0	1	0	0	0	1	0	0	0
34	6.88452711245027	5	1695.4574683755677	13.11547288754973	17.352229953523935	16.664289232739783	6.0791955830447755	18	1838.5620059188377	13.920804416955225	18.81683929298597	16.2454224924211	1.6671106584878785	12	2029.7003086419436	18.33288934151212	20.77305219932053	16.580309010986042	11.460491732831514	12	1650.6810654517772	31.460491732831514	16.89396399609495	18.4182613827437	0	0	0	0	0	1	0	0	0	0	0	0	2	0	0	0	0	0	1	0
35	8.33772030903594	14	1728.0146658461756	11.66227969096406	17.19417577956394	18.214674235270028	5.816620489552243	18	1878.1572737188378	14.183379510447757	18.688132076804354	17.604694986420178	1.5879571095056733	7	2081.1005950445738	18.412042890494327	20.707468607408696	18.20862310789275	8.649832773407045	10	1682.3669489593492	11.350167226592955	16.739969641386562	18.060727420569954	0	0	0	0	0	0	0	1	0	0	1	0	0	0	1	0	0	0	1	0
36	5.118053950386388	18	1769.5600985680137	14.881946049613612	17.131683084159874	16.224740291754877	7.4403099150597	18	1954.7614722317128	27.4403099150597	18.924677423784228	17.4759783662021	17.970518740394034	7	2187.1016265281737	37.970518740394034	21.17403752992181	19.961482951486527	8.745214143185674	12	1713.7865594762893	11.254785856814326	16.591721430992717	19.69488109547244	0	0	0	0	0	0	0	1	0	0	0	0	1	0	0	0	0	0	2	0
37	8.319621285176115	14	1848.6190413224638	28.319621285176115	17.42610251050241	20.69355428983884	0.7957775099701436	12	2012.8163511137127	20.795777509970144	18.97391689973649	19.627082867552705	14.141061499652302	17	2282.41208988137	34.1410614996523	21.515275002809457	21.874961048421525	7.546106148728363	12	1748.5536798110893	12.453893851271637	16.482831231526376	21.702012482503914	0	0	0	0	0	0	0	0	0	0	0	0	2	0	1	0	0	1	0	0
38	7.615932714860181	14	1883.1912291601457	12.38406728513982	17.296819556005932	21.099214921968464	0.48899711779104393	18	2067.2845674932128	19.511002882208956	18.9876883351845	21.91529848753006	6.82211144757218	15	2319.200362090231	13.17788855242782	21.301495863056083	21.744892737811483	7.177379263406804	7	1784.3501627007454	12.822620736593196	16.38897968037424	20.283123819964835	0	0	0	0	0	0	0	1	0	0	0	0	0	0	1	1	0	0	1	0
39	5.106139318829852	7	1924.7699235617456	14.893860681170148	17.23674558413504	17.975458014042445	1.911794604059697	18	2128.454994096213	21.911794604059697	19.06079099190638	19.041158888766983	7.424662833334082	12	2395.760879166622	27.424662833334082	21.45457503731303	18.95166304358278	12.894503620346747	19	1876.1806519742133	32.89450362034675	16.801617778873556	20.16153565462044	0	0	0	0	0	0	0	1	0	0	0	0	1	0	0	0	0	0	1	1
40	1.9196523159970198	14	1975.2442275129206	18.08034768400298	17.257321245107427	18.55546427305551	0.6480508325223902	18	2182.479185522088	19.35194916747761	19.06789241082275	19.245269804676106	12.478765081695997	19	2486.43076501969	32.478765081696	21.723457721322372	21.254739584331723	7.619094417246567	11	1910.7440133927332	12.380905582753433	16.6937955301877	20.54172985438617	0	0	0	0	0	0	0	0	0	0	0	1	0	0	1	0	0	0	1	1
41	1.9603876207656121	14	2025.6048120716166	18.039612379234388	17.275947224491404	21.02790223706683	0.4825517334244793	18	2236.965395266278	19.51744826657552	19.078596121674007	21.69738499006506	4.20812508359403	17	2530.5164158279904	15.79187491640597	21.582229559300554	21.787186413588643	8.58162934768382	12	1942.6202981304493	11.41837065231618	16.56819017595266	20.73784401841429	0	0	0	0	0	0	0	0	0	0	0	0	1	0	1	0	0	1	1	0
42	1.328370421528355	14	2085.146512831717	21.328370421528355	17.370189624422494	20.128214777233715	4.967386001385076	9	2278.931442679078	15.032613998614924	18.984503514161005	18.34202581506053	6.026842043188058	13	2569.5248151240903	13.973157956811942	21.40527440575431	17.93130684234143	8.652966831977313	10	1974.2974323911794	11.347033168022687	16.44676791995429	17.13081524239594	0	0	0	0	0	0	0	0	0	1	1	0	0	1	1	0	0	0	0	0
43	7.136285040170987	11	2121.0577170945726	12.863714959829013	17.267769745681736	15.169310230209243	6.834919577754031	3	2315.6839588578478	13.16508042224597	18.852243898435663	15.247727714158497	6.4116289230932555	8	2607.4590177137884	13.588371076906745	21.22761751191686	14.80260358392573	7.172147465466031	5	2010.1085207167534	12.82785253453397	16.364519843012918	14.133644010721577	0	0	0	1	0	1	0	0	1	0	0	1	0	0	0	0	0	0	0	0
44	7.425759808382088	10	2156.1608042961725	12.574240191617912	17.163469088924764	13.81188053824277	9.397238665399396	18	2397.7512501320875	29.397238665399396	19.086577115479304	15.609767339551093	13.926567737462932	17	2702.1706859808723	33.92656773746293	21.509816405817887	16.869587071144547	1.1894172635930715	14	2069.2623105776174	21.18941726359307	16.471739785692478	17.485267397642364	0	0	0	0	0	0	0	0	0	0	1	0	0	0	1	0	0	1	1	0
45	7.667239404897913	14	2233.3985143015125	27.667239404897913	17.391811921880702	18.854675542450963	5.638528485425676	18	2437.8436914436074	14.361471514574324	18.983857428503107	19.156119377106126	4.927471787380778	7	2744.248160574434	15.072528212619222	21.369875358139655	19.37700070238515	6.948174555522385	13	2105.6986566101173	13.051825444477615	16.397393821753024	19.365675204608312	0	0	0	0	0	0	0	1	0	0	0	0	0	1	1	0	0	0	1	0
46	8.577955988331347	11	2265.2850538340876	11.422044011668653	17.26479558336555	19.1490424980845	5.786275227529556	18	2477.5236731000873	14.213724772470444	18.8823652443322	19.287629721878147	7.4929341129131934	2	2779.163719509218	12.507065887086807	21.181304943861935	19.28091229142504	0.3068576514925354	17	2160.6753456663673	19.693142348507465	16.467516130832905	18.310502659735846	0	0	1	0	0	0	0	0	0	0	0	1	0	0	0	0	0	1	1	0
47	9.36849973740059	14	2347.2721156009975	29.36849973740059	17.516956086574613	17.85469585972961	0.6686487306603013	17	2531.4903620603272	19.3313512693397	18.89171911985319	17.668889260304276	10.05858545447737	18	2863.077270569634	30.05858545447737	21.366248287833088	17.90802386526222	1.5410955901014916	7	2212.2064538106674	18.45890440989851	16.50900338664677	18.317767154794637	0	0	0	0	0	0	0	1	0	0	0	0	0	0	1	0	0	1	1	0
48	5.534051862323583	0	2387.6562208186774	14.465948137676417	17.45469061822975	18.257109147300355	5.660044905289558	18	2571.5227366997274	14.339955094710442	18.79882597648293	18.385922112323637	5.130482337345434	2	2904.588007377878	14.869517662654566	21.23366194854373	18.730669477422232	0.9918692969253691	13	2270.8087555979173	20.99186929692537	16.600490446040215	19.40848392986772	1	0	1	0	0	0	0	0	0	0	0	0	0	1	0	0	0	0	1	0
49	11.141969884472836	14	2474.5942200794975	31.141969884472836	17.72843620355461	21.271974329606326	5.61642232985314	18	2611.6768910288874	14.38357767014686	18.71052101035621	20.741017861770267	0.5152726641483056	2	2958.9828711904643	19.484727335851694	21.198683256289886	19.752640621615377	16.548199913808958	15	2372.839147023967	36.54819991380896	16.99944463539559	21.474325486062302	0	0	1	0	0	0	0	0	0	0	0	0	0	0	1	1	0	0	1	0
50	9.134503367751634	14	2555.9280419811375	29.134503367751634	17.952084579323184	21.381917277389725	6.949142037640598	1	2648.1105361738073	13.050857962359402	18.59954722510137	20.84111263263582	6.105397631687762	5	2997.7719694686693	13.894602368312238	21.0554659839766	20.7839780556994	7.066792894686566	13	2408.9443501929672	12.933207105313434	16.91971448774692	20.6433032567597	0	1	0	0	0	1	0	0	0	0	0	0	0	1	1	0	0	0	0	0
51	11.250743192885974	14	2643.1697000612776	31.250743192885974	18.20782801419939	22.28142580978284	7.852163277631043	18	2725.8644919905273	27.852163277631043	18.77748214918848	22.96745520785341	8.064928475162985	11	3031.0907108088395	11.935071524837015	20.8800737828393	21.046765371889826	6.862855027176119	5	2445.618879908767	13.137144972823881	16.84697276630609	20.922122102157523	0	0	0	0	0	1	0	0	0	0	0	1	0	0	1	0	0	0	1	0
52	1.4487070653683567	9	2694.958726170458	18.551292934631643	18.214308484396224	20.82877866203552	6.869219490388058	2	2762.5212542465274	13.130780509611942	18.67094060881911	18.48703672161582	1.7103007578244807	2	3082.1494545265796	18.28969924217552	20.831198791506022	17.40255630905821	5.048265408489559	13	2515.545287507467	25.04826540848956	17.001714136913325	18.602297053671226	0	0	2	0	0	0	0	0	0	1	0	0	0	1	0	0	0	0	0	0
53	8.586192799430208	14	2774.7618477355336	28.586192799430208	18.406380416156114	20.07145609678302	1.6570754855259722	18	2813.7285851827673	18.342924514474028	18.66486623670161	20.61242783769908	2.1226346680797654	2	3132.0570994115237	17.877365331920235	20.77649817188406	19.275090051602504	5.160187144811939	16	2556.973098394867	14.839812855188061	16.961678927992487	17.973855009358207	0	0	1	0	0	0	0	0	0	0	0	0	0	0	1	0	1	0	1	0
54	8.2039799764068	14	2853.497958503003	28.2039799764068	18.584518589978853	19.600745854515186	5.612224917261614	18	2853.8944572887453	14.387775082738386	18.587100942993185	19.725808865506636	0.6620052107250096	2	3189.738530624798	20.66200521072501	20.774416481681172	19.936880093115974	8.505583998567165	13	2589.061676398867	11.494416001432835	16.862274147509584	19.773243642298063	0	0	1	0	0	0	0	0	0	0	0	0	0	1	1	0	0	0	1	0
55	8.738186273322032	14	2884.937188489979	11.261813726677968	18.453756003134195	19.070455090748304	6.844025802161669	12	2890.6215519243774	13.155974197838331	18.490116536829706	17.881225969683182	17.544392861378384	13	3294.5499606961457	37.544392861378384	21.073880345604334	18.777045975878004	8.598235827773136	13	2620.891601379667	11.401764172226864	16.764765040808108	18.082929941653287	0	0	0	0	0	0	0	0	0	0	0	0	1	2	1	0	0	0	0	0
56	6.337500191245731	14	2923.0783337894177	13.66249980875427	18.369698876917003	17.661443389336693	9.547921030826028	18	2973.1094981354336	29.54792103082603	18.68411310689982	19.132254206900488	4.604302955216005	2	3337.529614946168	15.395697044783995	20.97426309471275	17.851425913738204	8.620823654636535	13	2652.65846867714	11.379176345363465	16.670281028607324	17.550566040000714	0	0	1	0	0	0	0	0	0	0	0	0	0	1	1	0	0	0	1	0
57	8.522885126449193	14	2955.1186128114136	11.477114873550807	18.250861221686552	16.632077006283296	5.06950718105027	9	3014.7904572550015	14.93049281894973	18.619395515728264	16.97568468803499	5.062899810368	10	3379.2290196422236	14.937100189632	20.87017407910791	17.34321333433039	4.0402983525647755	4	2697.21263577623	15.959701647435224	16.658029659966427	17.623586079290074	0	0	0	0	1	0	0	0	0	1	1	0	0	0	1	0	0	0	0	0
58	8.911042265207403	14	2986.0752864877095	11.088957734792597	18.129473026993434	14.978042566631496	14.296249483413732	18	3110.5341537295317	34.29624948341373	18.88510490501107	17.267491097750185	3.167145734863997	11	3426.2207377990617	16.832854265136003	20.801744929718552	17.584526543388357	8.310153761986149	14	2729.8467898573517	11.689846238013851	16.573823161289265	15.798719064107141	0	0	0	0	0	0	0	0	0	0	0	1	0	0	2	0	0	0	1	0
59	0.6359676941755161	14	3043.6840296339496	20.635967694175516	18.171247938113133	16.32274612904629	4.985834122458389	18	3152.4487001376688	15.014165877541611	18.820589254553244	16.686245082264108	5.030176706684179	2	3468.011494492902	14.969823293315821	20.704546235778505	17.035515924240606	4.401972029067339	7	2773.3912846095386	15.59802797093266	16.557559908116655	17.102269439438903	0	0	1	0	0	0	0	1	0	0	0	0	0	0	1	0	0	0	1	0
60	2.8287933533558203	14	3107.4144110787347	22.82879335335582	18.247601141641702	17.891438755811286	0.24133271425910863	18	3207.6083129770286	19.75866728574089	18.835967582933367	18.271335319641853	6.732546981267346	2	3505.049800836864	13.267453018732654	20.582626674843326	18.489184848035855	5.997290862061734	2	2812.4821809529494	14.002709137938266	16.515677108605534	16.45983081348831	0	0	2	0	0	0	0	0	0	0	0	0	0	0	1	0	0	0	1	0
61	1.5896290490286589	14	3158.8100299835296	18.41037095097134	18.25022646114702	16.617582482071846	1.2613468990357042	3	3259.9203862172208	18.738653100964296	18.83439799451451	17.322463168366887	14.44776383612514	14	3601.2164748793803	34.44776383612514	20.806257919380133	18.70364278256185	6.9732681106401095	15	2887.7825544284865	26.97326811064011	16.684347931218994	19.899553005871702	0	0	0	1	0	0	0	0	0	0	0	0	0	0	2	1	0	0	0	0
62	2.467195132196533	14	3207.7557769061477	17.532804867803467	18.238838816808233	20.155851163320467	1.4430522115505724	12	3311.7251987933087	18.556947788449428	18.82999402298967	20.45174314507214	4.889959953488715	2	3643.398670009224	15.110040046511285	20.715841762667928	19.679867814387684	11.611908228729913	4	2976.0324649003574	31.611908228729913	16.921293332766783	20.86519190868659	0	0	1	0	1	0	0	0	0	0	0	0	1	0	1	0	0	0	0	0
63	2.0829535286089573	14	3257.774198305448	17.917046471391043	18.23381081141109	21.33015125395243	15.155036816657443	18	3409.8663432398107	35.15503681665744	19.08507281664073	23.445384021824346	6.59781390212537	2	3680.813106199124	13.40218609787463	20.601565892905533	22.94456553651467	18.152803775392	4	3082.5423754399935	38.152803775392	17.253035683432802	24.885980603957442	0	0	1	0	1	0	0	0	0	0	0	0	0	0	1	0	0	0	1	0
64	7.826064785582091	14	3291.759767445698	12.17393521441791	18.140581956072733	22.658597741786718	4.445869026080004	18	3453.2882922086706	15.554130973919996	19.030750634445024	21.516684028114707	5.068611680657668	8	3722.496565257288	14.931388319342332	20.51433239177379	21.256542373268594	2.1561742166573126	13	3132.3563890851583	17.843825783342687	17.262124761892956	21.18523017275792	0	0	0	0	0	0	0	0	1	0	0	0	0	1	1	0	0	0	1	0
65	7.673449089044535	14	3326.171388738782	12.326550910955465	18.05249057660126	20.906881259202343	5.2983648221492565	18	3494.3303570801704	14.701635177850743	18.965157976011774	19.215853954114422	0.567931095421013	17	3776.744424282571	19.432068904578987	20.49793446014963	19.367356197433217	0.9063939487265671	13	3185.6593726449632	19.093606051273433	17.28987447839872	17.761213120894816	0	0	0	0	0	0	0	0	0	0	0	0	0	1	1	0	0	1	1	0
66	5.3103709376573125	14	3367.179936537822	14.689629062342688	18.00229861370188	17.889957417341627	5.647206135551762	18	3534.3985732850883	14.352793864448238	18.896316720615303	15.509956426247248	6.582411157054684	6	3814.2018598024597	13.417588842945316	20.39225765989285	15.634321789099989	7.24096035843594	13	3221.2783583109963	12.75903964156406	17.222250077848948	15.354812655864396	0	0	0	0	0	0	1	0	0	0	0	0	0	1	1	0	0	0	1	0
67	3.4589828248224457	12	3413.356942818526	16.541017175177554	17.980809180782405	15.515775541447919	8.594129466405363	18	3614.2238513788034	28.594129466405363	19.038931613935745	16.59080590975418	4.92113481142364	7	3856.297025120569	15.07886518857636	20.314119535314667	16.866037337516275	8.049936795791767	13	3254.6389514227444	11.950063204208233	17.144717917942465	16.590880140152024	0	0	0	0	0	0	0	1	0	0	0	0	1	1	0	0	0	0	1	0
68	5.400942160147107	15	3454.1126459547822	14.599057839852893	17.931798291783426	16.107579033679414	6.884676290272958	2	3650.8374634017914	13.115323709727042	18.953082224019678	15.509750799524776	1.5643524835140319	7	3907.763207770759	18.435647516485968	20.286895303157728	15.884352644939103	8.301197766174568	13	3287.2981076588403	11.698802233825432	17.065791603679898	15.61895348187682	0	0	1	0	0	0	0	1	0	0	0	0	0	1	0	1	0	0	0	0
69	8.43136617114364	14	3533.483543182558	28.43136617114364	18.08179211863143	17.120331214696655	5.527735028583168	18	3691.2392031136633	14.472264971416832	18.88907054898249	17.29165374768193	10.444643831568229	7	3992.754505133887	30.44464383156823	20.432005996420738	18.682016413320998	8.339506905389852	13	3319.8503175479605	11.660493094610148	16.98857305355033	16.98865277614148	0	0	0	0	0	0	0	1	0	0	0	0	0	1	1	0	0	0	1	0
70	8.776960074339344	14	3564.814529641694	11.223039925660656	17.985189975068465	16.603070249849907	5.5578712745360015	18	3731.5568124722504	14.442128725463999	18.826437565552656	16.852276801975485	0.5367630244555173	7	4050.0863019104922	20.536763024455517	20.433481447519817	17.446047320435746	6.996502281934326	15	3356.1517486775606	13.003497718065674	16.932445231923786	17.434864721269612	0	0	0	0	0	0	0	1	0	0	0	0	0	0	1	1	0	0	1	0
71	4.623031522074749	14	3607.741899975902	15.376968477925251	17.948964676497027	17.12899681741354	11.549894874527876	18	3819.6336023303074	31.549894874527876	19.003152250399534	19.11410608148378	1.3897693138340337	7	4109.799407911612	21.389769313834034	20.446763223440847	18.40994639575282	2.9250595419930754	15	3403.819290789497	17.074940458006925	16.934424332286053	18.670213944411827	0	0	0	0	0	0	0	1	0	0	0	0	0	0	1	1	0	0	1	0
72	10.210085915999517	14	3692.078389824734	30.210085915999517	18.116925241421722	18.646758152854957	5.832632809279286	2	3859.1841690710694	14.167367190720714	18.93690861944503	18.897445562466014	6.579290884112718	7	4147.265554193465	13.420709115887282	20.35051590689902	19.11721248148868	7.012498173462925	15	3440.076066721913	12.987501826537075	16.88035690070045	18.97174979159599	0	0	1	0	0	0	0	1	0	0	0	0	0	0	1	1	0	0	0	0
73	11.32133543948228	14	3779.517117926622	31.32133543948228	18.295363217071188	20.050207033098665	5.4418582793385095	18	3899.825648041249	14.55814172066149	18.877736093785792	20.205671433358248	14.820414009108049	7	4244.472543302225	34.82041400910805	20.546055070442385	22.150015986476525	6.942500638207999	15	3476.5282524402487	13.057499361792	16.828696663688174	20.300776435202934	0	0	0	0	0	0	0	1	0	0	0	0	0	0	1	1	0	0	1	0
74	9.622177331078568	19	3862.212362975883	29.622177331078568	18.44638740525795	21.12401723692739	5.71154657338508	18	3939.714247190549	14.28845342661492	18.816545658223514	20.845368533788193	31.514384282583634	7	4388.283532757771	51.514384282583634	20.95896612660427	22.975798370446604	5.491068398301614	15	3517.032353161657	14.508931601698386	16.79776646286164	23.009954811544368	0	0	0	0	0	0	0	1	0	0	0	0	0	0	0	1	0	0	1	1
75	7.459850795332773	14	3897.220279505579	12.540149204667227	18.368673744723864	22.921898820422363	7.090728174255634	15	4015.342530010346	27.090728174255634	18.925416480802888	24.33222145519422	6.4328616456567165	16	4426.158460663646	13.567138354343284	20.861705234863994	22.55680174668032	3.9000138654796395	15	3561.978147787193	16.09998613452036	16.788585142751888	22.710986188066205	0	0	0	0	0	0	0	0	0	0	0	0	0	0	1	2	1	0	0	0
76	8.802272633218506	14	3928.480601737844	11.197727366781494	18.27554457098435	20.34871752383355	5.4545413289062665	18	4055.9486021338157	14.545458671093733	18.868533911845624	20.497513454763723	6.560245168146391	15	4463.677776235904	13.439754831853609	20.765316268591132	18.879271204841228	5.625803660213494	15	3602.106112569097	14.374196339786506	16.75722944401208	18.887845496158384	0	0	0	0	0	0	0	0	0	0	0	0	0	0	1	2	0	0	1	0
77	8.856621901745314	14	3959.589198928805	11.143378098254686	18.18410653928269	14.85074487772549	4.409195217229376	18	4099.472932152384	15.590804782770624	18.82651174352415	14.958932195832713	4.983430890134445	17	4505.5990316676125	15.016569109865555	20.691614381940806	15.20657418635255	6.7555720446567165	15	3639.0801406110972	13.244427955343284	16.712193527490683	13.821944164461314	0	0	0	0	0	0	0	0	0	0	0	0	0	0	1	1	0	1	1	0
78	8.39725111184358	14	3991.980206241575	11.60274888815642	18.100798214584888	13.625505217842626	4.4991748180788065	18	4167.866461852854	24.499174818078806	18.898317605227373	14.465424086198473	2.625780425879398	0	4554.102061312033	17.374219574120602	20.649622042601308	15.083073306932386	10.639906708686322	15	3724.6165468395134	30.639906708686322	16.888493694341264	16.692518110691644	1	0	0	0	0	0	0	0	0	0	0	0	0	0	1	1	0	0	1	0
79	7.274565704128953	14	4027.505376984215	12.725434295871047	18.033606165600965	16.621086057093386	5.559623102591049	18	4208.179180691453	14.440376897408951	18.84259334637964	16.627704112855632	16.07423478876955	17	4654.809300097348	36.07423478876955	20.84242970192841	19.120789781907117	1.0926266322531362	15	3777.399630824473	18.907373367746864	16.913729690258833	19.45244664040474	0	0	0	0	0	0	0	0	0	0	0	0	0	0	1	1	0	1	1	0
80	7.6770129013308654	14	4061.9070493013332	12.322987098669135	17.963104695638844	19.183088439285097	2.8823761341554643	14	4255.965880650269	17.117623865844536	18.821297426866863	19.570408030335223	5.262418201254565	2	4695.951715952178	14.737581798745435	20.76706120929652	19.883891321394124	1.4929294589635802	15	3829.0652027515334	18.50707054103642	16.93340056495979	19.284680893689885	0	0	1	0	0	0	0	0	0	0	0	0	0	0	2	1	0	0	0	0
81	2.1079049020443	14	4111.855814783126	17.8920950979557	17.96223872493539	19.336468446073393	9.539619763264	18	4338.430652489381	29.539619763264	18.952008674871706	19.226439751531164	7.435024029531702	2	4731.028940536402	12.564975970468298	20.667035779554713	19.21039391899089	0.6241878299510475	15	3883.1560117262534	19.375812170048953	16.963186072338928	19.70393744625489	0	0	1	0	0	0	0	0	0	0	0	0	0	0	1	1	0	0	1	0
82	15.366930996010993	14	4210.58849714699	35.36693099601099	18.17193381253871	19.633207066979036	2.1592601033719454	18	4400.291920277961	22.159260103371945	18.99065025834761	19.95839574054154	1.0290966084140862	0	4783.989379171246	18.970903391585914	20.646600449579186	20.62318736983322	2.1178952761767142	15	3933.0768874135933	17.882104723823286	16.974257381392956	20.699635455631093	1	0	0	0	0	0	0	0	0	0	0	0	0	0	1	1	0	0	1	0
83	19.25300461913504	14	4320.169801708743	39.25300461913504	18.422898941188667	23.151177737670054	3.153227886628539	18	4464.928014794799	23.15322788662854	19.04020475392238	23.615793472229267	2.477490856922266	0	4832.906383862338	17.522509143077734	20.60940888640655	23.578834876741475	1.8422814639988054	7	3983.7671849932635	18.157718536001195	16.9883462046621	22.440644754015192	1	0	0	0	0	0	0	1	0	0	0	0	0	0	1	0	0	0	1	0
84	18.99741129867391	14	4429.037574917541	38.99741129867391	18.66495202774732	25.08388828683575	18.107762114498385	18	4571.312184031107	38.107762114498385	19.264528958164455	26.957083281280696	1.6550636321174963	0	4893.360103168666	21.655063632117496	20.621710706944324	25.585896544891348	5.252418264241191	15	4024.9375173389235	14.747581735758809	16.961984269733826	24.844728708130035	1	0	0	0	0	0	0	0	0	0	0	0	0	0	1	1	0	0	1	0
85	7.305403575919282	14	4464.476656601433	12.694596424080718	18.5955292881698	24.217098011379512	0.9692307841652479	18	4624.439748091979	19.030769215834752	19.261810821625737	24.331964460580657	0.08822456709110327	0	4948.94714291887	19.911775432908897	20.61345564561833	22.39784154195804	7.025943376640001	15	4061.1567587458035	12.97405662336	16.915613018031802	21.379924415631187	1	0	0	0	0	0	0	0	0	0	0	0	0	0	1	1	0	0	1	0
86	3.3875804585037628	14	4510.85299448811	16.612419541496237	18.572734923265507	21.288915455473038	15.038527190173134	18	4722.255636497879	35.038527190173134	19.443152389080304	22.976996320890233	27.679041519604546	19	5082.051133827766	47.679041519604546	20.924554333825068	23.845159342983298	15.21069432270329	10	4159.453280396683	35.21069432270329	17.125901308890096	23.555452563803787	0	0	0	0	0	0	0	0	0	0	1	0	0	0	1	0	0	0	1	1
87	6.064048195276415	7	4549.75752660963	13.935951804723585	18.52004420600935	22.783541381064396	14.416994713526933	18	4818.336413406475	34.41699471352693	19.613309688221744	24.750482678841205	2.5590554938805994	0	5145.0284970815155	22.5590554938806	20.94312821064388	25.736928585821193	5.641673985812535	15	4199.536940519623	14.358326014187465	17.09445158963211	25.269684265656466	1	0	0	0	0	0	0	1	0	0	0	0	0	0	0	1	0	0	1	0
88	12.87396528545434	14	4641.53067969819	32.87396528545434	18.68132421813794	26.56590325091101	5.419945859546269	15	4859.039064548575	14.580054140453731	19.556756255100755	26.726503002620387	4.948776599051705	0	5214.6771650872015	24.948776599051705	20.98813549590689	27.560138708375934	5.344376560797615	15	4240.450555954063	14.655623439202385	17.067049026144137	25.52184833327886	1	0	0	0	0	0	0	0	0	0	0	0	0	0	1	2	0	0	0	0
89	6.815043198538506	14	4678.33868410227	13.184956801461494	18.62025346906376	22.072439861464552	5.299035484291819	18	4900.079257154927	14.700964515708181	19.502803013551947	20.021466880765043	0.09298642052537431	0	5270.250911329901	19.907013579474626	20.97612303016875	20.618573058240145	5.275425238829849	15	4281.556660495663	14.724574761170151	17.041021534311092	18.649331063004468	1	0	0	0	0	0	0	0	0	0	0	0	0	0	1	1	0	0	1	0
90	5.422842940847758	14	4719.03324755907	14.577157059152242	18.575823838185613	17.851141219531634	4.421897249491103	18	4943.568127333431	15.578102750508897	19.459674439232792	17.973118893163775	6.758023100293732	0	5307.218096841581	13.241976899706268	20.891132413350483	16.009920054588967	15.792984562598207	15	4381.478742399583	35.79298456259821	17.247087062094465	18.131213096803414	1	0	0	0	0	0	0	0	0	0	0	0	0	0	1	1	0	0	1	0
91	14.754573047808961	14	4816.05643065087	34.75457304780896	18.75167980785543	19.111792741679142	11.407666896843466	18	5031.2478640871195	31.407666896843466	19.58954392246769	20.786997087443247	4.052906220660297	0	5351.737066975571	15.947093779339703	20.8373928629808	21.06321078523107	20.3006026936702	15	4493.984591586079	40.3006026936702	17.49766875374203	23.623174603027273	1	0	0	0	0	0	0	0	0	0	0	0	0	0	1	1	0	0	1	0
92	13.489862494458507	14	4909.548963447901	33.48986249445851	18.910154890507076	24.98145949452566	5.544738287113551	18	5071.602136368928	14.455261712886449	19.534336586880794	24.954528189697292	5.373266019744477	0	5392.570032670451	14.626733980255523	20.770611584671926	24.959485881807616	7.6049164914932526	15	4528.587533047326	12.395083508506747	17.442802245728746	24.641183957607403	1	0	0	0	0	0	0	0	0	0	0	0	0	0	1	1	0	0	1	0
93	5.4537258995797036	5	4950.157311978241	14.546274100420296	18.86373062678275	24.77161367767881	14.120375902098857	18	5166.854852428954	34.12037590209886	19.689507217893755	24.604352811628875	1.3858096267355222	0	5444.534647462481	18.614190373264478	20.74767093348674	22.990314544174424	7.624914461506869	15	4563.134646842286	12.375085538493131	17.388890365864537	21.08705640833939	1	0	0	0	0	1	0	0	0	0	0	0	0	0	0	1	0	0	1	0
94	8.690285766638803	14	4981.730264213041	11.309714233361197	18.78421466474673	20.62331845374154	5.4746255949776685	3	5207.404855976308	14.525374405022331	19.635147925126688	18.045795624876753	4.608629092511045	0	5487.502224579222	15.391370907488955	20.691288827949922	16.235946466179794	8.696051343722985	13	4594.691503507726	11.303948656277015	17.32483834786888	15.92081516051885	1	0	0	1	0	0	0	0	0	0	0	0	0	1	1	0	0	0	0	0
95	3.5492865764895534	14	5027.655172520341	16.450713423510447	18.75990736015052	16.103213104844343	6.990559194973013	3	5243.722878223674	13.009440805026987	19.56613014262565	16.16464883449637	4.158240758218508	0	5531.727135795862	15.841759241781492	20.64077289476067	16.294197348632487	2.2079243286208943	15	4644.361048090326	17.792075671379106	17.329705403322112	14.661367325560516	1	0	0	1	0	0	0	0	0	0	0	0	0	0	1	1	0	0	0	0
96	7.715665924292537	14	5061.948938481691	12.284334075707463	18.693148872682034	14.028381695804814	4.479698102978626	18	5287.050387686192	15.520301897021374	19.524420573083336	14.342903331657638	3.124547038895763	0	5578.837775312278	16.875452961104237	20.601955163485858	14.89947720443194	0.4930520582304503	15	4698.817944427767	19.50694794176955	17.352151202687548	15.39763455810666	1	0	0	0	0	0	0	0	0	0	0	0	0	0	1	1	0	0	1	0
97	8.697490449676419	14	5093.50177764301	11.302509550323581	18.617734185719193	14.988748422390122	15.960659847238091	18	5387.440563093065	35.96065984723809	19.69213730037063	17.45441954148623	6.543279291988062	0	5616.404453955478	13.456720708011938	20.52904460781776	17.15502026993638	14.977319601351638	17	4796.462961648207	34.97731960135164	17.531999859816775	19.351808149568846	1	0	0	0	0	0	0	0	0	0	0	0	0	0	1	0	0	1	1	0
98	7.199570585886569	14	5129.236309757411	12.800429414113431	18.558973531460552	19.04767516680204	3.984495075573612	6	5432.150514340422	16.015504924426388	19.654999599603514	18.87001809210677	1.281450358508895	0	5668.660405037974	18.718549641491105	20.510756779875067	19.513439648685136	17.916805294297312	15	4902.314043094787	37.91680529429731	17.737906985417588	21.75308998841273	1	0	0	0	0	0	1	0	0	0	0	0	0	0	1	1	0	0	0	0
99	8.66979182208191	14	5160.866474254099	11.33020817791809	18.486685877925126	21.198565510094113	5.502758977116656	18	5472.621978862638	14.497241022883344	19.603422013836315	20.69759481820549	14.318526763981858	18	5764.46629225409	34.31852676398186	20.648834479716133	22.99919653957132	6.924890984648359	15	4938.815389095977	13.075109015351641	17.69127900571693	20.710641456382675	0	0	0	0	0	0	0	0	0	0	0	0	0	0	1	1	0	0	2	0
100	10.132323429201186	14	5244.985877160619	30.132323429201186	18.601989220016968	22.3782017285016	17.064361886850875	18	5576.09332246343	37.064361886850875	19.77630260663844	22.586905957051528	1.4333768753671592	0	5816.29811514369	18.56662312463284	20.628218525705407	23.163525328103464	7.086020495904476	15	4974.866915211576	12.913979504095524	17.64397901065137	22.853372786070373	1	0	0	0	0	0	0	0	0	0	0	0	0	0	1	1	0	0	1	0
101	10.350622592891703	14	5329.714698565775	30.350622592891703	18.717171900143192	24.016580081210435	6.806297037307823	3	5612.925743234279	13.193702962692177	19.711767316011514	21.54426984804992	8.861089316308059	0	5847.3942408023295	11.138910683691941	20.535186095881745	21.52514009862731	6.844583643104002	15	5011.592452541245	13.155416356895998	17.599973494438082	21.390957632028574	1	0	0	1	0	0	0	0	0	0	0	0	0	0	1	1	0	0	0	0
102	15.177344788218512	14	5427.918119432885	35.17734478821851	18.876979403910916	21.476839434452238	0.6868796196692522	18	5666.84153762937	19.313120380330748	19.70789695741267	22.100640570950148	6.92033916942424	0	5883.908293954353	13.07966083057576	20.462802355441884	20.395374311087608	6.891232685289076	15	5048.187761294813	13.108767314710924	17.556369550945586	17.999814853873612	1	0	0	0	0	0	0	0	0	0	0	0	0	0	1	1	0	0	1	0
103	1.0821011915904428	14	5480.730586939695	18.917898808409557	18.8773728597234	18.034942422251284	0.15146380699964013	18	5722.2520345014955	19.84853619300036	19.70924925775486	18.728398091141763	8.45488146894567	0	5916.1384165202135	11.54511853105433	20.377055395592002	16.847847684958033	6.980670507199999	15	5084.533389462213	13.0193294928	17.51274416577111	16.830410337968814	1	0	0	0	0	0	0	0	0	0	0	0	0	0	1	1	0	0	1	0
104	1.6906548668644739	14	5531.844175436365	18.309345133135526	18.871963071851138	17.547453782913173	16.6809097231231	18	5824.652907478548	36.6809097231231	19.870884119329794	19.900003119535885	5.068363098304957	0	5957.822569537446	14.931636901695043	20.3251942670787	17.875432330883534	2.6415512707648965	15	5132.9923921646605	17.358448729235104	17.511274685423146	17.67996516577397	1	0	0	0	0	0	0	0	0	0	0	0	0	0	1	1	0	0	1	0
105	4.901824348497193	14	5601.361768409253	24.901824348497193	18.92884855559308	18.862181517566114	0.5955178965164194	12	5878.823753350773	19.40448210348358	19.866484100312377	19.49175299644338	0.09727719851558092	0	6013.927468383302	20.09727719851558	20.32304410605452	19.609690835453982	6.869397090320717	15	5169.648658620848	13.130602909679283	17.469947593199148	18.937897507121875	1	0	0	0	0	0	0	0	0	0	0	0	1	0	1	1	0	0	0	0
106	19.033038932130154	14	5710.329002094783	39.033038932130154	19.116738185280344	21.686689547229456	6.360908171245374	12	5916.899551372712	13.639091828754626	19.808284172540812	21.74866578082492	5.993116081246807	0	6086.491584110116	25.993116081246807	20.376035432925473	22.517042875636044	4.512012370791162	15	5212.8859574190565	15.487987629208838	17.45142460288148	20.397750666244622	1	0	0	0	0	0	0	0	0	0	0	0	1	0	1	1	0	0	0	0
107	13.00143683015881	14	5802.458013245643	33.00143683015881	19.24530020976996	22.204730659090995	6.6487848535129555	12	5954.171693656655	13.351215146487045	19.748496496373647	21.804007300816192	0.4854064507445983	0	6143.680010451778	20.4854064507446	20.37704812753491	21.36236551104093	1.2714296446005982	15	5265.169882994546	18.728570355399402	17.463250026515908	21.294774336232514	1	0	0	0	0	0	0	0	0	0	0	0	1	0	1	1	0	0	0	0
108	8.565320564465672	14	5834.379826669843	11.434679435534328	19.173643138446696	20.42851455993439	6.89285156854042	12	5990.762483027814	13.10714843145958	19.68756669761297	20.42616911211242	4.193608624204421	0	6187.806186375874	15.80639137579558	20.335115496785008	18.10350435647896	1.3314588620642382	15	5324.720205651142	21.33145886206424	17.498738180970477	18.872741059809922	1	0	0	0	0	0	0	0	0	0	0	0	1	0	1	1	0	0	0	0
109	8.3502798205803	14	5866.901962170723	11.6497201794197	19.105243838819177	17.43840146962721	0.8326109681850795	12	6044.271444074963	19.16738903181492	19.682837809742075	17.806341609887816	14.073030297090867	17	6282.926729288586	34.07303029709087	20.460005631333242	17.913500956581025	20.692390519266866	15	5438.319795850763	40.692390519266866	17.709589565864082	20.647618493859007	0	0	0	0	0	0	0	0	0	0	0	0	1	0	1	1	0	1	0	0
110	9.927597424911994	14	5950.449838315269	29.927597424911994	19.20274251977497	21.59183759127575	1.2452035491200029	12	6096.628584167003	18.754796450879997	19.674477076779354	21.594460200823807	0.09470447423045059	0	6338.4956792980265	19.90529552576955	20.45500824299483	22.441521809847334	6.950409588567162	15	5474.749902416012	13.049590411432838	17.667607591499834	22.435766007844656	1	0	0	0	0	0	0	0	0	0	0	0	1	0	1	1	0	0	0	0
111	7.734309529713432	14	5984.691557544818	12.265690470286568	19.140804555047396	22.081695917293754	4.453446731146508	12	6140.02937870922	15.546553268853492	19.63762061420859	21.503205357972682	7.407611466975526	0	6373.649430619386	12.592388533024474	20.384806281298665	21.597472193333154	5.891342710613493	15	5514.136570682216	14.108657289386507	17.63583124951668	21.091599019090314	1	0	0	0	0	0	0	0	0	0	0	0	1	0	1	1	0	0	0	0
112	8.853262392590448	14	6015.809533365504	11.146737607409552	19.070060599758566	18.798969750122183	6.866500170898867	12	6176.693732398793	13.133499829101133	19.58006202318994	16.04308068110561	5.613302316845134	0	6413.81229498486	14.386697683154866	20.331725674235447	14.488990706929897	1.346283720221134	15	5566.211528629932	18.653716279778866	17.644839081642893	14.478882689819784	1	0	0	0	0	0	0	0	0	0	0	0	1	0	1	1	0	0	0	0
113	8.680002333123342	14	6047.411193518868	11.319997666876658	19.002077591575393	13.620352903930495	9.035950481839762	15	6257.752427493929	29.035950481839762	19.663008413178098	15.218988910971188	4.1671333945494915	13	6458.012380925076	15.832866605450509	20.292261998193474	15.57570652448758	2.2602811743283553	15	5628.354813574932	22.260281174328355	17.685325415789258	16.24707931503507	0	0	0	0	0	0	0	0	0	0	0	0	0	1	1	2	0	0	0	0
114	8.601923696947104	14	6079.230823198223	11.398076303052896	18.93595584124041	16.12764809203791	4.933819053191048	15	6299.812182637103	15.066180946808952	19.62303600042706	16.22340045778015	4.833610339477017	0	6500.351885394036	15.166389660522983	20.247689195257205	16.625365663091497	2.7037388818994685	15	5676.640209196296	17.29626111810053	17.68194224798327	17.041641791991434	1	0	0	0	0	0	0	0	0	0	0	0	0	0	1	2	0	0	0	0
115	8.539924163438805	14	6111.223534908623	11.460075836561195	18.871508599820764	16.748979607332075	0.9220838792358208	15	6353.071365140903	19.07791612076418	19.61833669111962	16.7913995914306	5.2795313783861495	0	6541.446526962708	14.72046862161385	20.20004074203614	17.131446686904322	2.9208123297962985	15	5724.319608108948	17.0791876702037	17.676746087829997	15.935770405740715	1	0	0	0	0	0	0	0	0	0	0	0	0	0	1	2	0	0	0	0
116	4.5360215659290795	14	6154.393808037071	15.46397843407092	18.842384410369913	15.898881588602753	4.528055867223882	15	6396.263875844903	15.471944132776118	19.582897438484206	15.220047884447533	6.569733833743282	0	6578.939353343508	13.430266166256718	20.142179420875635	15.423266870767915	5.417625247977075	15	5765.028737625013	14.582374752022925	17.650298469575237	15.374886251289315	1	0	0	0	0	0	0	0	0	0	0	0	0	0	1	2	0	0	0	0
117	14.903840868374921	14	6251.8336971279505	34.90384086837492	18.97849844814962	17.348631372074504	5.6059802893731305	15	6436.447180870403	14.39401971062687	19.538923898417618	17.05840723132714	6.519254783185195	0	6616.573100407116	13.480745216814805	20.08572658863783	17.2604741693525	2.7229368696799945	15	5813.260538863822	17.277063130320006	17.647135458225616	17.080388870308084	1	0	0	0	0	0	0	0	0	0	0	0	0	0	1	2	0	0	0	0
118	17.146120176852065	14	6355.533282621663	37.146120176852065	19.13116753830678	19.322954025831905	5.807446649823881	15	6476.068058972978	14.19255335017612	19.49399641481895	19.034290593829148	5.402570485186866	0	6657.324257802636	14.597429514813134	20.03960644516031	18.94763570190337	0.24750453363199654	15	5868.4029220407665	19.752495466368003	17.664827559134377	19.375690835262557	1	0	0	0	0	0	0	0	0	0	0	0	0	0	1	2	0	0	0	0
119	14.325020993776711	14	6451.357299562623	34.32502099377671	19.25778298376903	21.465166318014557	10.309135822000005	18	6560.681063142728	30.309135822000005	19.584122576545457	23.037842425012265	5.808588440805259	0	6696.941948405388	14.19141155919474	19.990871487777266	20.966599494094243	11.941266222399996	15	5957.572290244966	31.941266222399996	17.78379788132826	22.72132414527156	1	0	0	0	0	0	0	0	0	0	0	0	0	0	1	1	0	0	1	0
120	32.90184160015583	14	6599.041607363058	52.90184160015583	19.53583305497884	26.66343378360566	44.025757894814944	15	6739.419637265753	64.02575789481494	19.951408818845206	31.338303260055152	6.545703412472358	0	6734.501859712236	13.454296587527642	19.93685020760991	28.96912090112271	6.199447174999996	15	5996.0988335480915	13.800552825000004	17.750878500697446	28.929920848605104	1	0	0	0	0	0	0	0	0	0	0	0	0	0	1	2	0	0	0	0
