task	r0_energy	r0_config	r0_reward	r0_rate	r0_avgrate	r1_energy	r1_config	r1_reward	r1_rate	r1_avgrate	c0	c1	c2	c3	c4	c5	c6	c7	c8	c9	c10	c11
0	8.995822606706387	0	80.94667144372201	28.995822606706387	28.995822606706387	1.991479894782568	0	50.273785293732	18.008520105217432	18.008520105217432	2	0	0	0	0	0	0	0	0	0	0	0
1	10.004035771971825	0	164.70793797381003	30.004035771971825	23.862556374183402	2.258065613116056	0	99.803352123783	17.741934386883944	18.349181851136596	2	0	0	0	0	0	0	0	0	0	0	0
2	7.412189256128	1	199.84890963378604	12.587810743872	18.59042643575427	0.7029089386915821	1	153.674398003269	19.297091061308418	17.088404078268898	0	2	0	0	0	0	0	0	0	0	0	0
3	6.820567208581014	1	236.64149284316403	13.179432791418986	17.975537580626863	5.7738132133856706	1	193.389169449234	14.22618678661433	15.88121913049576	0	2	0	0	0	0	0	0	0	0	0	0
4	8.15936920658961	2	315.25306521156006	28.15936920658961	18.694057209534805	5.879620456435465	2	232.808562341685	14.120379543564535	13.88133264487594	0	0	2	0	0	0	0	0	0	0	0	0
5	5.25663036940418	2	356.41163876364004	14.74336963059582	18.899946626960954	6.7025683955510456	2	269.930558904105	13.297431604448954	13.394175917275343	0	0	2	0	0	0	0	0	0	0	0	0
6	6.202898956302571	3	394.928545843962	13.79710104369743	14.014776737679043	7.2352833961874605	3	305.565392756415	12.76471660381254	13.236852891167763	0	0	0	2	0	0	0	0	0	0	0	0
7	6.496140461256122	3	432.626820389622	13.503859538743878	19.235275436738387	6.351589534758208	3	343.667205305215	13.648410465241792	18.18843805952537	0	0	0	2	0	0	0	0	0	0	0	0
8	10.404865727773846	4	517.507070546324	30.404865727773846	24.07849770194137	8.15218710952179	4	422.25872765263	28.15218710952179	23.502330979850626	0	0	0	0	2	0	0	0	0	0	0	0
9	8.326767839306392	4	596.585964097721	28.32676783930639	28.6123446731963	8.706395364788303	4	502.39741471266404	28.706395364788303	28.04616616379761	0	0	0	0	2	0	0	0	0	0	0	0
10	7.105400452508661	2	672.2552070276411	27.10540045250866	23.26255968596024	7.279916017082748	4	578.55384692702	27.279916017082748	22.803888870204656	0	0	1	0	1	0	0	0	0	0	0	0
11	5.644489233934326	2	712.3310079162411	14.355510766065674	18.824824958351645	7.574644771257079	0	613.241296940594	12.425355228742921	17.885389267485372	1	0	1	0	0	0	0	0	0	0	0	0
12	4.986436343519401	3	754.2438731239162	15.0135636564806	20.568278759625674	6.049103443369553	2	652.187549827854	13.950896556630447	23.223037049072715	0	0	1	1	0	0	0	0	0	0	0	0
13	12.335761856330755	2	844.5145416395062	32.335761856330755	22.37707982130448	23.292859361844776	1	773.046782213004	43.292859361844776	23.209354220516058	0	1	1	0	0	0	0	0	0	0	0	0
14	0.21808604889790928	2	899.7390514196662	19.78191395110209	23.73920228957374	7.615693256927049	0	807.619638537416	12.384306743072951	23.136189007466267	1	0	1	0	0	0	0	0	0	0	0	0
15	0.9000689387116374	3	953.0596922990962	19.099931061288363	19.158390437319408	6.268599082518927	2	845.953132765384	13.731400917481073	12.839511699176596	0	0	1	1	0	0	0	0	0	0	0	0
16	1.4066737004322363	2	1004.9660615520562	18.593326299567764	21.871327953589258	7.597172563024241	0	880.577692693608	12.402827436975759	12.872429207300536	1	0	1	0	0	0	0	0	0	0	0	0
17	7.920726499911645	3	1082.9114230309763	27.920726499911645	19.913102749144482	7.516940732555222	0	915.426233148558	12.483059267444778	17.268652926112242	1	0	0	1	0	0	0	0	0	0	0	0
18	6.77474455204597	0	1119.8319278231813	13.22525544795403	18.525639786066268	6.920072073916181	2	990.5781010215741	26.92007207391618	17.38869234190878	1	0	1	0	0	0	0	0	0	0	0	0
19	5.569062589666869	0	1160.1182947603613	14.430937410333131	18.27854939489158	7.237054315634625	3	1026.207991057094	12.762945684365375	18.25561506340251	1	0	0	1	0	0	0	0	0	0	0	0
20	7.179455326387579	1	1235.9942742131934	27.17945532638758	20.76423147252107	4.91617256807403	2	1068.317009304554	15.08382743192597	13.46551626845194	0	1	1	0	0	0	0	0	0	0	0	0
21	0.6823016808425031	1	1293.7323664055455	20.682301680842503	21.129725171893966	7.450224310935521	2	1103.3517997698589	12.549775689064479	15.21984771825278	0	1	1	0	0	0	0	0	0	0	0	0
22	4.472581491548182	0	1337.0797430749735	15.527418508451818	21.91451135579462	1.9740599662321152	1	1153.6742156974608	18.025940033767885	16.267397350967762	1	1	0	0	0	0	0	0	0	0	0	0
23	9.533813878089546	0	1419.5283068179735	29.533813878089546	23.967527119638444	1.7735236699290766	0	50.882246421448	18.226476330070923	25.91903430548538	2	0	0	0	0	0	0	0	0	0	0	0
24	6.841348972373961	0	74.93209921454398	26.84134897237396	23.232399736285604	21.504686552617322	0	166.74949638083802	41.50468655261732	26.341025257912595	2	0	0	0	0	0	0	0	0	0	0	0
25	6.677963641606688	0	112.12278404839198	13.322036358393312	18.089954096969546	0.7080871089504477	1	220.60608653501802	19.291912891049552	29.833425468039408	1	1	0	0	0	0	0	0	0	0	0	0
26	5.8935230398586285	1	151.50336556211997	14.106476960141372	13.630712771855281	8.70367696045135	1	300.737184716278	28.70367696045135	20.593117537739108	0	2	0	0	0	0	0	0	0	0	0	0
27	6.5363750029688354	1	189.08931867883197	13.463624997031165	18.287615335894923	6.216237238283581	2	339.216855759403	13.78376276171642	23.682558798651346	0	1	1	0	0	0	0	0	0	0	0	0
28	7.292744050512237	2	265.281562486512	27.292744050512237	22.575337182614685	8.560236673786271	2	418.947516473723	28.56023667378627	23.56270773981433	0	0	2	0	0	0	0	0	0	0	0	0
29	6.969642500300651	2	340.57181446651794	26.96964250030065	22.929328894990565	8.34412378394029	3	498.074862037223	28.34412378394029	23.630157742306864	0	0	1	1	0	0	0	0	0	0	0	0
30	5.474399865841189	3	381.12244817437795	14.525600134158811	18.245239890001912	6.013887230805972	3	537.119426851223	13.986112769194028	18.835853151988058	0	0	0	2	0	0	0	0	0	0	0	0
31	6.759522964453732	3	418.08544656527795	13.240477035546268	13.764873053034988	5.822677097170143	4	576.697786621623	14.177322902829857	13.624774971176121	0	0	0	1	1	0	0	0	0	0	0	0
32	6.4714580106001165	4	455.852626285686	13.528541989399884	13.336498686830808	7.289110758495525	4	612.182352420823	12.710889241504475	14.427250332346267	0	0	0	0	2	0	0	0	0	0	0	0
33	6.759522964453732	4	492.81562467658597	13.240477035546268	15.846412534193194	3.60646114729553	0	657.947648384623	16.39353885270447	13.875660534905313	1	0	0	0	1	0	0	0	0	0	0	0
34	0.7702185776334289	0	550.799151539146	20.77021857763343	25.50543120407164	7.477446489493014	4	692.906443601455	12.522553510506986	13.811599920833908	1	0	0	0	1	0	0	0	0	0	0	0
35	22.505597999035224	1	669.460612619786	42.505597999035224	27.39276223526782	7.481292600709731	0	727.8545017578069	12.51870739929027	12.61047452952645	1	1	0	0	0	0	0	0	0	0	0	0
36	1.0975298708651948	4	722.2300083969541	18.902470129134805	30.23398057349158	7.209837321217908	3	763.5603725694069	12.790162678782092	12.624078275161793	0	0	0	1	1	0	0	0	0	0	0	0
37	9.29387359230471	4	804.0087388421381	29.29387359230471	20.99983376202125	7.4366352525869885	0	798.6330991559349	12.563364747413011	12.626129534477371	1	0	0	0	1	0	0	0	0	0	0	0
38	5.196842435375762	4	845.334220376714	14.803157564624238	19.226916919085372	7.475138822762986	3	833.598336609055	12.524861177237014	13.803381560582684	0	0	0	1	1	0	0	0	0	0	0	0
39	6.416280399672834	2	883.255437594294	13.583719600327166	13.96462163034794	3.678081242901971	4	879.1636931392869	16.32191875709803	13.7941665644074	0	0	1	0	1	0	0	0	0	0	0	0
40	6.493012273907585	0	920.962444996302	13.506987726092415	13.523986517704119	7.464280241112839	4	914.1592441328469	12.535719758887161	21.499590391916417	1	0	0	0	1	0	0	0	0	0	0	0
41	6.518747773307224	1	958.5976074624859	13.481252226692776	13.511151870960235	15.641132659764054	2	1013.6574061413548	35.641132659764054	20.324988322472596	0	1	1	0	0	0	0	0	0	0	0	0
42	6.45478433990448	3	996.411334513586	13.54521566009552	15.15143785846197	7.201887451233434	0	1049.3854703399948	12.798112548766566	20.349020513563463	1	0	0	1	0	0	0	0	0	0	0	0
43	1.572154311402386	3	1047.855737060921	18.427845688597614	15.162570151842985	7.3921836678402375	3	1084.5822909339408	12.607816332159762	19.226903545173254	0	0	0	2	0	0	0	0	0	0	0	0
44	6.4853508931641795	2	1085.584132484171	13.51464910683582	15.446809595663643	12.274781754593427	0	1174.6827233321808	32.27478175459343	24.078752025622208	1	0	1	0	0	0	0	0	0	0	0	0
45	5.60206600844251	4	1125.778364877269	14.39793399155749	14.883110278474385	7.35365799011343	0	1251.0450185545808	27.35365799011343	25.727150169389848	1	0	0	0	1	0	0	0	0	0	0	0
46	3.263252262970152	4	1172.501785643144	16.736747737029848	17.028125704699818	2.4469892365373163	0	49.002155048	17.553010763462684	24.82173452399283	1	0	0	0	1	0	0	0	0	0	0	0
47	0.05030461448787804	4	1228.1946852610322	19.949695385512122	23.30521418123689	9.558534818402386	0	131.51973141604	29.558534818402386	21.770777969836416	1	0	0	0	1	0	0	0	0	0	0	0
48	13.229199421168708	4	1320.9595336451282	33.22919942116871	22.74527951997516	1.799211672355824	1	182.33026549738	18.200788327644176	22.2170845824597	0	1	0	0	1	0	0	0	0	0	0	0
49	4.943056246755347	0	1362.9935016229363	15.056943753244653	20.54040876360119	1.108069398667464	1	235.0702384261	18.891930601332536	16.734401688150445	1	1	0	0	0	0	0	0	0	0	0	0
50	6.664916883609795	4	1400.2206086561923	13.335083116390205	13.77424093518137	6.889513864525377	2	271.67034555429996	13.110486135474623	15.167898193662088	0	0	1	0	1	0	0	0	0	0	0	0
51	7.069304064090748	0	1436.3188014772722	12.930695935909252	16.83151163860728	6.4987221558208965	2	309.36141286929995	13.501277844179103	19.338348602096712	1	0	1	0	0	0	0	0	0	0	0	0
52	4.228755863522387	3	1503.9574115962723	24.228755863522387	22.043750000009556	11.403281826636412	3	397.02890796865995	31.403281826636412	19.604219635768356	0	0	0	2	0	0	0	0	0	0	0	0
53	8.971798200597021	2	1584.8370149062723	28.97179820059702	23.84865927895523	6.09190076351045	3	435.85568500385995	13.90809923648955	19.83543352730746	0	0	1	1	0	0	0	0	0	0	0	0
54	1.6545762272537274	4	1636.0513229385224	18.345423772746273	22.02300158480597	5.805080481203586	4	475.4831686604999	14.194919518796414	14.024283861253727	0	0	0	0	2	0	0	0	0	0	0	0
55	1.2482172189253724	4	1688.4000498690225	18.751782781074628	18.92649134167164	6.030167171524781	4	514.48228530666	13.96983282847522	20.26733848671761	0	0	0	0	2	0	0	0	0	0	0	0
56	0.3177325288059727	4	1743.3463798927726	19.682267471194027	19.04188855208955	12.637263112881193	3	605.5946448301199	32.63726311288119	25.246795865312958	0	0	0	1	1	0	0	0	0	0	0	0
57	1.3083845959999998	3	1795.5271395622726	18.691615404	17.88878013573134	9.13329165458245	4	686.925084032496	29.13329165458245	24.662403958385195	0	0	0	1	1	0	0	0	0	0	0	0
58	4.7075424680000015	4	1838.2185835057726	15.292457531999998	21.685176220432833	7.78334289230806	1	721.029918458136	12.21665710769194	18.306105905809076	0	1	0	0	1	0	0	0	0	0	0	0
59	11.071455725298492	4	1924.9597307388976	31.07145572529849	23.398963640865663	6.431631044847164	0	758.908281791271	13.568368955152836	18.349734073283823	1	0	0	0	1	0	0	0	0	0	0	0
60	3.8329776652985075	4	1991.4934600545225	23.832977665298507	23.6257244441194	9.264176157006688	2	840.6041068962479	29.264176157006688	19.40505937586973	0	0	1	0	1	0	0	0	0	0	0	0
61	4.027260058238804	4	2036.0840257252726	15.972739941761196	17.993493680373135	4.617366984550328	0	883.5472907310449	15.382633015449672	21.01297038636609	1	0	0	0	1	0	0	0	0	0	0	0
62	5.825236565940303	4	2075.6552403120227	14.174763434059697	14.995720722761193	1.607898013358092	0	934.8919087770869	18.392101986641908	15.569952549365373	1	0	0	0	1	0	0	0	0	0	0	0
63	5.160341207537314	4	2117.082621107648	14.839658792462686	18.937526895653132	7.064877353995463	2	971.0024594971828	12.935122646004537	18.454083770173614	0	0	1	0	1	0	0	0	0	0	0	0
64	7.7981584604370155	4	2194.685813476368	27.798158460437016	19.296165458673432	4.0350266778743915	0	1038.100242306249	24.03502667787439	16.301388451074626	1	0	0	0	1	0	0	0	0	0	0	0
65	4.749320876879402	4	2237.260626028413	15.250679123120598	18.969669309004058	8.065983970655047	1	1071.4160370548368	11.934016029344953	19.450583435813012	0	1	0	0	1	0	0	0	0	0	0	0
66	6.1398296565454356	4	2275.9536015705567	13.860170343454564	14.321227842139342	2.382707600219696	0	1133.9010957721168	22.382707600219696	23.7805613114283	1	0	0	0	1	0	0	0	0	0	0	0
67	6.147165940157139	4	2314.6260966542845	13.852834059842861	13.762317208112476	17.024960304720246	0	1237.2624432894609	37.024960304720246	30.58654642759355	1	0	0	0	1	0	0	0	0	0	0	0
68	6.426052778959999	2	2352.5200326463546	13.573947221040001	13.682641236280359	12.35197137784072	0	1327.5783633859328	32.35197137784072	35.95187433495523	1	0	1	0	0	0	0	0	0	0	0	0
69	6.378857572041788	2	2390.5457219244045	13.621142427958212	16.429059976690628	18.47869132230472	0	1434.9980433273668	38.47869132230472	29.921295870823162	1	0	1	0	0	0	0	0	0	0	0	0
70	2.09209028107367	0	2452.2194739590686	22.09209028107367	16.409881388352	1.0667750876759392	0	52.855252880238	18.93322491232406	25.12077131538054	2	0	0	0	0	0	0	0	0	0	0	0
71	6.483588543975877	0	2489.952789273803	13.516411456024123	16.82243916128454	2.0496022884871614	0	102.966779824878	17.95039771151284	17.09611686984287	2	0	0	0	0	0	0	0	0	0	0	0
72	5.14118425324418	4	2531.433649900163	14.85881574675582	20.588448035520837	5.595272014308298	1	143.179978784934	14.404727985691702	16.566082560296838	0	1	0	0	1	0	0	0	0	0	0	0
73	13.390116903782562	4	2624.647726256556	33.39011690378256	21.063452672396178	2.656878016314028	1	191.59619432272402	17.343121983685972	14.858886698731226	0	1	0	0	1	0	0	0	0	0	0	0
74	5.058574633349851	4	2666.359205405121	14.941425366650149	22.441225077498984	7.171189873184	2	227.40995592675202	12.828810126816	15.041752232637373	0	0	1	0	1	0	0	0	0	0	0	0
75	1.0078670379357568	4	2719.378909924217	18.992132962064243	17.553394089927284	5.0466754125898525	2	269.154653733272	14.953324587410147	18.74120213500322	0	0	1	0	1	0	0	0	0	0	0	0
76	1.2733760589325378	4	2771.657401759697	18.726623941067462	20.39705351862042	8.441471690783516	3	348.55376220337604	28.441471690783516	18.586659212057786	0	0	0	1	1	0	0	0	0	0	0	0
77	3.472403652729554	4	2837.184528623567	23.472403652729554	24.854451192054807	7.634818642020299	3	383.07322682773605	12.3651813579797	18.002920215020655	0	0	0	1	1	0	0	0	0	0	0	0
78	12.364325982367397	4	2927.534938657676	32.3643259823674	23.573571068802266	6.797892403701253	4	419.92911053407005	13.202107596298747	12.823538676904837	0	0	0	0	2	0	0	0	0	0	0	0
79	5.116016428690154	4	2969.0860594609157	14.883983571309846	20.186095396310325	7.09667292356394	4	455.950898622454	12.90332707643606	12.720892175731342	0	0	0	0	2	0	0	0	0	0	0	0
80	6.690023364746269	4	3006.2430775676658	13.309976635253731	13.859750779753789	7.942758145540779	1	489.610698799486	12.057241854459221	14.582483685988295	0	1	0	0	1	0	0	0	0	0	0	0
81	6.61470786730221	4	3043.610351438114	13.38529213269779	13.453402881906626	1.2131178729303933	0	542.057411404222	18.786882127069607	18.53749801071761	1	0	0	0	1	0	0	0	0	0	0	0
82	6.33506012223164	4	3081.758308596884	13.66493987776836	18.817000980305192	4.768370050623993	3	611.202444462214	24.768370050623993	24.269496722535166	0	0	0	1	1	0	0	0	0	0	0	0
83	9.400770930449426	4	3163.835460777722	29.400770930449426	18.794483487614087	9.253237989911888	2	692.867733850718	29.253237989911888	22.29770783275033	0	0	1	0	1	0	0	0	0	0	0	0
84	6.682260345375523	4	3201.0141506468817	13.317739654624477	20.42145090963056	7.128484542284898	1	728.800714503506	12.871515457715102	18.491858825443824	0	1	0	0	1	0	0	0	0	0	0	0
85	1.4541578561822135	4	3252.7879599650396	18.545842143817787	15.070349629962026	6.649176971295521	2	766.071762125306	13.350823028704479	14.26390190896573	0	0	1	0	1	0	0	0	0	0	0	0
86	6.652532908556182	4	3290.0496389286536	13.347467091443818	20.429702308288473	3.4306327595223927	4	812.327912338306	16.569367240477607	14.208531732948058	0	0	0	0	2	0	0	0	0	0	0	0
87	9.395797689603818	4	3372.1129074787978	29.395797689603818	19.24513055554746	7.2945950703379125	0	847.7971677669459	12.705404929662087	14.439744849663997	1	0	0	0	1	0	0	0	0	0	0	0
88	5.007873114405257	4	3413.9659283677497	14.992126885594743	19.272640847039998	5.9555376211477	2	887.0046252412419	14.0444623788523	13.834418229808717	0	0	1	0	1	0	0	0	0	0	0	0
89	6.57000203407857	4	3451.4580060226135	13.42999796592143	15.030425333290026	5.246612619088237	0	928.1911650129539	14.753387380911763	16.02626935863498	1	0	0	0	1	0	0	0	0	0	0	0
90	3.330848851646092	4	3497.9927196451017	16.669151148353908	14.505373115339461	0.719041683859114	0	982.0171736455138	19.280958316140886	17.555940197112832	1	0	0	0	1	0	0	0	0	0	0	0
91	6.583029768256958	4	3535.448428208718	13.416970231743042	14.494019654958803	1.3665251057141532	2	1034.035624392062	18.633474894285847	22.606259475927278	0	0	1	0	1	0	0	0	0	0	0	0
92	6.604062415220541	0	3572.845420632894	13.395937584779459	13.949690695794624	9.904345217355097	0	1117.518588123845	29.904345217355097	29.27976432815844	2	0	0	0	0	0	0	0	0	0	0	0
93	4.96383572913863	2	3614.821379222382	15.03616427086137	15.99497254968931	19.30147287283438	4	1227.235199893841	39.30147287283438	27.287938507131575	0	0	1	0	1	0	0	0	0	0	0	0
94	0.4471842065728957	2	3669.406323312366	19.552815793427104	18.396978171464596	7.342002568794751	4	1262.572109389289	12.65799743120525	21.713985765661132	0	0	1	0	1	0	0	0	0	0	0	0
95	0.601954450105314	4	3726.92011281891	20.601954450105314	25.574996590360836	6.81751300705624	2	1299.373218911257	13.18248699294376	12.813277414579103	0	0	1	0	1	0	0	0	0	0	0	0
96	16.570219527550087	2	3829.011975666654	36.57021952755009	32.56410579692848	7.4006521804117025	0	1334.546398240941	12.599347819588298	12.80701370570173	1	0	1	0	0	0	0	0	0	0	0	0
97	20.520143413130036	2	3942.130709361642	40.520143413130036	32.12448751673934	7.360793695426867	0	1369.830849174541	12.639206304573133	12.692114684241668	1	0	1	0	0	0	0	0	0	0	0	0
98	0.7169003904620865	1	3995.962695771602	19.283099609537913	29.79504807793099	7.162210071436419	3	1405.669679391781	12.83778992856358	13.209006042829373	0	1	0	1	0	0	0	0	0	0	0	0
99	9.581901211125015	1	4078.5455033193257	29.581901211125015	20.76969288939009	5.849978104648594	0	1445.1718238496371	14.150021895351406	13.206074959390568	1	1	0	0	0	0	0	0	0	0	0	0
100	6.555922152492656	4	4116.076887310283	13.444077847507344	20.23738333544991	7.3695869457432845	0	1480.4317269594371	12.630413054256715	13.051005287048596	1	0	0	0	1	0	0	0	0	0	0	0
101	2.313829052282628	4	4165.450781205995	17.686170947717372	14.951650294679999	7.6274190884623305	0	1514.9718486708132	12.37258091153767	12.535395480189132	1	0	0	0	1	0	0	0	0	0	0	0
102	6.275297911184719	4	4203.76557453727	13.724702088815281	19.786783809968835	7.396807525226986	3	1550.1557609962213	12.603192474773014	12.558076042672715	0	0	0	1	1	0	0	0	0	0	0	0
103	7.949478393373852	0	78.025627181502	27.94947839337385	18.440420806265553	7.301545258292538	2	1585.6056138168212	12.698454741707462	18.061218847045733	1	0	1	0	0	0	0	0	0	0	0	0
104	6.352918063392476	0	116.12373092119802	13.647081936607524	19.027159908891463	8.882009324656718	0	1666.2345565148212	28.882009324656718	22.982349306591047	2	0	0	0	0	0	0	0	0	0	0	0
105	4.515080603306986	1	159.352464236966	15.484919396693014	16.554975152058628	7.366583853408962	0	1742.6329364389212	27.36658385340896	23.243227577026868	1	1	0	0	0	0	0	0	0	0	0	0
106	0.5329241228753432	1	216.673544079993	20.532924122875343	16.46394245785612	6.5189104469850765	0	1780.2676447744211	13.481089553014924	20.23937806205373	1	1	0	0	0	0	0	0	0	0	0	0
107	6.6260161459999996	2	254.00924900574302	13.373983854	20.664539909579585	0.12953922026268927	0	1835.7393477845212	19.87046077973731	15.332782846829849	1	0	1	0	0	0	0	0	0	0	0	0
108	8.086711751863408	2	332.417985979695	28.086711751863408	18.420115575338272	7.353201792262688	0	1871.0449927811212	12.646798207737312	20.673085848202984	1	0	1	0	0	0	0	0	0	0	0	0
109	6.2003488798485975	3	370.942012023451	13.799651120151402	18.605037525979466	9.501998557134328	4	1953.4047387531211	29.50199855713433	18.733475358997016	0	0	0	1	1	0	0	0	0	0	0	0
110	6.071250294076416	3	409.82643828582104	13.928749705923584	18.620414885703884	5.948370687880596	0	1992.6322039161212	14.051629312119404	20.606062780059702	1	0	0	1	0	0	0	0	0	0	0	0
111	8.132843831036656	4	488.36396064746503	28.132843831036656	25.88928566604287	1.735439529074629	0	2043.6207685641211	18.26456047092537	21.717907212286562	1	0	0	0	1	0	0	0	0	0	0	0
112	15.606263461168368	4	587.7647794765601	35.60626346116837	36.485638762041916	12.837531853814916	0	2135.292211656021	32.837531853814916	23.173282076859692	1	0	0	0	1	0	0	0	0	0	0	0
113	25.717808993920727	3	715.3936629179221	45.71780899392073	38.33406282254078	1.5822460941611993	2	2186.7084413098214	18.4177539058388	23.36044659905671	0	0	1	1	0	0	0	0	0	0	0	0
114	13.678116012533252	1	809.4117367862441	33.67811601253325	33.28466064567761	1.1739459624835824	0	2239.2645088312215	18.826054037516418	17.945640355507106	1	1	0	0	0	0	0	0	0	0	0	0
115	0.4580569305788629	0	866.5238123841101	20.458056930578863	24.549077036800952	3.4068868768339087	0	2285.5869496333935	16.59311312316609	16.06213569169218	2	0	0	0	0	0	0	0	0	0	0	0
116	0.48894183270925495	3	920.9921831011301	19.511058167290745	24.203525953146272	7.232760085605969	0	2321.2288277277435	12.76723991439403	14.125225285292181	1	0	0	1	0	0	0	0	0	0	0	0
117	12.641462761569208	3	1012.1162666438441	32.64146276156921	22.957382936252184	6.9846771816835815	0	2357.5632705955436	13.015322818316418	12.966280545391045	1	0	0	1	0	0	0	0	0	0	0	0
118	3.2803721201034044	1	1058.791894475222	16.719627879896596	21.052483521045257	6.883721096537315	3	2394.1795492010438	13.116278903462685	12.985341390507463	0	1	0	1	0	0	0	0	0	0	0	0
119	6.203640078330029	0	1097.3067325898842	13.796359921669971	14.905564762281074	7.175577550256717	0	2429.9810618732436	12.824422449743283	13.075530297214328	2	0	0	0	0	0	0	0	0	0	0	0
120	5.799293514723347	2	1136.9503715279482	14.200706485276653	14.200706485276653	6.714110461562983	0	2467.0708368347136	13.285889538437017	13.285889538437017	1	0	1	0	0	0	0	0	0	0	0	0
