task	r0_energy	r0_config	r0_reward	r0_rate	r0_avgrate	r0_rollrate	r1_energy	r1_config	r1_reward	r1_rate	r1_avgrate	r1_rollrate	c0	c1	c2	c3	c4	c5	c6	c7	c8	c9	c10	c11	c12	c13	c14	c15	c16	c17	c18	c19
0	2.3764644643022734	0	87.686257924152	32.37646446430227	32.37646446430227	32.37646446430227	17.000102351477167	0	35.208056131416	12.999897648522833	12.999897648522833	12.999897648522833	2	0	0	0	0	0	0	0	0	0	0	0	0	0	0	0	0	0	0	0
1	15.082119670709172	1	128.08885048264798	14.917880329290828	23.64717239679655	23.64717239679655	16.864354367635944	1	70.783763052402	13.135645632364056	13.067771640443445	13.067771640443445	0	2	0	0	0	0	0	0	0	0	0	0	0	0	0	0	0	0	0	0
2	15.679805677956926	2	166.87271010484798	14.320194322043074	20.538179705212055	20.538179705212055	6.587869894855373	2	169.87591068430197	36.58786989485537	20.907804391914087	20.907804391914087	0	0	2	0	0	0	0	0	0	0	0	0	0	0	0	0	0	0	0	0
3	15.618846822273971	3	205.82166662785596	14.381153177726029	18.99892307334055	18.99892307334055	8.961541600322953	3	226.85506885009397	21.038458399677047	20.94046789385483	20.94046789385483	0	0	0	2	0	0	0	0	0	0	0	0	0	0	0	0	0	0	0	0
4	15.737152271601966	4	244.45021255893397	14.262847728398034	18.051708004352044	18.051708004352044	7.281632996292913	4	327.82615821505397	37.28163299629291	24.208700914342447	24.208700914342447	0	0	0	0	2	0	0	0	0	0	0	0	0	0	0	0	0	0	0	0
5	16.977875670978463	5	279.718465950034	13.022124329021537	17.213444058463626	17.213444058463626	11.186174594141537	5	378.78026868925394	18.813825405858463	23.30955499626178	23.30955499626178	0	0	0	0	0	2	0	0	0	0	0	0	0	0	0	0	0	0	0	0
6	14.430073218623997	6	321.887017649594	15.569926781376003	16.978655876022536	16.978655876022536	9.059965945256863	6	435.4928609208499	20.940034054743137	22.97105200461626	22.97105200461626	0	0	0	0	0	0	2	0	0	0	0	0	0	0	0	0	0	0	0	0
7	11.986628438251195	7	435.600803003191	41.986628438251195	20.10465244630112	20.10465244630112	16.66294695012628	7	471.6140462642579	13.33705304987372	21.766802135273444	21.766802135273444	0	0	0	0	0	0	0	2	0	0	0	0	0	0	0	0	0	0	0	0
8	15.28326824016	8	475.45861818609103	14.71673175984	19.505994592249884	19.505994592249884	13.785708686650342	8	515.5277519045799	16.21429131334966	21.149856488393024	21.149856488393024	0	0	0	0	0	0	0	0	2	0	0	0	0	0	0	0	0	0	0	0
9	0.7880185441487981	9	558.842835076494	30.788018544148798	20.634196987439775	20.634196987439775	15.118408387506461	9	555.8320625217499	14.881591612493539	20.523030000803075	20.523030000803075	0	0	0	0	0	0	0	0	0	2	0	0	0	0	0	0	0	0	0	0
10	18.308670016867197	10	590.506853780812	11.691329983132801	19.821209077957324	18.565683539322826	18.17233547630326	10	587.8653206067619	11.82766452369674	19.732542230157044	20.405806688320467	0	0	0	0	0	0	0	0	0	0	2	0	0	0	0	0	0	0	0	0
11	18.3144119678688	11	622.155321367834	11.685588032131202	19.14324065747181	18.242454309606863	18.04891096923397	11	620.2328533984199	11.951089030766031	19.08408779687446	20.287351028160664	0	0	0	0	0	0	0	0	0	0	0	2	0	0	0	0	0	0	0	0
12	1.47700128777268	12	699.4051095467829	28.52299871222732	19.86476050783762	19.66273474862529	16.303897258342154	12	657.3264649904099	13.696102741657846	18.669627408011646	17.99817431284091	0	0	0	0	0	0	0	0	0	0	0	0	2	0	0	0	0	0	0	0
13	11.8462336537728	13	748.571560067815	18.1537663462272	19.74254663915116	20.039996065475407	18.303173509738336	13	689.005370068202	11.696826490261664	18.171570199600932	17.064011121899373	0	0	0	0	0	0	0	0	0	0	0	0	0	2	0	0	0	0	0	0
14	5.153641178767394	14	843.7793382603099	35.153641178767394	20.769952941792244	22.129075410512346	0.07937302086793352	14	770.040401470018	29.920626979132066	18.954840651569672	16.327910520183288	0	0	0	0	0	0	0	0	0	0	0	0	0	0	2	0	0	0	0	0
15	10.395107528824617	15	896.87592203641	19.604892471175383	20.69713666237869	22.787352224727734	15.427121162991874	15	809.508614986915	14.572878837008126	18.680968038159577	15.903815863298252	0	0	0	0	0	0	0	0	0	0	0	0	0	0	0	2	0	0	0	0
16	9.013933210988313	16	953.7131862566499	20.986066789011687	20.714132552180633	23.3289662254913	15.98483784069563	16	847.466345835031	14.01516215930437	18.406508868815155	15.211328673754375	0	0	0	0	0	0	0	0	0	0	0	0	0	0	0	0	2	0	0	0
17	4.858317355236185	17	1021.805243419552	25.141682644763815	20.960107557324143	21.644471646142563	15.966197261688002	17	885.474561584626	14.033802738311998	18.163580750453868	15.281003642598202	0	0	0	0	0	0	0	0	0	0	0	0	0	0	0	0	0	2	0	0
18	9.6971735972928	18	1076.792064926884	20.3028264027072	20.925513812344303	22.203081110429284	3.6415339523372268	18	956.862073797046	26.358466047662773	18.594890502938547	16.295421116029516	0	0	0	0	0	0	0	0	0	0	0	0	0	0	0	0	0	0	2	0
19	1.605183738299072	19	1162.389437551444	31.605183738299072	21.45949730864204	22.284797629844313	2.394222026176976	19	1044.596425117942	32.394222026176976	19.28485707910047	18.04668415739786	0	0	0	0	0	0	0	0	0	0	0	0	0	0	0	0	0	0	0	2
20	17.207064343678525	11	1197.036971620648	12.792935656321474	21.046803896626773	22.394958197163177	18.869756685669785	0	1074.7408340942532	11.130243314330217	18.89654213792093	17.976942036461207	1	0	0	0	0	0	0	0	0	0	0	1	0	0	0	0	0	0	0	0
21	18.444969652551876	14	1228.33184547832	11.555030347448122	20.61535964439138	22.38190242869487	14.42152127245551	10	1116.9325473146862	15.57847872754449	18.745721073812913	18.339681006139052	0	0	0	0	0	0	0	0	0	0	1	0	0	0	1	0	0	0	0	0
22	18.502704265907447	10	1259.470354758154	11.497295734092553	20.21892208307404	20.679332130881388	16.09665406530683	17	1154.5874425544803	13.903345934693169	18.535183024285967	18.36040532544258	0	0	0	0	0	0	0	0	0	0	1	0	0	0	0	0	0	1	0	0
23	8.060002980278771	2	1318.891180019899	21.93999701972123	20.290633538767672	21.057955198230793	15.794487233450218	9	1193.0607062972192	14.205512766549782	18.354780096880294	18.611273953071397	0	0	1	0	0	0	0	0	0	1	0	0	0	0	0	0	0	0	0	0
24	0.6861150937403053	4	1398.2829516410188	29.313884906259695	20.651563593467355	20.47397957098002	17.079894232094034	14	1228.0526594186313	12.920105767905968	18.13739312372132	16.911221831948787	0	0	0	0	1	0	0	0	0	0	0	0	0	0	1	0	0	0	0	0
25	16.28395009422905	15	1435.430586802482	13.716049905770953	20.384813067017493	19.885095314439578	15.997710481553725	18	1265.9755268644233	14.002289518446275	17.97835067736459	16.8541629000926	0	0	0	0	0	0	0	0	0	0	0	0	0	0	0	1	0	0	1	0
26	18.43371002046277	13	1466.755955497062	11.566289979537233	20.05820110081452	18.943117633492133	9.378331322549165	16	1321.8258795325194	20.621668677450835	18.076251344034446	17.51481355190725	0	0	0	0	0	0	0	0	0	0	0	0	0	1	0	0	1	0	0	0
27	10.096395597619196	18	1520.6615507535098	19.903604402380804	20.052679790156173	18.419309809253832	5.181396842188796	19	1417.1088293134474	35.181396842188796	18.68714939753996	19.62957296229493	0	0	0	0	0	0	0	0	0	0	0	0	0	0	0	0	0	0	1	1
28	18.553924558697354	14	1551.6613384070379	11.446075441302648	19.75590032985088	17.53363471311338	2.94100523781416	15	1506.3240518325274	32.94100523781416	19.178661667894243	20.287826881310068	0	0	0	0	0	0	0	0	0	0	0	0	0	0	1	1	0	0	0	0
29	16.638421920430893	15	1587.8489457058708	13.361578079569107	19.54275625484149	15.709274147240382	10.530624315241838	19	1616.0944926863074	40.53062431524184	19.890393756139165	21.101467110216554	0	0	0	0	0	0	0	0	0	0	0	0	0	0	0	1	0	0	0	1
30	0.25043615107052375	17	1669.7772102816868	30.250436151070524	19.8881652837521	17.45502419671529	0.0699187949741571	19	1697.5338560893624	30.069918794974157	20.21876553158545	22.99543465828095	0	0	0	0	0	0	0	0	0	0	0	0	0	0	0	0	0	1	0	1
31	15.633430995424616	9	1708.6866680024118	14.366569004575384	19.71561540002783	17.736178062428014	1.7748287587181508	19	1783.5906839775573	31.77482875871815	20.57989250743335	24.615069661398312	0	0	0	0	0	0	0	0	0	1	0	0	0	0	0	0	0	0	0	1
32	17.859511672763077	13	1741.5671572220117	12.140488327236923	19.486066094791738	17.800497321742448	1.4981605074372837	19	1868.8982020185333	31.498160507437284	20.910749113494077	26.374551118672724	0	0	0	0	0	0	0	0	0	0	0	0	0	1	0	0	0	0	0	1
33	15.919939373243077	15	1779.7006547528117	14.080060626756923	19.327065933967187	17.014503682446023	0.7958489202845591	19	1947.9927778594292	29.20415107971544	21.15467270073588	27.87441494998929	0	0	0	0	0	0	0	0	0	0	0	0	0	0	0	1	0	0	0	1
34	14.353375227686403	6	1822.0769301778278	15.646624772313597	19.221910472205654	15.647777669051408	2.1266509189377203	11	2035.002457431552	32.12665091893772	21.468157792684504	29.795069465092467	0	0	0	0	0	0	1	0	0	0	0	1	0	0	0	0	0	0	0	0
35	18.053400676365783	12	1854.4323033460037	11.946599323634215	19.01981849585645	15.470832610837736	5.981660965475072	19	2132.4527892130473	35.98166096547507	21.871310658595352	31.99300660979535	0	0	0	0	0	0	0	0	0	0	0	0	1	0	0	0	0	0	0	1
36	11.21116339846892	6	1905.3187358084838	18.78883660153108	19.013575741955762	16.19308727303712	18.82524272160997	0	2162.71775684202	11.174757278390029	21.582214621292508	31.048315469889264	1	0	0	0	0	0	1	0	0	0	0	0	0	0	0	0	0	0	0	0
37	1.8703094337496644	19	1991.6341571915557	31.870309433749664	19.351910839108232	17.389757776174008	1.8989235121632007	19	2249.110674687462	31.8989235121632	21.853706960525944	30.72006813688671	0	0	0	0	0	0	0	0	0	0	0	0	0	0	0	0	0	0	0	2
38	18.397295213848615	10	2023.0581493207158	11.602704786151387	19.153213248006775	17.40542071065888	18.526952113824002	14	2280.183512712522	11.473047886176	21.587536215029793	28.573272401722885	0	0	0	0	0	0	0	0	0	0	1	0	0	0	1	0	0	0	0	0
39	2.2421337179963103	19	2110.3805948069557	32.24213371799631	19.480436259756516	19.293476274501604	0.2392611376128002	18	2362.08151162689	30.2392611376128	21.803829338094367	27.544136083959984	0	0	0	0	0	0	0	0	0	0	0	0	0	0	0	0	0	0	1	1
40	14.413399482626957	16	2152.594304541508	15.586600517373043	19.385464656283748	17.827092711131847	2.2064508827040044	4	2437.3557071529	27.793549117295996	21.94992006441636	27.31649911619217	0	0	0	0	1	0	0	0	0	0	0	0	0	0	0	0	1	0	0	0
41	2.253391818210453	19	2239.947240715828	32.25339181821045	19.691843874424862	19.615774992495357	17.424490547568	6	2471.41437858657	12.575509452432001	21.726719811750066	25.396567185563555	0	0	0	0	0	0	1	0	0	0	0	0	0	0	0	0	0	0	0	1
42	18.340315235723814	4	2271.5255536190757	11.659684764276186	19.50504947651443	19.567694636199285	13.12697318328	4	2517.11215954852	16.87302681672	21.613843230470298	23.93405381649183	0	0	0	0	2	0	0	0	0	0	0	0	0	0	0	0	0	0	0	0
43	13.25997914274462	2	2316.8631101074757	16.74002085725538	19.44220791698581	19.833690659249132	18.280154744832	4	2548.8534071146	11.719845255168	21.388979640122518	22.18562323403708	0	0	1	0	1	0	0	0	0	0	0	0	0	0	0	0	0	0	0	0
44	11.698157198832003	10	2366.430601027306	18.301842801167997	19.41686646996764	20.099212462134574	12.557098350719997	6	2596.0945990814002	17.442901649280003	21.301289018103795	20.717248307071312	0	0	0	0	0	0	1	0	0	0	1	0	0	0	0	0	0	0	0	0
45	10.826003790180927	12	2418.360174095566	19.173996209819073	19.41158668170354	20.82195215075306	12.881194528338465	12	2642.45803056715	17.118805471661535	21.210365462746353	18.830962757689957	0	0	0	0	0	0	0	0	0	0	0	0	2	0	0	0	0	0	0	0
46	10.540192189482468	19	2528.156527942081	40.54019218948247	19.861131479741392	22.9970877095482	1.6900584296529217	19	2728.28527214746	31.69005842965292	21.433337653531602	20.882492872816243	0	0	0	0	0	0	0	0	0	0	0	0	0	0	0	0	0	0	0	2
47	4.585437766732799	17	2596.987633990513	25.4145622332672	19.976827953773178	22.35151298949995	17.16684168194363	10	2763.041742592196	12.83315831805637	21.254167250709198	18.97591635340556	0	0	0	0	0	0	0	0	0	0	1	0	0	0	0	0	0	1	0	0
48	12.031585753262767	0	2645.652089242093	17.968414246737233	19.93583991893571	22.988083935558535	2.8459421482338385	19	2851.999502576996	32.84594214823384	21.490734085352557	21.11320577961135	1	0	0	0	0	0	0	0	0	0	0	0	0	0	0	0	0	0	0	1
49	14.193061327620924	17	2688.462548146453	15.806938672379076	19.853261894004575	21.344564430996808	8.6843638292928	15	2909.7293505393277	21.3156361707072	21.487232127059652	20.220843282920786	0	0	0	0	0	0	0	0	0	0	0	0	0	0	0	1	0	1	0	0
50	16.844435559206396	16	2724.0922018402694	13.155564440793603	19.721934492961225	21.101460823338865	9.944117819261542	12	2964.0473647788276	20.055882180738458	21.45916644183767	19.44707658926503	0	0	0	0	0	0	0	0	0	0	0	0	1	0	0	0	1	0	0	0
51	12.215139539723811	3	2772.259532253517	17.78486046027619	19.68468306925574	19.65460768754544	5.532043867824001	19	3060.2799835875176	35.532043867824	21.729798700029715	21.742730030804232	0	0	0	1	0	0	0	0	0	0	0	0	0	0	0	0	0	0	0	1
52	1.820719470917549	19	2858.440647487252	31.82071947091755	19.913664888155022	21.670711158209578	1.3497730488044333	19	3145.1856189280297	31.349773048804433	21.9113076500066	23.190404654012674	0	0	0	0	0	0	0	0	0	0	0	0	0	0	0	0	0	0	0	2
53	15.961760860723194	4	2896.4608784894604	14.038239139276806	19.80486070762024	21.40053298641172	2.717892634658213	19	3233.7965781468956	32.71789263465821	22.111429594166815	25.290209391961696	0	0	0	0	1	0	0	0	0	0	0	0	0	0	0	0	0	0	0	1
54	14.712765938826832	17	2937.863804071804	15.287234061173168	19.7227220413212	21.099072112412237	0.7760704922953892	19	3312.9447205635956	29.22392950770461	22.240747774412956	26.468312177804155	0	0	0	0	0	0	0	0	0	0	0	0	0	0	0	0	0	1	0	1
55	15.740478829256123	7	2976.4833405759023	14.259521170743877	19.625164882918035	20.607624608504715	0.10730590746092261	19	3394.4853407296355	30.107305907460923	22.38122202678881	27.76716222138409	0	0	0	0	0	0	0	1	0	0	0	0	0	0	0	0	0	0	0	1
56	1.2824937983527462	14	3054.2599198720304	28.717506201647254	19.784679642895743	19.425356009721195	17.47377747875077	7	3428.4105267246855	12.52622252124923	22.20832729862145	25.850778630543726	0	0	0	0	0	0	0	1	0	0	0	0	0	0	1	0	0	0	0	0
57	11.750206091921726	14	3103.6864450397425	18.249793908078274	19.758216095743716	18.708879177202306	1.5141331874510726	19	3505.5597493420055	28.485866812548927	22.316560738516753	27.416049479992985	0	0	0	0	0	0	0	0	0	0	0	0	0	0	1	0	0	0	0	1
58	2.5846142749705834	7	3177.9364480450304	27.415385725029417	19.887998631833305	19.65357632503152	0.6093403776324919	19	3585.1594524859174	29.390659622367508	22.43646071959897	27.070521227406353	0	0	0	0	0	0	0	1	0	0	0	0	0	0	0	0	0	0	0	1
59	11.622270525041724	3	3227.7094653730423	18.377729474958276	19.86282747921872	19.910655405289443	0.11871260748258194	19	3666.7309657978494	30.118712607482582	22.564498251063696	27.95082887108389	0	0	0	1	0	0	0	0	0	0	0	0	0	0	0	0	0	0	0	1
60	18.233546541650952	13	3259.576943489404	11.766453458349048	19.730100036253646	19.771744307044987	0.7782768595846115	19	3750.0887989592243	30.77827685958461	22.699150359400104	29.0230683389685	0	0	0	0	0	0	0	0	0	0	0	0	0	1	0	0	0	0	0	1
61	16.688742558245536	7	3295.628265727489	13.311257441754462	19.62657031698753	19.32438400519281	2.6734438472640036	19	3838.5793760455645	32.673443847264004	22.860026060817265	28.737208336912506	0	0	0	0	0	0	0	1	0	0	0	0	0	0	0	0	0	0	0	1
62	0.954772818027326	19	3374.2924226786654	29.045227181972674	19.776072806907926	19.046834776298326	2.258411785423384	19	3925.9459079644193	32.258411785423384	23.00920678660466	28.8280722105744	0	0	0	0	0	0	0	0	0	0	0	0	0	0	0	0	0	0	0	2
63	9.26974008636406	1	3430.4368766114294	20.73025991363594	19.790981980450553	19.716036853734238	18.352781034461536	13	3957.4904593294195	11.647218965538462	22.831675726900503	26.721004843662428	0	1	0	0	0	0	0	0	0	0	0	0	0	1	0	0	0	0	0	0
64	16.192978773744	8	3467.8308924325393	13.807021226256001	19.698921045770636	19.568015570242522	5.805900863243075	19	4054.4647741673693	35.805900863243075	23.031279190536544	27.37920197921627	0	0	0	0	0	0	0	0	1	0	0	0	0	0	0	0	0	0	0	1
65	14.695751895017356	8	3509.2798977168673	15.304248104982644	19.632335092122332	19.6724882636664	15.978082065489227	10	4092.4408019066695	14.021917934510773	22.894773716960398	25.770663181921254	0	0	0	0	0	0	0	0	1	0	1	0	0	0	0	0	0	0	0	0
66	0.8751710048159929	19	3588.1596429121573	29.124828995184007	19.774014105600866	19.713220543020075	0.6624158257632011	19	4171.896759045228	29.3375841742368	22.990935067069	27.451799347220014	0	0	0	0	0	0	0	0	0	0	0	0	0	0	0	0	0	0	0	2
67	0.848687554759394	19	3667.111114118017	29.151312445240606	19.91191555177204	20.803372396736307	0.14167881065280596	19	4252.76304559971	29.858321189347194	23.091926039455444	27.58904478489984	0	0	0	0	0	0	0	0	0	0	0	0	0	0	0	0	0	0	0	2
68	1.4975145022523044	19	3744.3053456744174	28.502485497747696	20.036416565481833	20.912082374008136	1.1906380255517561	19	4330.788400947174	28.809361974448244	23.174787429817655	27.53091502010791	0	0	0	0	0	0	0	0	0	0	0	0	0	0	0	0	0	0	0	2
69	1.922064396713349	19	3830.7609367488494	31.92206439671335	20.206211534499424	22.266515866183642	3.089064503784357	19	4420.404617311589	33.08906450378436	23.316419959445753	27.827950209738095	0	0	0	0	0	0	0	0	0	0	0	0	0	0	0	0	0	0	0	2
70	0.9632862767261585	19	3909.402036416049	29.03671372327384	20.330584804763852	23.993541892676124	0.009774265067825638	19	4501.628145343698	29.990225734932174	23.410417223889223	27.749145097272844	0	0	0	0	0	0	0	0	0	0	0	0	0	0	0	0	0	0	0	2
71	0.6189930452676933	19	3988.9755969184494	29.381006954732307	20.456285112402306	25.600516843973907	5.101632009732924	19	4596.695065370058	35.101632009732924	23.57279520702594	27.991963913519736	0	0	0	0	0	0	0	0	0	0	0	0	0	0	0	0	0	0	0	2
72	1.6032449166099703	19	4074.5677185676013	31.60324491660997	20.608983191912	25.856318617437637	7.783900484287393	19	4699.026462515003	37.78390048428739	23.76746788205692	28.54451278340614	0	0	0	0	0	0	0	0	0	0	0	0	0	0	0	0	0	0	0	2
73	3.673381187150767	19	4165.766459282801	33.67338118715077	20.785529110766575	27.15063074478912	4.512054684234464	19	4792.496610618138	34.512054684234464	23.912665001005266	30.830996355275737	0	0	0	0	0	0	0	0	0	0	0	0	0	0	0	0	0	0	0	2
74	12.885178936615368	19	4281.913818902802	42.88517893661537	21.08019110844456	30.058446515825057	5.008950645430886	19	4887.312518616181	35.008950645430886	24.06061547626427	30.751301333494524	0	0	0	0	0	0	0	0	0	0	0	0	0	0	0	0	0	0	0	2
75	11.507521826999998	19	4394.330023850926	41.507521827	21.348971775793974	32.67877388802679	1.8918573480251055	19	4973.686298933749	31.891857348025106	24.16365813247165	32.53829527484596	0	0	0	0	0	0	0	0	0	0	0	0	0	0	0	0	0	0	0	2
76	3.5726956152923037	19	4485.2560744756765	33.572695615292304	21.5077214360472	33.123560550037624	0.857937097488005	19	5052.612719294719	29.142062902511995	24.22831273987477	32.518743147673476	0	0	0	0	0	0	0	0	0	0	0	0	0	0	0	0	0	0	0	2
77	4.533723229615383	19	4578.784908222551	34.53372322961538	21.67472145904166	33.6618016284751	0.8337496872036851	19	5136.120791364228	30.833749687203685	24.31299782894309	32.61628599745912	0	0	0	0	0	0	0	0	0	0	0	0	0	0	0	0	0	0	0	2
78	1.1363792123076948	19	4656.957214522551	28.863620787692305	21.765720184720784	33.69791515746956	1.6753156821998694	19	5221.908104670187	31.67531568219987	24.40619172581976	32.90288136823429	0	0	0	0	0	0	0	0	0	0	0	0	0	0	0	0	0	0	0	2
79	0.8219905933846228	19	4740.433439046301	30.821990593384623	21.878923564829083	33.587907777136685	16.49671583997637	7	5258.479499270251	13.503284160023629	24.269905381247305	30.944303333858215	0	0	0	0	0	0	0	1	0	0	0	0	0	0	0	0	0	0	0	1
80	0.9539469894276991	19	4819.099832616601	29.0460530105723	21.967406644406157	33.58884170586653	0.18123250781538758	19	5340.220337312251	30.181232507815388	24.342884728488887	30.96340401114653	0	0	0	0	0	0	0	0	0	0	0	0	0	0	0	0	0	0	0	2
81	0.8484327747544604	19	4902.647671381561	30.84843277475446	22.075711841117723	33.73558428786875	2.035493777460914	19	5426.983132959541	32.035493777460914	24.43669703396416	30.65679018791934	0	0	0	0	0	0	0	0	0	0	0	0	0	0	0	0	0	0	0	2
82	18.33345423188677	13	4934.244566170201	11.66654576811323	21.950300201683934	31.741914373019075	0.513833235160611	18	5509.624764638101	30.51383323516061	24.509915542412305	29.929783463006665	0	0	0	0	0	0	0	0	0	0	0	0	0	1	0	0	0	0	1	0
83	0.34279638193182294	19	5016.422973037933	30.342796381931823	22.050210870496407	31.40885589249718	2.8412159743015337	19	5598.5697245685005	32.841215974301534	24.609097690410987	29.762699592013366	0	0	0	0	0	0	0	0	0	0	0	0	0	0	0	0	0	0	0	2
84	1.4601860876086228	19	5093.7183023839925	28.539813912391377	22.126559141577527	29.974319390074776	0.21557575262399808	19	5680.40357556519	30.215575752623998	24.675056255848787	29.283362102732674	0	0	0	0	0	0	0	0	0	0	0	0	0	0	0	0	0	0	0	2
85	0.7119562396593295	19	5176.896517199737	30.71195623965933	22.22638934039243	28.894762831340717	0.37565978034462333	19	5760.6361636600905	29.624340219655377	24.732606069381422	29.056610389895695	0	0	0	0	0	0	0	0	0	0	0	0	0	0	0	0	0	0	0	2
86	2.8096177012578494	19	5265.755898473977	32.80961770125785	22.348035643390883	28.81845503993727	16.492309367491202	5	5797.219492456468	13.507690632508798	24.603584052865646	27.49317316289538	0	0	0	0	0	1	0	0	0	0	0	0	0	0	0	0	0	0	0	1
87	0.010809399895386207	19	5346.9766230159275	29.989190600104614	22.434866949717176	28.364001776986186	0.1528796690783949	19	5878.8835415602225	30.152879669078395	24.666644230322607	27.425086161082852	0	0	0	0	0	0	0	0	0	0	0	0	0	0	0	0	0	0	0	2
88	0.19605442319557298	19	5427.69564228644	29.803945576804427	22.51766558597658	28.4580342558974	1.7311838184432027	19	5964.8221644018395	31.731183818443203	24.746021079627333	27.430672974707186	0	0	0	0	0	0	0	0	0	0	0	0	0	0	0	0	0	0	0	2
89	0.0270866093833817	19	5509.0190018535195	30.02708660938338	22.601103597347766	28.378543857497277	3.1563672490751884	19	6054.620659034751	33.15636724907519	24.839469370398977	29.395981283612336	0	0	0	0	0	0	0	0	0	0	0	0	0	0	0	0	0	0	0	2
90	1.904931687127391	19	5585.109811867549	28.09506831287261	22.661476835979904	28.283445387727312	1.0733416170483778	19	6132.963692155245	28.926658382951622	24.884383535372084	29.27052387112597	0	0	0	0	0	0	0	0	0	0	0	0	0	0	0	0	0	0	0	2
91	0.8292111844260965	19	5668.605592158703	30.829211184426097	22.75025655715867	28.281523228694475	0.9055557326385291	19	6211.761145379349	29.09444426736147	24.930145065067617	28.976418920116025	0	0	0	0	0	0	0	0	0	0	0	0	0	0	0	0	0	0	0	2
92	0.03615084302473903	19	5749.953500691895	30.03615084302474	22.828599506469057	30.118483736185624	2.100179335136488	19	6298.699131078677	32.10017933513649	25.00724220775653	29.135053530113606	0	0	0	0	0	0	0	0	0	0	0	0	0	0	0	0	0	0	0	2
93	19.658680640429544	19	5884.445760759725	49.658680640429544	23.114025901511187	32.0500721620354	6.008902826850452	19	6396.223242901397	36.00890282685045	25.124281150512846	29.451822215368498	0	0	0	0	0	0	0	0	0	0	0	0	0	0	0	0	0	0	0	2
94	4.8129993732812295	19	5978.730967395695	34.81299937328123	23.237172990687714	32.67739070812438	0.16923332992393725	19	6477.9315831699405	30.169233329923937	25.17738591029612	29.447187973098494	0	0	0	0	0	0	0	0	0	0	0	0	0	0	0	0	0	0	0	2
95	8.765600138315072	19	6083.721134436965	38.76560013831507	23.39892744014217	33.48275509798995	3.2558022998016085	19	6567.999381065237	33.25580229980161	25.261536081020136	29.810334181113113	0	0	0	0	0	0	0	0	0	0	0	0	0	0	0	0	0	0	0	2
96	13.31431447739888	19	6201.0307361465875	43.31431447739888	23.604240708567495	34.53322477560406	0.8717764982075096	19	6651.610442414549	30.87177649820751	25.319373611094232	31.546742767682986	0	0	0	0	0	0	0	0	0	0	0	0	0	0	0	0	0	0	0	2
97	3.8491625518445574	19	6292.705551391166	33.84916255184456	23.708780727376446	34.919221970778054	0.3007735474176023	19	6732.045847390293	29.699226452582398	25.364065987027786	31.501377446033388	0	0	0	0	0	0	0	0	0	0	0	0	0	0	0	0	0	0	0	2
98	0.9851386367793289	19	6376.62363519911	30.98513863677933	23.78227929211789	35.03734127677554	2.5924636109612322	19	6820.317103003313	32.59246361096123	25.437080104441254	31.58750542528519	0	0	0	0	0	0	0	0	0	0	0	0	0	0	0	0	0	0	0	2
99	0.023720053412304765	19	6457.937877010435	30.023720053412305	23.844693699730836	35.03700462117844	0.15620597829415672	19	6901.990160861193	30.156205978294157	25.484271363179783	31.28748929820709	0	0	0	0	0	0	0	0	0	0	0	0	0	0	0	0	0	0	0	2
100	4.026223366505363	19	6550.092231961387	34.02622336650536	23.94550092415435	35.63012012654171	1.8849147103192614	19	6988.345138201641	31.88491471031926	25.547644069587104	31.58331493094385	0	0	0	0	0	0	0	0	0	0	0	0	0	0	0	0	0	0	0	2
101	0.299511364897846	19	6632.1534085746525	30.299511364897846	24.007795144161634	35.577150144588884	0.7643607600671949	19	7071.665281926823	30.764360760067195	25.598788350866318	31.750306580214424	0	0	0	0	0	0	0	0	0	0	0	0	0	0	0	0	0	0	0	2
102	5.812366871892927	19	6729.145235519362	35.81236687189293	24.12240263666388	36.154771747475706	0.608427884047746	19	7154.563107446119	30.608427884047746	25.647425627887497	31.60113143510555	0	0	0	0	0	0	0	0	0	0	0	0	0	0	0	0	0	0	0	2
103	6.058127845667812	19	6826.80266510138	36.05812784566781	24.237169225211996	34.794716467999535	4.975211974783015	19	7249.287639877823	34.975211974783015	25.737115881223033	31.497762349898807	0	0	0	0	0	0	0	0	0	0	0	0	0	0	0	0	0	0	0	2
104	11.994070208791388	0	6875.56872495257	18.00592979120861	24.177824087745297	33.11400950979227	16.91490397724308	17	7284.7264416061225	13.085096022756924	25.616620453999545	29.789348619182114	1	0	0	0	0	0	0	0	0	0	0	0	0	0	0	0	0	1	0	0
105	5.149567273947696	19	6970.765469652845	35.149567273947696	24.281331098935887	32.75240622335553	2.571870835631266	19	7372.94192511929	32.571870835631266	25.68223602363758	29.72095547276507	0	0	0	0	0	0	0	0	0	0	0	0	0	0	0	0	0	0	0	2
106	4.920116646123319	19	7065.3407855694295	34.92011664612332	24.38075900124605	31.912986440227986	5.138435951763697	19	7468.10852248865	35.1384359517637	25.77061172390044	30.14762141812069	0	0	0	0	0	0	0	0	0	0	0	0	0	0	0	0	0	0	0	2
107	0.6132663497767403	19	7144.9298558721175	29.38673365022326	24.42711061836621	31.46674355006585	1.1726463408000072	19	7552.53443966165	31.172646340800007	25.820630562945805	30.294963406942447	0	0	0	0	0	0	0	0	0	0	0	0	0	0	0	0	0	0	0	2
108	2.6845495120652316	19	7233.450510800628	32.68454951206523	24.502866938491888	31.636684637594442	0.10505939601231162	19	7634.06897552585	30.10505939601231	25.8599372494877	30.04622298544756	0	0	0	0	0	0	0	0	0	0	0	0	0	0	0	0	0	0	0	2
109	1.530322680363323	19	7310.555886874644	28.469677319636677	24.53892885104775	31.48128036421687	0.7716028842240057	19	7717.40873333729	30.771602884224006	25.90458875525803	30.107762676040544	0	0	0	0	0	0	0	0	0	0	0	0	0	0	0	0	0	0	0	2
110	0.22883650690079804	19	7391.186121335121	29.771163493099202	24.58606610007524	31.055774376876258	1.362470673408005	19	7802.34875807777	31.362470673408005	25.953758862628753	30.055518272349417	0	0	0	0	0	0	0	0	0	0	0	0	0	0	0	0	0	0	0	2
111	1.478448003125166	19	7468.431991326657	28.521551996874834	24.62120436701095	30.877978440073957	0.2340362507519984	19	7882.96490989865	29.765963749248	25.98779640625928	29.955678571267498	0	0	0	0	0	0	0	0	0	0	0	0	0	0	0	0	0	0	0	2
112	0.020699066764070295	19	7549.625931354171	29.97930093323593	24.668621150782855	30.294671846208264	1.145243873516307	19	7967.31661205609	31.145243873516307	26.033437534288105	30.009360170214347	0	0	0	0	0	0	0	0	0	0	0	0	0	0	0	0	0	0	0	2
113	0.4026296111689831	19	7631.966386551087	30.402629611168983	24.7189194706108	29.72912202275838	4.898124467261539	19	8061.83236582159	34.89812446726154	26.11119794598085	30.001651419462206	0	0	0	0	0	0	0	0	0	0	0	0	0	0	0	0	0	0	0	2
114	2.01328091881107	19	7718.669022372867	32.01328091881107	24.78234870059515	31.12985713551862	7.4454129018092345	19	8163.247025763991	37.445412901809235	26.209756336901098	32.43768310736744	0	0	0	0	0	0	0	0	0	0	0	0	0	0	0	0	0	0	0	2
115	5.496220154355683	19	7814.804618624247	35.49622015435568	24.874709661403433	31.16452242355942	0.4867157352369169	19	8245.815214213591	30.486715735236917	26.246626676541922	32.22916759732801	0	0	0	0	0	0	0	0	0	0	0	0	0	0	0	0	0	0	0	2
116	4.875902329689602	19	7909.260187433823	34.8759023296896	24.960189940619554	31.160100991916046	18.60623618436923	1	8276.673324547592	11.39376381563077	26.11967913072217	29.854700383714714	0	1	0	0	0	0	0	0	0	0	0	0	0	0	0	0	0	0	0	1
117	4.851193946915437	19	8003.648837706719	34.85119394691544	25.04401200846952	31.70654702158526	0.6403529705353961	19	8359.657613842792	30.640352970535396	26.157989925974825	29.801471046688242	0	0	0	0	0	0	0	0	0	0	0	0	0	0	0	0	0	0	0	2
118	2.649656127803077	19	8092.074989719519	32.64965612780308	25.10792498426224	31.703057683159052	0.6305760699323066	19	8439.199803653391	29.369423930067693	26.18497676634535	29.727907500093785	0	0	0	0	0	0	0	0	0	0	0	0	0	0	0	0	0	0	0	2
119	16.702506566742642	19	8218.560945004447	46.70250656674264	25.28787983078291	33.52634060786964	0.268810087528621	19	8519.721776333	29.73118991247138	26.21452854256307	29.62386620291852	0	0	0	0	0	0	0	0	0	0	0	0	0	0	0	0	0	0	0	2
120	0.884768237567993	19	8297.414697694367	29.115231762432007	25.319510838482486	33.46074743480293	0.11728228351606163	19	8600.654136815145	29.88271771648394	26.24484415557068	29.47589090722612	0	0	0	0	0	0	0	0	0	0	0	0	0	0	0	0	0	0	0	2
