task	r0_energy	r0_config	r0_reward	r0_rate	r1_energy	r1_config	r1_reward	r1_rate	c0	c1	c2	c3	c4	c5	c6	c7	c8	c9	c10	c11
0	42.01401800239999	0	42.01401800239999	15.049797493397016	69.653092124967	0	69.653092124967	24.95036135819713	2	0	0	0	0	0	0	0	0	0	0	0
1	40.727251944399995	1	82.74126994679999	14.588866368143286	40.27903679368801	1	109.93212891865501	14.428311687291227	0	2	0	0	0	0	0	0	0	0	0	0
2	39.00438338399999	2	121.74565333079998	13.97171942113433	40.16828134540799	2	150.100410264063	14.38863809387749	0	0	2	0	0	0	0	0	0	0	0	0
3	71.73255155620001	3	193.478204887	25.695242348489558	69.194022948372	3	219.29443321243497	24.78591866807355	0	0	0	2	0	0	0	0	0	0	0	0
4	82.20472387319998	4	275.68292876019996	29.44646825308656	87.52577496440401	4	306.82020817683895	31.352516405159644	0	0	0	0	2	0	0	0	0	0	0	0
5	40.983212113935004	3	316.66614087413495	14.680553593051345	88.64708755862398	3	395.4672957354629	31.75418061801456	0	0	0	2	0	0	0	0	0	0	0	0
6	167.75306889957	3	484.41920977370495	60.09065154611462	68.00305497585599	0	463.47035071131893	24.35930327493349	1	0	0	1	0	0	0	0	0	0	0	0
7	74.17833883236	0	558.597548606065	26.571345253382685	49.671443210819994	0	513.141793922139	17.792755777010147	2	0	0	0	0	0	0	0	0	0	0	0
8	39.43744388306099	0	598.0349924891259	14.1268455700517	38.022911787888	0	551.164705710027	13.620147506109134	2	0	0	0	0	0	0	0	0	0	0	0
9	68.651079759675	0	666.6860722488009	24.591431555704478	64.833911946264	0	615.998617656291	23.2240878613483	2	0	0	0	0	0	0	0	0	0	0	0
10	93.16508885838	0	759.8511611071809	33.372569143300296	65.74671285109198	0	681.745330507383	23.551061319794147	2	0	0	0	0	0	0	0	0	0	0	0
11	34.464752277228	0	794.315913384409	12.345582905275702	42.354905563872	0	724.1002360712549	15.171906470640717	2	0	0	0	0	0	0	0	0	0	0	0
12	73.304472385914	1	867.620385770323	26.25831846659606	36.27638651270399	0	760.3766225839589	12.994526512013369	1	1	0	0	0	0	0	0	0	0	0	0
13	65.971900774668	0	933.592286544991	23.631725650627345	36.440401571316	0	796.8170241552749	13.053278174799763	2	0	0	0	0	0	0	0	0	0	0	0
14	54.260893860768	0	987.853180405759	19.436738099379582	86.93292966797999	3	883.7499538232549	31.14015391091821	1	0	0	1	0	0	0	0	0	0	0	0
15	53.99108882832	0	1041.8442692340789	19.34009152059224	49.80803305679999	0	933.557986880055	17.841683483032835	2	0	0	0	0	0	0	0	0	0	0	0
16	93.33742057021199	0	1135.181689804291	33.43429990574758	51.33285172568	0	984.890838605735	18.387887185318206	2	0	0	0	0	0	0	0	0	0	0	0
17	104.896552997964	0	1240.0782428022549	37.574884655987105	52.631145290125005	0	1037.52198389586	18.852947566611945	2	0	0	0	0	0	0	0	0	0	0	0
18	36.425889088800005	1	1276.5041318910548	13.048079673600002	49.384400209919995	0	1086.90638410578	17.689934403553433	1	1	0	0	0	0	0	0	0	0	0	0
19	36.173211075935995	0	1312.6773429669909	12.957568146603938	36.869149904400004	0	1123.77553401018	13.20685966724776	2	0	0	0	0	0	0	0	0	0	0	0
20	34.42715059104	0	1347.1044935580308	12.33211364455164	35.076248304855	0	35.076248304855	12.56462625845552	2	0	0	0	0	0	0	0	0	0	0	0
21	82.05612895344001	0	1429.1606225114708	29.393240222127773	76.49788581053	1	111.574134115385	27.40222775302567	1	1	0	0	0	0	0	0	0	0	0	0
22	39.555267169344	1	1468.7158896808148	14.169050926332178	51.708408328800004	2	163.282542444185	18.522414923749256	0	1	1	0	0	0	0	0	0	0	0	0
23	40.733130661871996	0	1509.4490203426867	14.590972177386984	36.640204024875	2	199.92274646906	13.124849202940297	1	0	1	0	0	0	0	0	0	0	0	0
24	39.21560051277	0	1548.6646208554566	14.047379288156419	37.02730690824	2	236.9500533773	13.263512922354629	1	0	1	0	0	0	0	0	0	0	0	0
25	35.110240966372004	1	1583.7748618218286	12.57680273422281	36.72467624385	1	273.67472962115	13.155107908244775	0	2	0	0	0	0	0	0	0	0	0	0
26	36.446163104945	0	1620.2210249267737	13.055342007741494	39.46870082596	1	313.14343044711	14.13804208691104	1	1	0	0	0	0	0	0	0	0	0	0
27	96.76860104045998	0	1716.9896259672337	34.66337947717969	40.458326759334	1	353.601757206444	14.492534958567404	1	1	0	0	0	0	0	0	0	0	0	0
28	77.98634620277998	0	1794.9759721700136	27.935407595025666	53.16452033521199	1	406.766277541656	19.044007284255038	1	1	0	0	0	0	0	0	0	0	0	0
29	39.045986714826	0	1834.0219588848397	13.986622106803344	52.23533025506399	1	459.00160779672	18.711163076440837	1	1	0	0	0	0	0	0	0	0	0	0
30	36.29628214748	0	1870.3182410323197	13.00165330656	53.310184395038995	1	512.311792191759	19.09618545493934	1	1	0	0	0	0	0	0	0	0	0	0
31	34.529197270359994	0	1904.8474383026798	12.368667678934923	53.49233586245999	1	565.804128054219	19.16143374177671	1	1	0	0	0	0	0	0	0	0	0	0
32	45.196970503482	0	1950.0444088061618	16.189959583336837	38.084680726091996	1	603.8888087803109	13.642273692928477	1	1	0	0	0	0	0	0	0	0	0	0
33	34.318666522403994	0	1984.3630753285659	12.293253679667103	36.82560954243599	1	640.714418322747	13.191263119678567	1	1	0	0	0	0	0	0	0	0	0	0
34	39.151770386519	0	39.151770386519	14.024514765320236	42.704084042004	0	42.704084042004	15.296985328479042	2	0	0	0	0	0	0	0	0	0	0	0
35	50.98142785494	1	90.133198241459	18.2620040077397	37.2065475705	1	79.910631612504	13.32771853271642	0	2	0	0	0	0	0	0	0	0	0	0
36	40.975025607594006	2	131.108223849053	14.677621113168001	35.311635728886	2	115.22226734139001	12.648944141690508	0	0	2	0	0	0	0	0	0	0	0	0
37	35.72047996920001	1	166.828703818253	12.795395809862688	51.392819044999996	3	166.61508638639	18.4093680161194	0	1	0	1	0	0	0	0	0	0	0	0
38	53.03675601081001	1	219.865459829063	18.998240959096123	52.13742182404	4	218.75250821043	18.67609139965612	0	1	0	0	1	0	0	0	0	0	0	0
39	86.07680963836502	1	305.94226946742805	30.833484049563587	93.405274485926	4	312.157782696356	33.458605786003346	0	1	0	0	1	0	0	0	0	0	0	0
40	50.578637278064996	1	356.52090674549305	18.117720816023283	56.213899302899996	3	368.371681999256	20.13632213835224	0	1	0	1	0	0	0	0	0	0	0	0
41	95.77444044714	1	452.295347192633	34.30726224972179	49.68970250926099	3	418.061384508517	17.79929642122782	0	1	0	1	0	0	0	0	0	0	0	0
42	52.178815002258006	1	504.47416219489105	18.69091880677899	42.244798142987996	3	460.30618265150497	15.132465006443462	0	1	0	1	0	0	0	0	0	0	0	0
43	65.983380221952	1	570.457542416843	23.6358376914455	37.1172661349	3	497.42344878640495	13.295737122949255	0	1	0	1	0	0	0	0	0	0	0	0
44	66.45336448050601	1	636.910906897349	23.804190261673792	66.41990693457001	3	563.843355720975	23.792205469099702	0	1	0	1	0	0	0	0	0	0	0	0
45	88.51958261848799	0	88.51958261848799	31.70850720662256	38.828628146376005	3	602.671983867351	13.908762321089911	1	0	0	1	0	0	0	0	0	0	0	0
46	46.68088398072	1	135.20046659920797	16.721510679660895	85.54929297874199	3	688.2212768460929	30.64452285805683	0	1	0	1	0	0	0	0	0	0	0	0
47	35.925806447999996	2	171.12627304720797	12.868945593313432	40.68710166423	3	728.9083785103229	14.57448417823164	0	0	1	1	0	0	0	0	0	0	0	0
48	36.71041224	3	207.83668528720796	13.149998414328358	55.723630444019996	3	784.632008954343	19.960703442634028	0	0	0	2	0	0	0	0	0	0	0	0
49	35.94563966399999	4	243.78232495120795	12.876050028895518	37.465397611344	3	822.0974065656869	13.420440935406805	0	0	0	1	1	0	0	0	0	0	0	0
50	50.15755188799999	1	293.93987683920795	17.96688425838806	69.47198298348599	3	891.5693895491729	24.885486441845728	0	1	0	1	0	0	0	0	0	0	0	0
51	48.938846739999995	1	342.87872357920793	17.530333160597014	44.951857207612	0	44.951857207612	16.102157805711762	1	1	0	0	0	0	0	0	0	0	0	0
52	38.012233951999995	1	380.8909575312079	13.61632260967164	55.473226360333	1	100.425083567945	19.871006457432713	0	2	0	0	0	0	0	0	0	0	0	0
53	40.10517565599999	1	420.9961331872079	14.366033070805969	52.457610239869005	2	152.882693807814	18.790785757565015	0	1	1	0	0	0	0	0	0	0	0	0
54	37.86268902	1	458.8588222072079	13.562754275820893	40.507431163992	3	193.39012497180602	14.510124596056837	0	1	0	1	0	0	0	0	0	0	0	0
55	41.128151488	1	499.9869736952079	14.732472174805972	66.78074078755199	4	260.170865759358	23.921459386585784	0	1	0	0	1	0	0	0	0	0	0	0
56	36.229905936	1	536.2168796312079	12.97787675319403	46.600298355891	1	306.771164115249	16.692644187184836	0	2	0	0	0	0	0	0	0	0	0	0
57	35.25670211599999	1	571.473581747208	12.629266429611937	40.459883792532	4	347.231047907781	14.493092701802503	0	1	0	0	1	0	0	0	0	0	0	0
58	35.542093848	1	607.015675595208	12.731496303761196	37.450581794079994	4	384.68162970186097	13.415133776983879	0	1	0	0	1	0	0	0	0	0	0	0
59	66.06417590308199	0	66.06417590308199	23.664779427969666	51.778412364599994	2	436.46004206646097	18.547490996274625	1	0	1	0	0	0	0	0	0	0	0	0
60	80.63347310479999	1	146.69764900788198	28.88363215694329	62.985477710699996	2	499.44551977716094	22.56196216502687	0	1	1	0	0	0	0	0	0	0	0	0
61	53.185877847375004	2	199.88352685525697	19.051657736373137	53.347889076666	2	552.7934088538269	19.109691609551998	0	0	2	0	0	0	0	0	0	0	0	0
62	54.236492471525	3	254.12001932678197	19.427997303232836	85.39754595917998	2	638.1909548130069	30.590165716721188	0	0	1	1	0	0	0	0	0	0	0	0
63	55.37881804822499	4	309.498837375007	19.837188554588057	66.66337977717599	3	704.8543345901829	23.879419621674984	0	0	0	1	1	0	0	0	0	0	0	0
64	83.11624936852999	4	392.61508674353695	29.772984848428656	87.57102588624	2	792.425360476423	31.368725690593433	0	0	1	0	1	0	0	0	0	0	0	0
65	65.56376876917	3	458.17885551270695	23.48552911134448	40.03932582774799	2	832.464686304171	14.342445072626147	0	0	1	1	0	0	0	0	0	0	0	0
66	35.45395951104	3	493.63281502374696	12.699925794999402	41.831197367128	2	874.295883671299	14.984309504642866	0	0	1	1	0	0	0	0	0	0	0	0
67	38.03175940928	0	531.6645744330269	13.62331680332418	37.011156872664	2	911.307040543963	13.25772783498412	1	0	1	0	0	0	0	0	0	0	0	0
68	35.2150093743	2	566.879583807327	12.614331716167166	37.978445285144	2	949.285485829107	13.604219206618746	0	0	2	0	0	0	0	0	0	0	0	0
69	35.063233836749994	0	601.942817644077	12.559964359432835	35.30247905808	2	984.587964887187	12.645664140207762	1	0	1	0	0	0	0	0	0	0	0	0
70	45.452836867340004	3	647.395654511417	16.281613206211343	37.811281883648	3	1022.399246770835	13.544339779217196	0	0	0	2	0	0	0	0	0	0	0	0
71	38.53367279347599	4	685.9293273048929	13.80310667228991	37.04644462142	4	1059.445691392255	13.270368222598206	0	0	0	0	2	0	0	0	0	0	0	0
72	35.979349513799995	4	721.9086768186929	12.888125198973134	86.83776384992798	2	1146.283455242183	31.10606466266077	0	0	1	0	1	0	0	0	0	0	0	0
73	109.054839326433	4	830.9635161451259	39.064420057229725	52.049559133680006	2	1198.333014375863	18.644618197139103	0	0	1	0	1	0	0	0	0	0	0	0
74	35.38668600438999	4	866.3502021495159	12.675827822468058	68.837932990716	2	1267.170947366579	24.65836405637588	0	0	1	0	1	0	0	0	0	0	0	0
75	53.185461474096	4	919.5356636236119	19.051508587735878	40.565195004168004	2	1307.736142370747	14.530816120896	0	0	1	0	1	0	0	0	0	0	0	0
76	35.586472798463994	4	955.1221364220759	12.747393241240834	37.815849259944	2	1345.5519916306912	13.545975854308299	0	0	1	0	1	0	0	0	0	0	0	0
77	35.83459725664	4	990.9567336787159	12.836273644169554	69.19591129446401	2	1414.7479029251551	24.786595090554272	0	0	1	0	1	0	0	0	0	0	0	0
78	35.559002334240006	4	1026.5157360129558	12.737553074951645	40.90259604921	0	1455.650498974365	14.651676196731938	1	0	0	0	1	0	0	0	0	0	0	0
79	89.94869581912201	4	1116.464431832078	32.22042835311833	53.93697241399	2	1509.587471388355	19.320706536354624	0	0	1	0	1	0	0	0	0	0	0	0
80	35.536053426959995	4	1152.000485259038	12.72933257085134	83.96873476412598	2	1593.5562061524809	30.078352751328705	0	0	1	0	1	0	0	0	0	0	0	0
81	69.678343708296	4	1221.678828967334	24.959406701479164	56.753925595362	2	1650.310131747843	20.329764392368478	0	0	1	0	1	0	0	0	0	0	0	0
82	50.921378937120004	4	1272.600207904454	18.240493947625076	86.71989228352999	2	1737.030024031373	31.063842012010745	0	0	1	0	1	0	0	0	0	0	0	0
83	60.489201931005006	4	1333.089409835459	21.66777382603164	38.518704231423996	2	1775.5487282627969	13.797744799316057	0	0	1	0	1	0	0	0	0	0	0	0
84	64.180799332539	4	1397.270209167998	22.99013707434233	71.98957831936801	2	1847.538306582165	25.78731163678854	0	0	1	0	1	0	0	0	0	0	0	0
85	54.646991150889	2	1451.9172003188871	19.575041606288593	37.359999679463996	2	1884.898306261629	13.382686452345315	0	0	2	0	0	0	0	0	0	0	0	0
86	48.31163182101599	4	1500.228832139903	17.305659159766922	103.839428478428	2	1988.737734740057	37.196213186302565	0	0	1	0	1	0	0	0	0	0	0	0
87	38.544957758835004	4	1538.773789898738	13.807149047940898	56.161018360174	2	2044.898753100231	20.1173797111071	0	0	1	0	1	0	0	0	0	0	0	0
88	67.59878830716602	4	1606.372578205904	24.214491333910214	40.13729077376	2	2085.036043873991	14.377536993585673	0	0	1	0	1	0	0	0	0	0	0	0
89	47.006900658000006	4	1653.3794788639038	16.838292773014928	37.26358900581201	2	2122.2996328798026	13.348151285664004	0	0	1	0	1	0	0	0	0	0	0	0
90	35.348104361958	1	1688.7275832258617	12.662007532641672	37.378181703672006	2	2159.6778145834746	13.38919941624072	0	1	1	0	0	0	0	0	0	0	0	0
91	42.653618924112	1	1731.3812021499737	15.2789082713237	37.533840991812006	2	2197.211655575287	13.444957967216242	0	1	1	0	0	0	0	0	0	0	0	0
92	71.41407059707198	4	1802.7952727470456	25.581159616861605	39.127536229612005	1	2236.3391918048987	14.015833873293854	0	1	0	0	1	0	0	0	0	0	0	0
93	42.298418256359994	4	1845.0936910034056	15.151672211233434	52.56225598773601	0	2288.901447792635	18.828270801577077	1	0	0	0	1	0	0	0	0	0	0	0
94	46.88949312793199	4	1891.9831841313376	16.79623634433385	69.49459595736002	2	2358.396043749995	24.893586611591648	0	0	1	0	1	0	0	0	0	0	0	0
95	43.13287095532799	4	1935.1160550866655	15.450580640714502	37.67569285656	2	2396.071736606555	13.49577057548418	0	0	1	0	1	0	0	0	0	0	0	0
96	36.055644646055995	2	1971.1716997327214	12.915454798587223	67.02949248336	2	2463.1012290899153	24.010564471651342	0	0	2	0	0	0	0	0	0	0	0	0
97	35.912897508852	4	2007.0845972415734	12.864321495708179	40.785131733983995	2	2503.8863608238994	14.609599427098743	0	0	1	0	1	0	0	0	0	0	0	0
98	70.15360547426401	4	2077.2382027158374	25.129649722124427	54.865497817872	2	2558.7518586417714	19.653312651178027	0	0	1	0	1	0	0	0	0	0	0	0
99	35.967664249704	4	2113.205866965541	12.883939432729791	NA	NA	NA	NA	0	0	0	0	1	0	0	0	0	0	0	0
100	39.57991588663201	4	2152.7857828521733	14.177880317599527	NA	NA	NA	NA	0	0	0	0	1	0	0	0	0	0	0	0
101	35.917230932399995	1	2188.703013784573	12.86587376682985	NA	NA	NA	NA	0	1	0	0	0	0	0	0	0	0	0	0
102	35.5651728628	4	2224.268186647373	12.739763413540295	NA	NA	NA	NA	0	0	0	0	1	0	0	0	0	0	0	0
103	39.80772071116	4	2264.075907358533	14.259482045788658	NA	NA	NA	NA	0	0	0	0	1	0	0	0	0	0	0	0
104	49.761231386460004	4	2313.8371387449934	17.824918705597614	NA	NA	NA	NA	0	0	0	0	1	0	0	0	0	0	0	0
105	55.1977584384	4	2369.0348971833932	19.772331380919404	NA	NA	NA	NA	0	0	0	0	1	0	0	0	0	0	0	0
106	83.92366833390001	4	2452.958565517293	30.062209552441793	NA	NA	NA	NA	0	0	0	0	1	0	0	0	0	0	0	0
107	55.293795891120006	4	2508.2523614084134	19.8067328565206	NA	NA	NA	NA	0	0	0	0	1	0	0	0	0	0	0	0
108	63.0533061483	4	2571.3056675567136	22.58625891879403	NA	NA	NA	NA	0	0	0	0	1	0	0	0	0	0	0	0
109	36.65394699408	0	36.65394699408	13.129772057580896	NA	NA	NA	NA	1	0	0	0	0	0	0	0	0	0	0	0
110	47.405027523559994	1	84.05897451764	16.98090538157373	NA	NA	NA	NA	0	1	0	0	0	0	0	0	0	0	0	0
111	78.26833443	2	162.32730894764	28.036418303283586	NA	NA	NA	NA	0	0	1	0	0	0	0	0	0	0	0	0
112	40.07109008073	1	202.39839902837002	14.353823312500301	NA	NA	NA	NA	0	1	0	0	0	0	0	0	0	0	0	0
113	67.360224570288	1	269.758623598658	24.129035666968836	NA	NA	NA	NA	0	1	0	0	0	0	0	0	0	0	0	0
114	37.260201852323995	1	307.018825450982	13.34693797695188	NA	NA	NA	NA	0	1	0	0	0	0	0	0	0	0	0	0
115	85.45120632610201	1	392.470031777084	30.60938734069326	NA	NA	NA	NA	0	1	0	0	0	0	0	0	0	0	0	0
116	34.079071235055004	1	426.54910301213897	12.207428502109256	NA	NA	NA	NA	0	1	0	0	0	0	0	0	0	0	0	0
117	43.97774394395199	1	470.52684695609094	15.753221711266386	NA	NA	NA	NA	0	1	0	0	0	0	0	0	0	0	0	0
118	33.69931996081	1	504.2261669169009	12.071398194917016	NA	NA	NA	NA	0	1	0	0	0	0	0	0	0	0	0	0
119	41.11876969872	1	545.3449366156209	14.72911153386985	NA	NA	NA	NA	0	1	0	0	0	0	0	0	0	0	0	0
120	70.16580607791998	1	615.5107426935409	25.13402008761313	NA	NA	NA	NA	0	1	0	0	0	0	0	0	0	0	0	0
121	36.585995848766004	1	652.0967385423069	13.105431348811704	NA	NA	NA	NA	0	1	0	0	0	0	0	0	0	0	0	0
122	70.06228301545201	1	722.1590215577589	25.096937199564902	NA	NA	NA	NA	0	1	0	0	0	0	0	0	0	0	0	0
123	40.37815285322	1	762.5371744109789	14.46381594742209	NA	NA	NA	NA	0	1	0	0	0	0	0	0	0	0	0	0
124	85.246045730755	1	847.7832201417339	30.535896978180897	NA	NA	NA	NA	0	1	0	0	0	0	0	0	0	0	0	0
125	53.282718437129994	1	901.0659385788639	19.086346902852537	NA	NA	NA	NA	0	1	0	0	0	0	0	0	0	0	0	0
126	56.633754812544005	1	957.6996933914079	20.286718141806805	NA	NA	NA	NA	0	1	0	0	0	0	0	0	0	0	0	0
127	56.50486181339999	1	1014.2045552048079	20.24054751524776	NA	NA	NA	NA	0	1	0	0	0	0	0	0	0	0	0	0
128	69.514491830784	1	1083.719047035592	24.900713491624117	NA	NA	NA	NA	0	1	0	0	0	0	0	0	0	0	0	0
129	36.607709590543	1	1120.326756626135	13.113209405567643	NA	NA	NA	NA	0	1	0	0	0	0	0	0	0	0	0	0
130	49.7325321493	1	1170.0592887754349	17.814638381838808	NA	NA	NA	NA	0	1	0	0	0	0	0	0	0	0	0	0
