71.39218749461999
39.750547198896
39.069578567183996
41.86942324945599
35.53348087511999
39.12534170742399
36.002464722431995
39.27734574814399
35.33559846975
34.56142602456
34.241696331644995
33.94608934059
34.76643942969
40.040500200749996
38.023742896488
38.385983250336004
44.582755176960006
33.82321170702001
40.11797035011001
33.862574774064
84.08036144734999
47.978016423774
48.09366175614
48.532285092886
44.52186132575999
48.740813698752
34.335180319104
32.926170783744
34.853840187264005
36.933465344832
38.34778441536001
37.920254383872
46.139166114047995
39.341856363264
42.801046538354996
47.421990753083996
47.60479972309499
41.817571225559995
38.037112166808
33.84933679248
33.655118408335994
36.75451244384
34.672811818343995
34.16117890579999
34.05651122528
50.30575833595199
52.647848239008
51.931969174559995
51.88874296416
50.476792729799996
48.634135333448
33.690580239456
32.04115040071399
31.9803305048
79.280137968318
31.905367146709995
33.577400383
37.789153179372
37.818119070297996
38.141331407896
114.39806049693
37.75714626158
45.09873375623999
44.553441803934
47.33137789847599
42.854053380306
32.359169212958
34.75837319847199
31.29057946644
32.10377674455
33.41944835811
31.582965147
34.00699389444
31.34583972306
34.60365644913
32.1005673297
37.46774683260001
39.67850471375999
36.2823156234
35.1281025657
31.631579993699997
31.526847718080006
62.08318893942
32.26785240924
31.934469833280005
31.223127406805997
31.796126108253006
202.6732097808
36.531235456
42.642139205599996
32.696239342800006
35.55819021600001
32.215682214299996
29.716619312100004
63.8426530885
34.7484264015
33.2207087373
41.3517727008
31.356430899799996
34.7969603967
30.7957015793
29.598035747700003
