64.111516859904
35.522201815176004
35.525752378428
43.36478865026401
66.23147850966001
34.295916506598005
33.57613922332799
38.217722208258
46.642347605616
64.70312905683
44.771345350266
37.971763183548
66.437116367082
38.737490272494
33.45627224244
64.641969009024
33.579319224308
33.616217555952
65.656438621884
33.263752809395996
46.441690588608
33.490579760352
33.27823148748
71.974321941711
43.758730310939995
87.57777438341999
75.709808308014
45.07406184072
36.270280748352
72.69224508708801
36.262368327672
38.671583861252
77.281625282992
35.880334418368
66.669516463728
38.535532699860006
37.19624280372
75.62500778595
35.27862975629999
36.137370855600004
63.97040346543
42.10928281107999
49.9691857068
63.017606011919995
35.406081491799995
74.2177972488
35.80527813584
63.97478139359999
83.14699141643999
50.15970505968
39.16370427032
61.83540501137999
59.37365274237599
60.58011407957999
29.859019588769996
32.835171821219994
33.240509292671995
91.11212383527
72.407673912084
32.029877559312
30.028052827152
28.839736081709997
28.820390665835998
28.857985049633996
35.163451731395995
28.824365588303994
29.725257304925996
76.77100370141999
76.89796650784798
77.71107180168899
85.108925929734
45.289891753343994
31.623469854236998
29.832905229732
29.204443900799994
29.296579483583994
29.240299793474996
29.923053144767994
36.023159134206
42.79496238405
42.95580364368
45.930974161056
31.850777586432
37.558248389925
30.705219719514005
67.63274974046101
38.932584588674
30.759681982344
37.970626832712
37.964303242992
31.162642378602
46.57274379058
45.65265028389
48.949648323072
45.546279899713994
34.263382011786
31.500516473250002
29.514483129251996
29.75877233019
72.29092369607999
68.098567798202
76.342869278598
