task	oracle_reward	oracle_total_reward	vbde50_reward	vbde50_total_reward	static2_reward	static2_total_reward	pessimist_reward	pessimist_total_reward
0	13.24160090803108	35.862669125917506	40.74396045175566	40.74396045175566	49.661076849461324	49.661076849461324	29.10551228260634	78.8274290987255
1	12.967708888263322	70.98354736496401	68.28550159146467	109.02946204322033	47.982788768746	97.64386561820733	33.25173710360677	168.8842170876605
2	14.50290907807754	110.26225945142403	67.40662918778968	176.43609123101	68.65648530201166	166.300350920219	33.45886596701354	259.50197908165546
3	16.62248330256259	155.28148506253103	42.12911720592333	218.56520843693332	65.336213056102	231.63656397632099	33.09586693553539	349.13661869873044
4	16.46943112671951	199.88619436406304	71.87984184023283	290.44505027716616	68.74036338874616	300.37692736506716	38.79512644275692	454.20675281453043
5	14.819560853443388	240.02250500880552	55.69031461239532	346.1353648895615	65.0124587358505	365.38938610091765	29.904392207209842	535.1978150423904
6	13.39421101329563	276.29849316981455	52.003684871957	398.1390497615185	43.173622397357	408.5630084982747	30.692356182402463	618.3229463697305
7	15.9433739915808	319.47846439701254	45.48471419014433	443.6237639516628	41.478370545677826	450.0413790439524	39.85432032727016	726.2617305894205
8	13.277150761709539	355.43741437664255	47.87217472182733	491.4959386734902	67.17773122229217	517.2191102662447	34.4895593587045	819.6709538525786
9	15.72365369680985	398.0223098055026	78.13652239689999	569.6324610703901	60.43247293056649	577.6515831968112	38.397442777925534	923.6640280427936
10	12.79718363849354	432.68134882642255	97.74728814669834	667.3797492170885	78.11709448500133	655.7686776818124	35.90747871023188	1020.9134495496717
11	14.845000420785599	472.8865582993835	104.5255874776335	771.9053366947219	64.16734099729267	719.9360186791051	32.78906769917796	1109.7171745682786
12	15.62512635235348	515.2046088370075	59.9569017866205	831.8622384813424	36.170091019283	756.1061096983881	33.51983008342486	1200.5000477108874
13	16.169928568430404	558.9981653765066	86.16059074757982	918.0228292289224	36.738398600078995	792.8445082984672	30.574175106788303	1283.3051052917726
14	15.678121797808984	601.4597452455725	47.60375205232	965.6265812812422	48.62752107198467	841.4720293704519	30.095241337011323	1364.8130505795116
15	19.982531128576248	655.5791003854665	42.065292439275666	1007.6918737205178	48.38072123807634	889.852750608528	28.99446468475182	1443.339725767381
16	16.86706367473846	701.2607311712165	58.800027082832834	1066.4919008033505	58.434806547856994	948.2875571563851	30.41175420249785	1525.7048933991462
17	13.696959634008	738.3566635133216	37.69516541538233	1104.1870662187332	50.99113972470266	999.2786968810879	31.630573591174155	1611.371030208576
18	13.725337137377723	775.5294515937196	60.99336073527283	1165.180426954006	58.209083069279664	1057.4877799503674	36.61319002028031	1710.5317531801688
19	16.068529631311016	819.0483860118536	46.32084971184983	1211.5012766658558	62.03998971165216	1119.5277696620196	36.169196595097844	1808.4899939585587
20	16.534189388827382	863.828482273261	64.3149731861585	1275.8162498520144	97.27936008427632	1216.807129746296	36.98075170179138	1908.6461964842438
21	16.100088163126152	907.432887715061	59.26751574520367	1335.083765597218	92.10109477280484	1308.908224519101	36.22556528576345	2006.7571024665197
22	17.15997551182172	953.9078213929115	47.674349234163664	1382.7581148313814	98.72525993506918	1407.63348445417	37.64918843291022	2108.7236544723182
23	23.486512086971814	1017.5171249617936	42.02442236159367	1424.7825371929755	97.10530132013584	1504.7387857743058	38.400327463389594	2212.7245413523315
24	22.013154928547447	1077.1360862266097	46.51066953431633	1471.2932067272916	48.776093749353	1553.514879523659	33.65251033960911	2303.8667568554397
25	14.587698204918276	1116.6444355315966	95.18951611755551	1566.4827228448469	44.78202823685867	1598.2969077605176	34.95033343730548	2398.523909914809
26	14.300928699019199	1155.3761174247734	62.25655205960183	1628.739274904449	45.035831732283334	1643.3327394928008	32.04313117287507	2485.307390174679
27	13.011379183523076	1190.6152693801484	82.436289954845	1711.1755648592941	33.72495102472967	1677.0576905175303	28.82443574965015	2563.3735703299817
28	13.662959420596618	1227.6191178109311	53.99534094315583	1765.1709058024499	40.28006100499917	1717.33775152253	34.80236669287754	2657.6299801231917
29	12.944559724523074	1262.677300398181	46.892591844041995	1812.063497646492	49.175550890384336	1766.5133024129143	34.254603336622154	2750.4028641598766
30	13.58292698524357	1299.4643943165488	59.73090177893917	1871.794399425431	39.1035690869105	1805.6168714998246	34.038014809612804	2842.5891542692443
31	13.833207252930464	1336.929330626569	44.70978335521951	1916.5041827806501	69.4088703602955	1875.0257418601202	36.39071701548184	2941.147346186174
32	19.42262942664443	1389.5322853237308	54.051486425431506	1970.5556692060818	57.778696175971994	1932.8044380360916	35.00399711687261	3035.9498383777045
33	15.456230007912184	1431.3929082618265	45.48379191081049	2016.0394611168924	65.13086547603866	1997.9353035121305	33.29975298217107	3126.1366693710843
34	26.164037761962643	1502.2538438671418	31.278614915053996	2047.3180760319467	53.51903364394217	2051.454337156073	33.9429870879408	3218.0655927342573
35	16.353359207507445	1546.544191720808	45.08535414327116	2092.4034301752176	55.9725614823505	2107.426898638423	31.982652019817166	3304.6852752879286
36	13.645173542429536	1583.499870064888	43.847981447705166	2136.2514116229227	69.15404284727917	2176.5809414857026	34.53031241179125	3398.2048714031966
37	13.574128113734217	1620.2631337062512	49.859607909741335	2186.111019532664	47.49866371568833	2224.0796052013907	33.33082107506159	3488.4758451481553
38	13.789070373517664	1657.6085326345283	58.31529090544634	2244.4263104381102	70.79934207099116	2294.878947272382	34.98550565862462	3583.2282563069302
39	12.884205863831262	1692.5032568490715	43.9711362363585	2288.397446674469	51.213756413286	2346.092703685668	34.56972955024135	3676.8546071721676
40	12.8161423932552	1727.2136424974708	64.81527634282615	2353.212723017295	43.872891149742664	2389.9655948354102	36.86764947212603	3776.7044911591756
41	12.789129326484552	1761.8508677566997	46.757678058397495	2399.9704010756927	53.97970186078383	2443.945296696195	34.84484330698707	3871.0759417822655
42	13.942224594261049	1799.611059366157	52.87239280269217	2452.842793878385	48.87101498651566	2492.8163116827104	29.525646202287508	3951.0412335801275
43	13.443864143939447	1836.0215247559927	44.184182079398504	2497.0269759577836	55.30037438515884	2548.1166860678695	30.463478272857593	4033.5464872357834
44	12.835787636444305	1870.7851162713628	54.71713965216201	2551.7441156099453	48.52026100035916	2596.6369470682284	32.94072644161662	4122.7609546818285
45	21.869161212933417	1930.0140945563908	47.87887962049367	2599.622995230439	50.41632996555334	2647.0532770337823	32.010689696289226	4209.456572609279
46	12.957646111544491	1965.107719441824	53.73877619496267	2653.3617714254015	60.71832641162433	2707.7716034454065	30.093042855218215	4290.958563675495
47	13.016646073567014	2000.361135891068	57.594176450981	2710.9559478763827	55.094696348156994	2762.866299793563	32.156585183178834	4378.049315213269
48	15.628443514234338	2042.688170408786	53.13411456772317	2764.0900624441056	71.42499121001217	2834.291291003575	32.8538470544256	4467.028484319006
49	15.42165779080468	2084.4551602588817	48.05193000465433	2812.14199244876	72.93969960932415	2907.2309906128994	33.139735401676795	4556.781934365214
50	23.573815085436557	2148.300909448606	58.7778476605745	2870.9198401093345	56.10015625245	2963.3311468653496	38.126175134424926	4660.040325354281
51	15.716969111813906	2190.867700793102	38.53087030760833	2909.450710416943	55.37342085649599	3018.7045677218453	35.7410175521605	4756.8389145580495
52	18.489354662052925	2240.9430363361625	36.48856186389983	2945.939272280843	56.11683700704584	3074.821404728891	36.58597931818781	4855.925941878142
53	18.783343239976983	2291.814590944433	39.868126897375326	2985.8073991782185	47.45141567923516	3122.272820408127	34.2109148976936	4948.580503059395
54	20.094244314869908	2346.236502630539	44.060015910170335	3029.8674150883885	56.53581671173333	3178.80863711986	31.589184496711383	5034.134544404655
55	16.600695721603195	2391.1967202098813	57.91206772862233	3087.7794828170113	64.65965909928018	3243.46829621914	32.51510047038831	5122.19627484529
56	14.394736819319998	2430.1824657622064	59.621599573918836	3147.4010823909302	53.56150611306284	3297.029802332203	35.06372855888584	5217.160539692273
57	13.607471914148679	2467.0360355296925	49.91483084304567	3197.315913233975	48.40626088768033	3345.4360632198836	33.67639360027182	5308.367439026342
58	16.282167826117846	2511.133573392095	45.72009652870283	3243.0360097626785	60.91075860765716	3406.3468218275398	33.18939697938812	5398.255389178852
59	12.923348264844371	2546.1343082760486	53.660766926428494	3296.696776689107	51.027017379625995	3457.373839207166	33.46944393232985	5488.901799828911
60	18.080546537663075	2595.1024551488863	46.67754948591317	3343.37432617502	55.74445901919399	3513.11829822636	31.770276203221663	5574.9462978793035
61	13.15995874780948	2630.74401009087	42.65464839893033	3386.02897457395	51.29403760493833	3564.4123358312986	31.20498848848985	5659.459808368963
62	13.4014235654208	2667.0395322472177	42.11913095178166	3428.148105525732	45.83776299633583	3610.2500988276347	31.11476026118105	5743.728950742996
63	12.885953730598523	2701.9389902675894	52.57192014223699	3480.7200256679694	51.99314084565783	3662.2432396732916	31.971526442188804	5830.318501523923
64	12.874924931874277	2736.8085786247484	51.42586884767851	3532.145894515648	51.90262766121149	3714.145867334504	34.922072185713226	5924.899113693564
65	13.628997619333475	2773.72044717711	38.988593828152666	3571.1344883438	63.784361163039506	3777.9302284975433	34.086878067683074	6017.217741793539
66	21.49474762711126	2831.9353886672034	38.306136962711	3609.4406253065117	53.143344216381486	3831.073572713925	30.54753271747938	6099.950642903379
67	23.064015855736436	2894.4004316098226	41.484200906262494	3650.9248262127744	45.5732416214775	3876.6468143354027	30.83252581836	6183.455400328105
68	15.774298022856739	2937.1224887550597	53.999083456922996	3704.923909669697	43.15113009837666	3919.7979444337784	29.712806952261232	6263.9275858238125
69	14.056044504233721	2975.1909426206926	59.58598024180699	3764.5098899115037	52.79766580807266	3972.5956102418513	33.372430112891074	6354.311250712892
70	12.960220779860677	3010.291540566149	49.25723995786483	3813.767129869369	42.783918998318	4015.3795292401696	35.06069627372714	6449.267303120902
71	13.605173314031264	3047.1388849583163	44.14175334460566	3857.9088832139746	51.60256561223682	4066.982094852406	36.77223280075422	6548.8587669562785
72	16.544679574428187	3091.9473921390595	34.621487179739326	3892.5303703937134	61.45385017543983	4128.435945027847	37.225716144892615	6649.678414848696
73	16.979202449809844	3137.932732107294	48.55640784982533	3941.0867782435394	48.93409681972933	4177.3700418475755	38.10635658413206	6752.883130597387
74	13.44933260850683	3174.358007922	36.017498278462	3977.104276522001	58.787800391801	4236.157842239377	36.288697639394215	6851.165020037413
75	14.162381868167628	3212.714458814954	42.1132734442215	4019.2175499662226	48.084128631104335	4284.241970870481	31.626218266157533	6936.819361174923
76	12.944071485301844	3247.7713190876466	45.465533336336335	4064.6830833025583	48.60055455721666	4332.842525427697	33.27941310801636	7026.951105009134
77	13.389544696789844	3284.034669308119	41.57323740786333	4106.256320710422	55.76168640122916	4388.604211828927	31.010804084541967	7110.938699404769
78	15.656384103621596	3326.437376255428	50.38104520891333	4156.637365919334	60.31020090645316	4448.91441273538	31.044170953187077	7195.016662402984
79	15.915690916547813	3369.542372487745	52.550824004539	4209.188189923875	68.74669054007218	4517.661103275453	31.81445766122068	7281.18081856879
80	16.605621046082774	3414.5159294875525	40.772779011204	4249.960968935078	46.261685117284	4563.922788392736	31.581866391444187	7366.715040045618
81	20.70393861032714	3470.589096557189	47.201076531641	4297.16204546672	48.50341278904184	4612.426201181778	31.38147148112252	7451.706525306991
82	13.415114479254278	3506.9216982718353	45.768693671115834	4342.930739137835	53.175345387085166	4665.601546568862	32.90875536275557	7540.834404414454
83	13.605626665604309	3543.770270491181	34.3754300219345	4377.3061691597695	48.61782767251967	4714.219374241383	33.41708362632794	7631.339005902426
84	12.857496095541602	3578.592655749939	40.528018651139	4417.834187810909	51.07481404612917	4765.294188287512	34.21590911758523	7724.0070930958855
85	13.745034289228613	3615.8187902832665	51.29117467422	4469.125362485128	45.02128043920667	4810.315468726719	38.12384133247015	7827.2591633713255
86	13.304047179310523	3651.8505847272327	41.74646545994567	4510.871827945074	64.625090762371	4874.9405594890895	36.19069090007114	7925.275617892352
87	13.370368950398397	3688.0620006345616	46.54278537215933	4557.4146133172335	61.51563716795266	4936.456196657041	34.114530749266706	8017.669138671616
88	13.549004430513785	3724.757220967203	47.129160267533	4604.543773584766	44.8289825754795	4981.285179232521	34.934822504562455	8112.284282954805
89	13.68956037340966	3761.8331136451875	72.04733073667117	4676.591104321437	51.2978695286395	5032.583048761161	37.43407914479335	8213.668247305286
90	17.217058419395997	3808.462646864385	51.568103308558165	4728.159207629996	49.21718266951867	5081.80023143068	38.45936244869908	8317.829020603847
91	23.155626964749228	3871.1758032272473	43.11698050419983	4771.276188134197	69.12414200626283	5150.924373436942	37.05882906728565	8418.196682661077
92	19.166843040041904	3923.0860031273614	48.40274385658867	4819.678931990785	63.522627072257336	5214.4470005092	37.878146538953544	8520.783329537411
93	13.162524511178583	3958.7345070118035	45.27047792318533	4864.94940991397	49.75144762516967	5264.19844813437	30.550913524580125	8603.525386999816
94	13.23216693032935	3994.5716257814456	43.661038847242	4908.610448761212	63.71701352540901	5327.915461659778	31.856718259858155	8689.803998953597
95	12.992311476983813	4029.75913603161	49.015366001587346	4957.6258147628	69.357663719628	5397.273125379405	41.10462783000074	8801.12903265985
96	13.176188242031078	4065.4446458537777	44.81217905465433	5002.437993817454	62.68414782673499	5459.9572732061415	32.96666868673662	8890.413760353094
97	15.411888465272307	4107.18517711389	44.10775791108233	5046.545751728536	61.75421613838733	5521.711489344529	33.69567739190455	8981.672886622837
98	12.973019611816243	4142.3204385625595	47.279043777206674	5093.824795505742	57.01274250568567	5578.724231850214	33.1735520959008	9071.517923549234
99	13.784536653569724	4179.6535586659775	44.68683869143367	5138.511634197176	77.171851921631	5655.896083771845	30.233955255128862	9153.401552365209
