task	r0_energy	r0_config	r0_reward	r0_rate	r0_avgrate	r0_rollrate	r1_energy	r1_config	r1_reward	r1_rate	r1_avgrate	r1_rollrate	r2_energy	r2_config	r2_reward	r2_rate	r2_avgrate	r2_rollrate	r3_energy	r3_config	r3_reward	r3_rate	r3_avgrate	r3_rollrate	c0	c1	c2	c3	c4	c5	c6	c7	c8	c9	c10	c11	c12	c13	c14	c15	c16	c17	c18	c19
0	18.311005362610388	0	32.631776696045996	11.68899463738961	11.68899463738961	11.68899463738961	14.123931600750808	0	44.320690947904	15.876068399249192	15.876068399249192	15.876068399249192	11.686570282039881	0	51.12499129597201	18.31342971796012	18.31342971796012	18.31342971796012	18.773809272705673	0	31.33978244703	11.226190727294327	11.226190727294327	11.226190727294327	4	0	0	0	0	0	0	0	0	0	0	0	0	0	0	0	0	0	0	0
1	16.74766717571212	1	69.62787249718299	13.25233282428788	12.470663730838744	12.470663730838744	16.415723434320718	1	82.24346302709199	13.584276565679284	14.730172482464237	14.730172482464237	8.717006837215521	1	110.540013875412	21.28299316278448	19.7982114403723	19.7982114403723	17.069672060174327	1	67.43694794571	12.930327939825672	12.078259333559998	12.078259333559998	0	4	0	0	0	0	0	0	0	0	0	0	0	0	0	0	0	0	0	0
2	18.630892314507943	2	101.36663145251498	11.369107685492057	12.103478382389847	12.103478382389847	14.836574208225672	2	124.57469336246199	15.163425791774328	14.874590252234269	14.874590252234269	14.742227560503402	2	153.13462860234	15.257772439496598	18.284731773413732	18.284731773413732	14.665651234588656	2	110.24533824915	15.334348765411344	13.163622477510446	13.163622477510446	0	0	4	0	0	0	0	0	0	0	0	0	0	0	0	0	0	0	0	0
3	13.775566943464838	3	146.65984040200897	16.22443305653516	13.133717050926176	13.133717050926176	10.382377941366453	3	179.34055494281398	19.617622058633547	16.06034820383409	16.06034820383409	14.828105432965254	3	195.489500935312	15.171894567034746	17.506522471818986	17.506522471818986	18.65452385348776	3	141.91812582482999	11.345476146512238	12.709085894760895	12.709085894760895	0	0	0	4	0	0	0	0	0	0	0	0	0	0	0	0	0	0	0	0
4	13.305348899537911	4	193.26574139079895	16.69465110046209	13.845903860833356	13.845903860833356	15.487230782784005	4	219.85536900754198	14.512769217215995	15.750832406510469	15.750832406510469	15.21389678493707	4	236.76737241069603	14.78610321506293	16.962438620467776	16.962438620467776	1.7258146581134284	4	220.85022657092998	28.27418534188657	15.82210578418603	15.82210578418603	0	0	0	0	4	0	0	0	0	0	0	0	0	0	0	0	0	0	0	0
5	9.570549245582686	5	250.29795808021396	20.429450754417314	14.943161676430684	14.943161676430684	16.333647377702686	5	258.00727007812196	13.666352622297314	15.403419109141609	15.403419109141609	15.94024907526018	5	276.01751040892805	14.05975092473982	16.47865733784645	16.47865733784645	14.920640793023281	5	262.94677102374	15.079359206976719	15.698314687984478	15.698314687984478	0	0	0	0	0	4	0	0	0	0	0	0	0	0	0	0	0	0	0	0
6	5.29098587124394	6	348.81862697076997	35.29098587124394	17.84999370426115	17.84999370426115	12.179578373553674	6	307.75594711861794	17.820421626446326	15.748705183042281	15.748705183042281	16.456546270591524	6	313.82631873686006	13.543453729408478	16.059342536641026	16.059342536641026	15.388350882895521	6	303.73762480899	14.611649117104479	15.543076749287335	15.543076749287335	0	0	0	0	0	0	4	0	0	0	0	0	0	0	0	0	0	0	0	0
7	5.738040007737311	7	448.58732199237	35.73804000773731	20.08599949219567	20.08599949219567	16.258253931904473	7	346.1183215587179	13.741746068095527	15.497835293673937	15.497835293673937	14.10350474269039	7	358.20403466351604	15.89649525730961	16.0389866267246	16.0389866267246	16.75745572855881	7	340.70639423343	13.242544271441192	15.255510189556567	15.255510189556567	0	0	0	0	0	0	0	4	0	0	0	0	0	0	0	0	0	0	0	0
8	14.765570639815525	8	491.116770622885	15.234429360184475	19.546936144194422	19.546936144194422	14.92236523715391	8	388.2100519383299	15.07763476284609	15.451146345804176	15.451146345804176	16.37948176552119	8	396.22798140143607	13.620518234478808	15.77026791647507	15.77026791647507	14.370718031856718	8	384.33813972782997	15.629281968143282	15.297040387177313	15.297040387177313	0	0	0	0	0	0	0	0	4	0	0	0	0	0	0	0	0	0	0	0
9	14.640685455371823	9	533.994857059972	15.359314544628177	19.128173984237797	19.128173984237797	15.316407069991165	9	429.2017488679379	14.683592930008835	15.374391004224643	15.374391004224643	8.831643755999998	9	455.32297591593607	21.168356244	16.310076749227562	16.310076749227562	11.154030149032835	9	436.94980556177995	18.845969850967165	15.651933333556297	15.651933333556297	0	0	0	0	0	0	0	0	0	4	0	0	0	0	0	0	0	0	0	0
10	18.538708457935524	10	565.990962614902	11.461291542064476	18.431184671312952	15.675443415033318	16.709139375563463	10	466.3054014444899	13.290860624436537	15.184979151516632	15.7114966834944	17.37241128122364	10	490.5749944225201	12.627588718776359	15.975305110095634	15.440820678830903	17.96138529634388	10	470.55760494282	12.038614703656119	15.323449821747191	15.51013453454529	0	0	0	0	0	0	0	0	0	0	4	0	0	0	0	0	0	0	0	0
11	18.66716171526878	11	597.62846949311	11.33283828473122	17.839655805764476	13.815999828829755	17.05059377307797	11	502.4558271613139	12.949406226922028	14.998681407800417	13.603004530824288	15.394900336907462	11	531.3475643153201	14.605099663092538	15.861121322845378	13.60234958542309	11.710641857079402	11	521.61539642514	18.289358142920598	15.570608848511641	14.107030972571033	0	0	0	0	0	0	0	0	0	0	0	4	0	0	0	0	0	0	0	0
12	17.62958155097695	12	632.1625543299659	12.370418449023047	17.418945239861287	13.78114462065901	16.963605129284772	12	538.8490961753939	13.036394870715228	14.847736289563093	13.200187122633816	4.345931448147578	12	602.9651723559082	25.654068551852422	16.61442495584592	14.619464823612612	12.325058616977913	12	570.9579411194101	17.674941383022087	15.732480581935523	15.057872899471167	0	0	0	0	0	0	0	0	0	0	0	0	4	0	0	0	0	0	0	0
13	18.536949673977315	13	664.1635698234459	11.463050326022685	16.9935241745871	14.941419060195798	3.1437568079799334	13	631.3754172643379	33.14375680797993	16.15459489802144	17.05193327062818	1.589704954666022	13	682.2772460241322	28.410295045333978	17.456987105095067	18.759678946688457	2.9348325913740894	13	646.514866801824	27.06516740862591	16.54195821241341	20.171255064858844	0	0	0	0	0	0	0	0	0	0	0	0	0	4	0	0	0	0	0	0
14	13.794853542528	14	709.4029370172219	16.205146457472	16.940965660112763	20.33125974429679	12.497734680558807	14	750.0149265808978	42.49773468055881	17.910804216857265	22.75209739806061	2.2734303701817353	14	772.3739058075562	32.273430370181735	18.44474998943418	24.742398590176478	17.740526401828298	14	680.7392305967201	12.2594735981717	16.256459238130628	24.664706462922126	0	0	0	0	0	0	0	0	0	0	0	0	0	0	4	0	0	0	0	0
15	14.705688003455998	15	752.0995580075739	15.294311996544002	16.838049806139715	23.628730807391285	8.018449996133736	15	811.3800870083578	21.981550003866264	18.165225828545328	24.0593916694757	14.458636852453253	15	815.7602112611241	15.541363147546747	18.263288311816215	24.467222951628106	17.18403324955272	15	716.5171377750521	12.815966750447283	16.04142845765042	22.43444394587484	0	0	0	0	0	0	0	0	0	0	0	0	0	0	0	4	0	0	0	0
16	16.60997477352	16	789.4800450981639	13.39002522648	16.635224830865614	20.932416963989443	2.5428103460399925	16	888.0314081256628	27.457189653960008	18.711811935922665	20.97161918852285	16.625705299486565	16	853.0967839667242	13.374294700513435	17.975700452327814	20.688534012826995	16.8704798661206	16	753.1703814821321	13.1295201338794	15.870139732722711	17.75171255815906	0	0	0	0	0	0	0	0	0	0	0	0	0	0	0	0	4	0	0	0
17	13.685024943984	17	835.026017129542	16.314975056016	16.617433176707305	16.155867026742488	16.215531724579343	17	926.5130487278788	13.784468275420659	18.43807062145033	16.308366494467382	16.580549848262688	17	890.5594156403241	13.419450151737312	17.722575435628343	16.12088030998671	12.078342329999284	17	803.2016758108841	17.921657670000716	15.98411295146038	15.714891076600157	0	0	0	0	0	0	0	0	0	0	0	0	0	0	0	0	0	4	0	0
18	14.844264220200003	18	877.335779514817	15.155735779799997	16.540501734764813	15.676328339825483	6.024894736248363	18	1027.0825465332387	36.02489473624836	19.363692943281805	17.997221138405585	10.263570823290266	18	945.6569470919721	19.736429176709734	17.82856773779052	18.631861533428566	0.5829681943006619	18	885.3242229351281	29.417031805699338	16.69110868063085	18.827845748602495	0	0	0	0	0	0	0	0	0	0	0	0	0	0	0	0	0	0	4	0
19	1.9494680895116367	19	966.528044598037	31.949468089511637	17.310950052502157	20.685363087502314	8.58666921659033	19	1134.8036647628867	38.58666921659033	20.32484175694723	23.231077995773408	11.835293265385069	19	1062.4471407911722	41.83529326538507	19.028904014170248	25.783109816710315	1.8691997281404156	19	974.2924055095201	31.869199728140416	17.45001323300633	27.591582961982294	0	0	0	0	0	0	0	0	0	0	0	0	0	0	0	0	0	0	0	4
20	17.736324714589614	0	1000.764138103141	12.263675285410386	17.070603635021595	27.4760054753496	16.13797078706149	18	1173.5018296490066	13.86202921293851	20.0170887786611	27.070042629643382	17.55322075304884	3	1097.194399522244	12.446779246951161	18.71546950144553	26.799146976358497	16.455462337490147	9	1012.1042398173602	13.544537662509855	17.26403820583983	24.55111126898465	1	0	0	1	0	0	0	0	0	1	0	0	0	0	0	0	0	0	1	0
21	18.239751773888955	3	1033.594831067701	11.760248226111043	16.82922384370748	23.753493173924774	0.6490941288537329	19	1259.0638840920567	30.649094128853733	20.500361749124405	23.876699406240213	17.181462440554032	1	1132.979483542364	12.818537559445968	18.44742714044555	21.963606353233647	16.439111946727163	14	1049.96171896608	13.560888053272837	17.09571319890497	19.461028236901896	0	1	0	1	0	0	0	0	0	0	0	0	0	0	1	0	0	0	0	1
22	12.140732835488961	9	1083.4519519019611	17.85926716451104	16.87400833591633	17.063425626814496	9.521851547479883	3	1316.2320485220087	20.478148452520117	20.49939595361987	15.924320499252465	16.73750885640788	7	1170.003937984892	13.262491143592118	18.221995140582358	16.024202085070634	15.99551595676657	17	1089.05757025344	14.00448404323343	16.961311931267076	16.038447568100132	0	0	0	1	0	0	0	1	0	1	0	0	0	0	0	0	0	1	0	0
23	18.1213053242966	12	1116.6133078716332	11.878694675703402	16.665870266740793	15.981639110975355	16.952471941544594	1	1352.6563976851967	13.047528058455407	20.188901457988017	15.93193815056991	10.524761756650022	19	1283.13556455554	40.52476175665002	19.15127708291851	18.808389503623808	16.46446481664	15	1126.84427264032	13.53553518336	16.818571233437616	17.097033609074433	0	1	0	0	0	0	0	0	0	0	0	0	1	0	0	1	0	0	0	1
24	11.730162801349252	15	1167.6166033845332	18.269837198650748	16.73002894401719	17.64216357299491	11.931746214570264	16	1403.0969395028546	18.068253785429736	20.104075551085685	18.092900146210603	7.726295585643932	19	1388.4548063987959	37.72629558564393	19.89427782302753	20.07960298832389	5.052937055058621	18	1224.700388585692	35.05293705505862	17.547945866302456	21.537081848577742	0	0	0	0	0	0	0	0	0	0	0	0	0	0	0	1	1	0	1	1
25	11.889625164293733	12	1218.174733134213	18.110374835706267	16.783119170620616	22.021870217789157	13.59823174499462	0	1448.8852092147447	16.40176825500538	19.96167911662106	22.26159863896635	14.794345865731344	10	1430.9039241902958	15.205654134268656	19.71394614269065	22.594294584822876	16.617168212202984	17	1262.060793993292	13.382831787797015	17.387749170975322	22.62782495775704	1	0	0	0	0	0	0	0	0	0	1	0	1	0	0	0	0	1	0	0
26	8.685855704521071	4	1277.676719292425	21.31414429547893	16.950934915985737	20.70676321163993	15.818799171140776	9	1488.4743948619766	14.181200828859224	19.747587328185435	20.77132977618985	10.526497478218019	13	1544.0403963169879	40.52649747821802	20.484781377339814	22.996995804146582	18.318030486834267	4	1294.672958884213	11.68196951316573	17.176423998463857	22.358367376920178	0	0	0	0	2	0	0	0	0	1	0	0	0	1	0	0	0	0	0	0
27	8.902842266364175	8	1336.572951298825	21.097157733635825	17.09901430233038	20.69545359171937	16.87962157026304	1	1525.1021179783256	13.120378429736958	19.51090129609799	18.502197729187202	17.976349838695885	12	1577.6064196839618	12.023650161304115	20.182598119624252	17.893525261746984	8.649956770905671	8	1354.2751628987678	21.35004322909433	17.32548182812923	18.38835275915588	0	1	0	0	0	0	0	0	2	0	0	0	1	0	0	0	0	0	0	0
28	17.651850407429734	4	1371.044868911417	12.348149592570266	16.935191381304172	18.10260230498604	16.72529041943212	11	1562.1606822240776	13.27470958056788	19.295860202459025	18.091790084263128	10.636500617603822	13	1691.0499839081058	40.63650061760382	20.8879051023132	20.024025716475617	11.968052212506265	1	1404.6143504721879	18.031947787493735	17.349842723279732	20.40910041233907	0	1	0	0	1	0	0	0	0	0	0	1	0	1	0	0	0	0	0	0
29	13.493221141164895	9	1417.126293225665	16.506778858835105	16.920910963888538	18.007128550400772	14.827886729024968	19	1687.3051993426056	44.82788672902497	20.146927753344553	21.3217202719867	14.182859478138269	14	1814.3937999512418	44.18285947813827	21.664403581507372	23.63029044643694	11.797778752834748	11	1455.4288847871908	18.20222124716525	17.37825534074258	24.138474728179773	0	0	0	0	0	0	0	0	0	1	0	1	0	0	1	0	0	0	0	1
30	14.794926826213256	19	1542.178797282177	44.794926826213256	17.82007276589901	27.415602394670692	12.72259222687343	4	1735.5379627092507	17.27740777312657	20.05436259269236	27.008338849073915	17.220633485373135	17	1850.0695314712418	12.779366514626867	21.377789482575743	27.051460541279575	16.716374042973495	1	1492.5123405838897	13.283625957026505	17.246170521913033	27.05235217892544	0	1	0	0	1	0	0	0	0	0	0	0	0	0	0	0	0	1	0	1
31	10.95012650913134	12	1595.359694110852	19.04987349086866	17.85850403855431	24.89368946625192	2.543690886750092	18	1826.3890997680946	32.54369088675009	20.444654101881667	26.344863776177554	15.372399734256712	7	1890.9049155464418	14.627600265743288	21.166846069549727	26.156945916868374	18.391864758472835	14	1524.9183847998197	11.608135241527165	17.069981919400973	22.83497076811859	0	0	0	0	0	0	0	1	0	0	0	0	1	0	1	0	0	0	1	0
32	16.45745408558615	17	1633.165968121924	13.542545914413852	17.72771742873187	19.770939411746152	13.523878601637492	18	1872.3849386718566	16.47612139836251	20.32439553510836	19.598329426865877	18.35429379191212	2	1923.4158453773537	11.645706208087878	20.87832667980846	16.28340736505334	10.596590271745434	14	1579.0862369578638	19.403409728254566	17.140691853002597	16.496007560566138	0	0	1	0	0	0	0	0	0	0	0	0	0	0	1	0	0	1	1	0
33	16.528579993706508	6	1670.77368230616	13.471420006293492	17.60253221042486	16.5652129097328	13.142302580235938	13	1919.4460106353647	16.85769741976406	20.222433825833523	16.922620056006558	9.810731743654213	8	1979.7775525929856	20.189268256345787	20.85806025558897	17.03655953255427	0.43158265848107646	19	1664.0410718794567	30.431582658481076	17.531600406104904	16.825348709727372	0	0	0	0	0	0	1	0	1	0	0	0	0	1	0	0	0	0	0	1
34	1.396610253005374	6	1758.4225525958	31.396610253005374	17.996648725927162	18.502249708453576	7.57363172979726	13	1982.0529553896806	22.42636827020274	20.28540338138693	19.584073011321134	19.395079174678926	3	2009.3829565636736	10.604920825321075	20.565113414724173	19.290310502411856	11.448952546370148	15	1715.8294126875066	18.551047453629852	17.560727464605616	19.497803107938587	0	0	0	1	0	0	1	0	0	0	0	0	0	1	0	1	0	0	0	0
35	16.21842735083176	6	1796.896109574728	13.78157264916824	17.879563279350524	19.711389752046625	8.799200326438207	18	2041.2385211450405	21.200799673561793	20.310831056169565	19.89112874657735	3.1299105488124184	13	2101.8706235124414	33.12991054881242	20.914135557337733	21.85697780082924	16.755260302171703	2	1752.8043110106107	13.244739697828297	17.44083891552847	21.495682028635663	0	0	1	0	0	0	1	0	0	0	0	0	0	1	0	0	0	0	1	0
36	16.507879870968353	7	1834.5616116016079	13.492120129031646	17.76098373474731	20.82596721590425	8.656354387513431	13	2149.1541771435154	38.65635438751343	20.80665601107075	21.648444388807484	12.10771139569863	12	2151.8199291994492	17.89228860430137	20.83246401806648	20.298012223937086	17.709746662065672	11	1787.1146015790107	12.290253337934328	17.301633899917817	19.284400730710246	0	0	0	0	0	0	0	1	0	0	0	1	1	1	0	0	0	0	0	0
37	15.098839384838685	7	1876.1606849855998	14.901160615161315	17.68572523160031	19.714024709694264	11.39678264156418	11	2201.0881589358155	18.60321735843582	20.748670783369832	19.719241700174862	16.224574835001313	3	2190.2763244517373	13.775425164998685	20.64675246930154	19.71862695175791	17.552755127618507	11	1821.8631601810757	12.447244872381493	17.17388682024581	18.84327147163988	0	0	0	1	0	0	0	1	0	0	0	2	0	0	0	0	0	0	0	0
38	18.10422608435534	0	1909.3697205001079	11.895773915644659	17.5372649414476	16.719857808323106	4.2685524685074725	13	2296.7545345770654	34.26855246850747	21.09533441632208	18.822239085391026	10.81144609892776	13	2243.844370758897	19.18855390107224	20.609362762423864	19.391882462595085	10.208733387546271	0	1877.1137794741758	19.79126661245373	17.240999122610113	17.505373685089108	2	0	0	0	0	0	0	0	0	0	0	0	0	2	0	0	0	0	0	0
39	13.464795868642387	9	1955.5304987001477	16.535204131357613	17.51221342119535	17.369665237794738	17.069653514731346	16	2332.8517518484405	12.930346485268654	20.89120971804574	17.433674552528167	16.439581115115224	18	2281.7005401458673	13.560418884884776	20.43313916548539	17.29960037950051	8.30326615947223	19	1984.0437308360358	38.30326615947223	17.767555798531667	19.269605259604155	0	0	0	0	0	0	0	0	0	1	0	0	0	0	0	0	1	0	1	1
40	16.57839126046926	6	1992.9991564313377	13.421608739530742	17.412442575301093	19.23422361705736	15.843482522865676	16	2372.3720298054404	14.156517477134324	20.72694893168205	19.40515087753264	16.21960187006042	16	2320.1708182586153	13.78039812993958	20.27087718900866	19.593613298962136	16.06362083277743	18	2022.949456011199	13.936379167222567	17.674112466060713	17.560395968833642	0	0	0	0	0	0	1	0	0	0	0	0	0	0	0	0	2	0	1	0
41	16.15106815363343	13	2031.6607578357778	13.848931846366568	17.327597081755034	17.026433763363077	3.0130258587761283	13	2447.7106659496903	26.98697414122387	20.875997150956852	17.746004516240095	1.160250773016351	15	2407.1598516666195	31.16025077301635	20.530147988627895	19.208509180405965	13.428339919357619	0	2069.2120070696587	16.57166008064238	17.64786359974123	19.57264053994334	1	0	0	0	0	0	0	0	0	0	0	0	0	2	0	1	0	0	0	0
42	0.3367645309002967	19	2116.3508921512075	30.336764530900297	17.63013585964213	21.25027510454489	1.3219591806626916	13	2527.7701965703404	28.67804081933731	21.0574400269657	20.287752570531396	19.39706905589158	1	2436.7597005522557	10.602930944108419	20.29928247596465	20.005884790989164	15.704513994151878	12	2109.1202388359848	14.295486005848122	17.56990133011581	20.019781643860544	0	1	0	0	0	0	0	0	0	0	0	0	1	1	0	0	0	0	0	1
43	1.859328481015524	19	2205.2915174940426	31.859328481015524	17.95352660103698	21.827674678968137	12.09953326278806	13	2577.7423328783902	17.90046673721194	20.985690634016752	22.224083435967074	18.74176633540442	13	2468.1889361992517	11.25823366459558	20.093804093888078	21.965013617789975	11.81089244258078	13	2159.8981641004466	18.18910755741922	17.58397419891816	21.085226959409518	0	0	0	0	0	0	0	0	0	0	0	0	0	3	0	0	0	0	0	1
44	8.37449003176119	19	2312.420302166043	38.37449003176119	18.407325788386405	21.806650885283993	15.087914067868656	2	2619.3719061055904	14.912085932131344	20.85072164064152	21.640693470432893	14.324899954150206	17	2511.9485904939156	15.675100045849794	19.99561067059834	20.174527021927844	4.9183680348197	19	2257.3786081976514	34.9183680348197	17.96918295082708	20.798559743476083	0	0	1	0	0	0	0	0	0	0	0	0	0	0	0	0	0	1	0	2
45	8.6799521129606	19	2420.4018351480577	38.6799521129606	18.848035056311932	23.6062618603613	11.982788038372295	13	2669.6699561651344	18.017211961627705	20.78912360414122	23.978434455939258	14.211266730368958	13	2556.0254708716357	15.788733269631042	19.904156814055572	22.371374934800812	11.40269259648036	3	2309.2960913658103	18.59730740351964	17.98283783023344	22.441059001431583	0	0	0	1	0	0	0	0	0	0	0	0	0	2	0	0	0	0	0	1
46	6.4869837955171334	19	2522.2613315772096	36.48698379551713	19.22333183799715	24.963934014523737	13.29289747096836	9	2716.3106173920146	16.70710252903164	20.702272091904845	24.81573351168498	16.738679139406926	13	2593.0466582741246	13.261320860593075	19.76281987887552	22.30441659456817	1.1672020582373719	16	2396.304530445056	31.167202058237372	18.26335621806331	23.929928207178772	0	0	0	0	0	0	0	0	0	1	0	0	0	1	0	0	1	0	0	1
47	1.2793847388895472	16	2602.4397158478096	28.720615261110453	19.42119190931201	25.234479728704834	16.617253797719645	5	2753.6707838733805	13.382746202280355	20.549781969204336	23.080917545450898	18.61563007930961	13	2624.828024302719	11.38436992069039	19.588268838079994	20.35135932622388	18.309534296821973	0	2428.940413866428	11.690465703178027	18.1264209990032	19.71868470037891	1	0	0	0	0	1	0	0	0	0	0	0	0	1	0	0	1	0	0	0
48	3.5935118568444153	19	2696.2216031148337	33.593511856844415	19.710422928649407	21.49916255910025	16.69928118324358	13	2790.8019572368257	13.300718816756419	20.401841904868665	20.969503700423925	7.700409692179701	17	2687.081047245384	22.2995903078203	19.643601929299184	19.550764351654244	15.789790759949375	15	2468.610581328236	14.210209240050625	18.046498310044985	19.301075022756145	0	0	0	0	0	0	0	0	0	0	0	0	0	1	0	1	0	1	0	1
49	17.49347206683224	7	2731.135660261594	12.50652793316776	19.56634502873977	19.225595730013612	16.757336096133493	13	2827.7710606351197	13.242663903866509	20.258658344848623	17.433141914576527	16.781707759581852	13	2723.982113083218	13.218292240418148	19.515095735521562	15.882909612507294	3.7953730269470967	18	2562.95599769513	33.7953730269471	18.36147580438303	17.924172294973967	0	0	0	0	0	0	0	1	0	0	0	0	0	2	0	0	0	0	1	0
50	2.387416181172533	19	2821.5505304340336	32.38741618117253	19.81773858074826	20.024476921022185	16.76588117676967	14	2864.7163090166378	13.234118823230329	20.120922275797284	20.178842233027414	17.110066661226988	15	2759.9665103206257	12.889933338773012	19.38519059048728	18.108484381220272	14.440122682106868	5	2606.393988540915	15.559877317893132	18.306542500726362	18.33440023133394	0	0	0	0	0	1	0	0	0	0	0	0	0	0	1	1	0	0	0	1
51	18.21648092425075	11	2854.4461878538336	11.78351907574925	19.663234359498276	17.282793108126835	15.36551137688597	3	2905.5709230894977	14.63448862311403	20.015413936322606	17.325221046433178	18.37004688735618	13	2792.4334627600897	11.62995311264382	19.23605140822106	17.237563564380785	0.6149268619594075	18	2688.427317717945	29.385073138040593	18.51959116682856	18.851804487798194	0	0	0	1	0	0	0	0	0	0	0	1	0	1	0	0	0	0	1	0
52	4.142048724250735	19	2949.7594072090337	34.142048724250735	19.93641953619172	20.94418013618145	1.2548236883305108	14	2992.8239725527537	31.25482368833051	20.227478271266154	20.690125202319795	10.81998968568358	6	2845.9776582208897	19.18001031431642	19.23499402909078	19.369384615634182	16.554514463131344	6	2725.9626315083697	13.445485536868656	18.423853324753846	19.390521286998016	0	0	0	0	0	0	2	0	0	0	0	0	0	0	1	0	0	0	0	1
53	0.5550070337552171	19	3035.058801844934	30.555007033755217	20.13306004540586	21.157028656496237	2.173528415992834	14	3070.5062057247737	27.826471584007166	20.368200369650246	22.383688083107636	14.373356389934322	8	2969.85327814279	44.37335638993432	19.700519257995296	25.642671814526143	4.735065482278202	7	2822.9313559797297	34.7350654822782	18.725912809152444	27.652729500442558	0	0	0	0	0	0	0	1	1	0	0	0	0	0	1	0	0	0	0	1
54	0.19242694733373256	19	3119.3459937395737	30.192426947333733	20.315957625440912	29.508976883911554	11.746699523362388	6	3121.463336222054	18.253300476637612	20.329747644322744	28.395799617771257	15.81589549344179	8	3009.450569890265	14.18410450655821	19.600220807969166	26.400005196002002	1.631166177035464	18	2902.127683735506	28.368833822964536	18.901238645767208	26.111406209465407	0	0	0	0	0	0	1	0	1	0	0	0	0	0	0	0	0	0	1	1
55	0.05954468635343346	19	3202.929764823504	29.940455313646567	20.487823655587444	27.187450709398423	3.242420292475707	14	3214.2650928718817	33.24242029247571	20.560331084468334	29.167144184959124	16.053158871356416	8	3048.385501374395	13.946841128643582	19.499267599409784	27.506327594447963	14.989315123750206	18	2944.03251234837	15.010684876249794	18.83176447131154	26.224748923672223	0	0	0	0	0	0	0	0	1	0	0	0	0	0	1	0	0	0	1	1
56	0.8788627594524101	19	3289.1332566936417	30.87886275945241	20.670122587234196	24.875299560624033	12.460584184943286	14	3263.2292953555816	17.539415815056714	20.507332570969883	23.155734593901887	18.657764732546866	14	3080.049241496035	11.342235267453136	19.356161769024578	21.270715425913824	14.319303650945908	11	2987.807789656146	15.680696349054092	18.77648257442983	21.013455013155472	0	0	0	0	0	0	0	0	0	0	0	1	0	0	2	0	0	0	0	1
57	0.41715933211630585	19	3371.7186868914837	29.582840667883694	20.823790140348844	22.553328629288025	11.538483606008594	14	3314.7676952888078	18.461516393991406	20.472059878263355	21.56259688639071	1.400188461380779	19	3159.890382041347	28.59981153861922	19.51553504091414	21.428532508887976	0.6616188365201197	18	3069.7107704041937	29.33838116347988	18.95858427424104	21.038128595988393	0	0	0	0	0	0	0	0	0	0	0	0	0	0	1	0	0	0	1	2
58	2.4292943809597602	19	3448.686906744638	27.57070561904024	20.93814463998768	22.400515045028058	11.775897628418871	14	3365.6433144094717	18.22410237158113	20.433958903573828	22.72185679456119	19.417471907663284	14	3189.433272965787	10.582528092336718	19.364128143480627	20.692223327849625	11.17548582403056	18	3122.2625391454417	18.82451417596944	18.956311899694064	20.820733163940893	0	0	0	0	0	0	0	0	0	0	0	0	0	0	2	0	0	0	1	1
59	2.048546885052904	19	3526.718046690532	27.951453114947096	21.055033114570335	22.48165494869029	0.4301543606285385	14	3450.5941619995597	30.43015436062854	20.60056216119141	23.956600749847738	19.8004679718763	14	3217.9069665442994	10.1995320281237	19.211384874891344	22.01826988587174	5.277512626567166	19	3220.7455952279415	35.277512626567166	19.228331911808613	23.69986950912931	0	0	0	0	0	0	0	0	0	0	0	0	0	0	2	0	0	0	0	2
60	19.431972870263643	0	3556.220455761046	10.56802712973636	20.883114983671415	21.896691068241026	2.1845678453373125	14	3528.2455767646597	27.815432154662687	20.718838718461427	21.744396167359305	4.2064457565549915	19	3313.399960948015	34.20644575655499	19.45720554508255	22.40797018111078	4.8629092786230395	18	3290.9199734917856	25.13709072137696	19.32519681032613	23.099269016090364	1	0	0	0	0	0	0	0	0	0	0	0	0	0	1	0	0	0	1	1
61	11.6506246962985	19	3672.4951163715464	41.6506246962985	21.218074817746047	26.206078676486538	3.815641340303287	14	3622.6475755063398	33.81564134030329	20.930077470426617	27.705191392919925	3.80369899113456	19	3407.7686206315993	33.80369899113456	19.688600600664035	28.290415980538675	0.15994209673038995	19	3375.1164785118244	30.15994209673039	19.499950766558456	28.263394754148862	0	0	0	0	0	0	0	0	0	0	0	0	0	0	1	0	0	0	0	3
62	7.476717105528351	19	3777.1176182911463	37.47671710552835	21.476148504853704	30.991113261889325	1.673653658834148	14	3701.7252923754277	28.326346341165852	21.047478563612955	30.295996633349194	2.225663222650745	19	3497.7319304614994	32.225663222650745	19.887601594663828	32.46176024264063	1.7445193112539705	19	3453.9963621012403	28.25548068874603	19.638927431990005	32.50576509604896	0	0	0	0	0	0	0	0	0	0	0	0	0	0	1	0	0	0	0	3
63	5.95690835545075	19	3877.4973207834464	35.95690835545075	21.702410377519282	32.680811355938545	1.3225006892253255	14	3781.783311284674	28.677499310774675	21.166697637787358	33.03485221487831	5.708104505051466	19	3597.4170555381015	35.708104505051466	20.134796952638634	32.44060019575361	1.7105158661670465	19	3532.9711719748575	28.289484133832953	19.774092380456302	31.887984475106578	0	0	0	0	0	0	0	0	0	0	0	0	0	0	1	0	0	0	0	3
64	0.5275500461086544	19	3962.7200646621664	30.527550046108654	21.838181757036043	31.560369580603986	16.22994513513457	16	3820.22471444909	13.770054864865427	21.052903133588558	29.92138085741749	3.789193107919523	19	3691.7452196310437	33.78919310791952	20.344864585796802	29.552628457656606	4.9826770522746315	19	3630.6311454124575	34.98267705227463	20.008070606176585	30.21826152876749	0	0	0	0	0	0	0	0	0	0	0	0	0	0	0	0	1	0	0	3
65	0.1431650309623791	19	4046.869733706936	30.14316503096238	21.964014836944017	30.01001170959865	17.819868006732893	14	3854.227582930294	12.180131993267107	20.918467207220054	28.402476840050753	18.831028832535402	10	3722.925264140216	11.168971167464596	20.205835897640256	25.92368312125214	18.21654912674221	13	3663.5266124336354	11.78345087325779	19.883455155677815	24.234278277500454	0	0	0	0	0	0	0	0	0	0	1	0	0	1	1	0	0	0	0	1
66	1.7947859166877507	19	4135.630177724356	31.79478591668775	22.110742763507353	23.842946418664077	2.0550253843056794	15	3943.7145287948138	32.05502538430568	21.084684493445213	24.21950054371135	0.3325662348644798	19	3807.6036782125457	30.33256623486448	20.35698112655405	24.200002162586934	19.602069810338868	13	3692.554167546439	10.397930189661132	19.741880156185026	23.862789695066507	0	0	0	0	0	0	0	0	0	0	0	0	0	1	0	1	0	0	0	2
67	0.8010075244513395	19	4221.616323730116	30.80100752445134	22.238540774697707	23.56397113671969	3.173455293088484	15	4018.6052994349416	26.826544706911516	21.169123614231484	22.74835790218338	0.33017738059271906	19	3892.2754234000336	30.33017738059272	20.503645777348737	22.76705913714641	11.382989000124542	7	3744.526656587758	18.617010999875458	19.725337962709887	23.410747037807244	0	0	0	0	0	0	0	1	0	0	0	0	0	0	0	1	0	0	0	2
68	1.7165917340561236	19	4310.158475654356	31.716591734056124	22.375903832079715	25.465509094466398	16.916648978543286	15	4055.129654369842	13.083351021456714	21.05193850419127	25.595499109286287	12.875655442944002	9	3940.0808852884816	17.124344557056	20.454670397344493	24.128454973323112	5.94398816945553	19	3844.870290227488	35.94398816945553	19.960390864256922	24.5173512518381	0	0	0	0	0	0	0	0	0	1	0	0	0	0	0	1	0	0	0	2
69	18.212923102169555	1	4343.064065327466	11.787076897830447	22.224634875876156	22.6628023181347	16.948884863907587	17	4091.5640174581	13.051115136092415	20.937641027504146	22.928120812777827	4.357575071163218	19	4035.9957823621457	34.35757507116322	20.65328332125619	23.283777567449015	4.941204925692176	19	3942.414487311712	34.941204925692176	20.174402493705998	24.09524358932708	0	1	0	0	0	0	0	0	0	0	0	0	0	0	0	0	0	1	0	2
70	4.586582154542334	19	4439.618273842229	34.586582154542334	22.398746809378494	24.52088406672204	17.76569547832836	14	4125.7181175811	12.23430452167164	20.815058823196644	23.88261341890166	5.610245208300896	19	4135.407716901986	35.610245208300896	20.863944756284987	24.271978766326136	5.219218912390211	19	4040.734806775468	35.21921891239021	20.38630131650437	26.485565555419488	0	0	0	0	0	0	0	0	0	0	0	0	0	0	1	0	0	0	0	3
71	2.3968242938822684	19	4530.059408329317	32.39682429388227	22.53760899666327	28.01281352910211	17.724110036817677	14	4159.988310394984	12.275889963182323	20.696459255696446	25.64600370847479	18.40073030785146	14	4167.789011459234	11.599269692148539	20.735268713727535	25.6272229879066	9.895824438111035	19	4152.110649998528	39.895824438111035	20.657266915415573	28.31169391810846	0	0	0	0	0	0	0	0	0	0	0	0	0	0	2	0	0	0	0	2
72	0.07372105208488478	19	4614.0152129330545	30.073721052084885	22.640843408381375	27.88330851620063	1.6832780468905106	14	4239.039159180748	28.31672195310949	20.80084641593498	27.220860218942363	18.19893007078782	17	4200.733665011618	11.80106992921218	20.61288242900815	24.942308996409345	3.5625040402946837	19	4245.805973777684	33.562504040294684	20.834050985619395	27.07512894827165	0	0	0	0	0	0	0	0	0	0	0	0	0	0	1	0	0	1	0	2
73	0.2719061102521927	19	4697.006141708601	29.728093889747807	22.736617063534972	26.48691381641634	11.441845667327996	14	4354.730978335372	41.441845667327996	21.0797788382511	27.10917649191012	1.2798100497270397	19	4288.056468067106	31.27981004972704	20.757030099558403	26.997475067494594	4.343873981077969	19	4341.68262197486	34.34387398107797	21.0166161612337	29.204273469284164	0	0	0	0	0	0	0	0	0	0	0	0	0	0	1	0	0	0	0	3
74	1.2825532944716436	19	4777.1756804282	28.717446705528356	22.816361458761552	30.916091170622146	0.5617051481989286	14	4436.91288479665	29.43829485180107	21.19122571843177	29.870338211991147	12.260457819556297	2	4337.579356654178	17.739542180443703	20.71679692730354	28.63692032482703	12.220277388568835	0	4391.317680931772	17.779722611431165	20.973457580569665	27.583220390659193	1	0	1	0	0	0	0	0	0	0	0	0	0	0	1	0	0	0	0	1
75	0.6784359052477633	19	4859.03171352605	29.321564094752237	22.901956230287745	29.3352698072132	9.331928441626744	8	4494.611251230443	20.668071558373256	21.184342111062577	28.045826559021055	0.7281175044601724	19	4419.2966952875595	29.271882495539828	20.829363842675072	28.000205419600256	18.30865693959833	19	4526.179348221484	48.30865693959833	21.33313125634636	28.6868865468273	0	0	0	0	0	0	0	0	1	0	0	0	0	0	0	0	0	0	0	3
76	3.226503819671649	19	4933.7743903628	26.77349618032835	22.95223596989866	28.236255159887424	12.373645947768356	14	4543.818156292922	17.626354052231644	21.1381344739349	26.564503167002794	0.15567252208800042	19	4503.481281078389	30.155672522088	20.9504847346155	26.70832574865876	0.8921743025731352	18	4607.438694960134	29.107825697426865	21.43410131402273	26.675278833221334	0	0	0	0	0	0	0	0	0	0	0	0	0	0	1	0	0	0	1	2
77	1.5549389372238878	19	5021.86526156255	31.554938937223888	23.062527033582317	28.056818508899358	10.642515682318209	14	4597.857800013117	19.35748431768179	21.11530562577781	28.214594679524417	1.025254264503399	19	4584.369112923317	28.9747457354966	21.053359875652436	28.179912843598856	19.627717021362628	14	4636.39465160883	10.372282978637372	21.292283130235738	27.150333985625263	0	0	0	0	0	0	0	0	0	0	0	0	0	0	2	0	0	0	0	2
78	2.565708542686565	19	5112.77786457755	32.565708542686565	23.18282047040642	27.479716590339944	13.004502312755822	14	4645.3035643900075	16.99549768724418	21.063156158201437	24.348400665104528	19.970744336085133	12	4612.367451651746	10.029255663914867	20.91381425271905	22.67397661346318	13.064226177009669	18	4683.673686864678	16.93577382299033	21.23713744280225	22.60491859053905	0	0	0	0	0	0	0	0	0	0	0	0	1	0	1	0	0	0	1	1
79	14.140090629205979	10	5157.05344490435	15.859909370794021	23.091284081661264	21.175342275409648	17.467061602715464	14	4680.291350749094	12.532938397284536	20.956528436189977	19.51785354539542	7.138476684914863	19	4716.0456990637995	37.13847668491486	21.116622533121497	20.076207320164514	13.913703810987226	18	4728.581263725671	16.086296189012774	21.172751927129884	19.749088507297614	0	0	0	0	0	0	0	0	0	0	1	0	0	0	1	0	0	0	1	1
80	3.5577350184716394	19	5250.73545516425	33.55773501847164	23.22049952532559	20.207387435595116	1.8183021283465024	14	4758.96525730746	28.181697871653498	21.04572805885002	21.988328924896727	1.4861858094455052	19	4803.944634448501	31.486185809445505	21.244641832829203	21.88037665157262	19.30052190734758	3	4758.450640067659	10.699478092652418	21.043452250161028	21.250774692113445	0	0	0	1	0	0	0	0	0	0	0	0	0	0	1	0	0	0	0	2
81	0.7377094019247714	19	5332.42601641721	29.26229059807523	23.29417990426156	23.174078185529485	1.229308882829372	14	4839.283436676228	28.770691117170628	21.139934925414906	24.35756991494751	0.4502119952582575	19	4888.951476268598	30.450211995258258	21.35690488359053	25.816600177393934	19.59419732363749	0	4787.500172539171	10.405802676362509	20.913724816334216	25.60388660530173	1	0	0	0	0	0	0	0	0	0	0	0	0	0	1	0	0	0	0	2
82	3.237906339130749	19	5407.13686122047	26.76209366086925	23.335961997714662	24.566248302897172	1.6885430126901504	14	4918.319587432468	28.31145698730985	21.2263388056787	25.788764382726878	0.5617981916847761	19	4971.133122983478	29.438201808315224	21.454269906779984	25.376811061711233	1.5806780012059747	19	4866.837446452471	28.419321998794025	21.004153698050597	25.40057347442529	0	0	0	0	0	0	0	0	0	0	0	0	0	0	1	0	0	0	0	3
83	3.1255274100752253	19	5482.16143053401	26.874472589924775	23.378087123812403	24.939402152473214	1.3139202306483533	14	4998.401560121908	28.686079769351647	21.315145245722427	26.738062320143143	1.595717282143525	19	5050.428412237494	28.404282717856475	21.537008154530895	26.652261532121265	1.0604276015111687	19	4947.627086064919	28.93957239848883	21.09862296829391	26.66914966025309	0	0	0	0	0	0	0	0	0	0	0	0	0	0	1	0	0	0	0	3
84	2.9136033813671673	19	5557.77762109436	27.086396618632833	23.4217142943397	26.33276812259054	2.595395305298144	14	5074.906081561284	27.404604694701856	21.386785945122185	28.032648324424475	9.414859607544358	19	5160.461561975222	39.41485960754436	21.747335818683993	29.297924919091987	0.005478121705081662	19	5031.361792975159	29.99452187829492	21.203280602529215	29.46623140819049	0	0	0	0	0	0	0	0	0	0	0	0	0	0	1	0	0	0	0	3
85	3.177181257573128	19	5632.657990083635	26.822818742426872	23.46126202048025	29.204693101601656	0.892447575112115	14	5156.164665414096	29.107552424887885	21.476562299538063	29.273516144211044	3.7792799132274624	19	5254.762051732982	33.77927991322746	21.88724214536473	29.963996876541312	0.5521380422478863	19	5116.653178343101	30.552138042247886	21.31198824717711	30.150602703830934	0	0	0	0	0	0	0	0	0	0	0	0	0	0	1	0	0	0	0	3
86	3.124701468942085	19	5707.684865149505	26.875298531057915	23.50050381945241	29.99770428515108	2.2512197770029836	14	5233.630010203296	27.748780222997016	21.548656758428397	29.8786250676019	5.395562868308062	19	5353.574664740342	35.39556286830806	22.042510199651435	30.709541692569424	4.020681371129548	19	5211.627580504171	34.02068137112955	21.458065179636332	31.371149360212193	0	0	0	0	0	0	0	0	0	0	0	0	0	0	1	0	0	0	0	3
87	20.877390023459824	11	5733.152151334013	9.122609976540177	23.337118662146587	28.34192439711178	0.4086616129518781	14	5318.520857206119	30.408661612951878	21.649338631775255	28.383338370577473	4.256319462017917	19	5425.442439575542	25.743680537982083	22.084568953496102	28.275424550132993	2.3291758187820903	19	5288.875298010072	27.67082418121791	21.528664713745215	28.13175172576599	0	0	0	0	0	0	0	0	0	0	0	1	0	0	1	0	0	0	0	2
88	2.590813253430447	19	5809.669464334853	27.409186746569553	23.382872236128865	27.4947424091002	2.4768308301850723	14	5395.3563711385195	27.523169169814928	21.715336727708287	27.19184552185691	3.814606670149253	19	5498.5433292880425	26.185393329850747	22.13064563188211	27.12285500173619	16.002908561792253	19	5417.300084411741	46.00290856179225	21.803656217655856	28.948267835615717	0	0	0	0	0	0	0	0	0	0	0	0	0	0	1	0	0	0	0	3
89	2.612798508392949	4	5886.125401832256	27.38720149160705	23.427364783411956	28.147431697945613	1.7242415458889582	14	5474.29286348958	28.275758454111042	21.78823030244609	27.572939406243762	1.252447352740294	19	5585.789744814442	31.252447352740294	22.23199898433609	29.785923143863773	3.3669891730244856	19	5510.4495958531015	33.366989173024486	21.93213769493773	30.081755899871034	0	0	0	0	1	0	0	0	0	0	0	0	0	0	1	0	0	0	0	2
90	1.304465418320241	19	5973.5170344584	31.30446541832024	23.51392632885051	30.637834387904853	17.473554706683224	1	5509.262523266756	12.526445293316776	21.686452445202914	29.12339649911474	4.9109338237612015	19	5655.8300545564425	25.0890661762388	22.26339532710425	28.89138444208166	13.305256001791523	13	5557.055756181434	16.694743998208477	21.874583918050593	27.808541924921013	0	1	0	0	0	0	0	0	0	0	0	0	0	1	0	0	0	0	0	2
91	0.9628303630710455	19	6054.57913302816	29.037169636928954	23.57396158219919	28.093719555628837	0.3311396861373126	14	5593.936954890556	30.331139686137313	21.7804164369522	26.526542668063342	2.326194084322392	19	5733.086096071042	27.673805915677608	22.322204137849614	26.555203110470398	8.409318182772537	19	5664.2817694416735	38.40931818277254	22.054309290493222	27.56855908333655	0	0	0	0	0	0	0	0	0	0	0	0	0	0	1	0	0	0	0	3
92	2.9798475276465695	19	6130.01039201348	27.02015247235343	23.61101739822235	27.14532959529786	1.7768173543662087	14	5682.647236671495	31.77681735436621	21.887904618859878	26.986312413432035	20.548532878567165	14	5759.471441785043	9.451467121432836	22.183809116167712	24.801012583743294	1.4395265244340294	19	5744.013091227628	28.56047347556597	22.124268045171423	26.40441540196822	0	0	0	0	0	0	0	0	0	0	0	0	0	0	2	0	0	0	0	2
93	2.7742792765955855	19	6206.015529032984	27.225720723404415	23.649471688915774	26.618080856684777	4.566811148117019	14	5779.146251126655	34.56681114811702	22.022786603213675	28.405287571675633	0.6370127486700881	19	5841.443114528339	29.362987251329912	22.26018335164816	28.437869333115724	1.0145535271042334	19	5824.930795964462	28.985446472895767	22.197259305040827	28.303300011791567	0	0	0	0	0	0	0	0	0	0	0	0	0	0	1	0	0	0	0	3
94	1.2325312079570203	19	6286.324712744104	28.76746879204298	23.703345342632904	28.412666299428103	4.631181590691938	14	5875.824966400671	34.63118159069194	22.155506550450287	28.03485264022005	4.762106818494086	19	5911.898899660043	25.237893181505914	22.29152766564666	27.8566267111353	3.4882211121958235	19	5918.418746569342	33.48822111219582	22.31611153458983	28.02776708691826	0	0	0	0	0	0	0	0	0	0	0	0	0	0	1	0	0	0	0	3
95	3.2660199224740225	19	6379.192351694343	33.26601992247402	23.802956536172918	30.409222367022373	3.938317135697197	14	5970.569435071158	33.9383171356972	22.278244160713275	30.9470067330355	2.1760796274089493	19	5989.574010700193	27.82392037259105	22.349156756344	31.00682669795416	0.19108643172824813	19	6001.635296947434	29.808913568271752	22.394161555774016	30.531036939969635	0	0	0	0	0	0	0	0	0	0	0	0	0	0	1	0	0	0	0	3
96	1.4209947893749266	19	6466.909295481349	31.420994789374927	23.881493013010054	30.736837693774135	2.3391401858865777	14	6060.849534756759	32.33914018588658	22.381964738292382	31.07220706507321	3.6882435430208957	19	6063.027664142593	26.311756456979104	22.39000829964952	30.82663583156683	0.4804413470758142	19	6084.044064853514	29.519558652924186	22.467619257806493	30.31547353779005	0	0	0	0	0	0	0	0	0	0	0	0	0	0	1	0	0	0	0	3
97	2.6388256378316406	19	6543.292573909069	27.36117436216836	23.916999965552485	30.5278016558563	4.765321447153077	14	6157.9027237967275	34.76532144715308	22.508325521035857	30.65551168935203	3.4471560409217936	19	6137.154353528353	26.552843959078206	22.432486214541647	29.984194093012444	5.869396885176357	19	6184.179464491298	35.86939688517636	22.60437209073884	30.17730206796036	0	0	0	0	0	0	0	0	0	0	0	0	0	0	1	0	0	0	0	3
98	2.4958690730077606	19	6620.074939413589	27.50413092699224	23.953233611627635	30.145323123400477	2.493467799771228	14	6234.6917928556995	27.506532200228772	22.558812457189322	29.915084986596177	0.949376720468063	19	6223.554696872992	30.949376720468063	22.518515411571208	29.867923179705496	0.07713562047617373	19	6268.144801431794	30.077135620476174	22.679854550635177	29.641722723164452	0	0	0	0	0	0	0	0	0	0	0	0	0	0	1	0	0	0	0	3
99	3.921968304952834	19	6714.773767598249	33.921968304952834	24.052920958560886	30.402743907961828	5.803196814111047	14	6302.24120174964	24.196803185888953	22.57519236447632	29.870468361258304	3.6520350919164173	19	6317.499961504593	33.65203509191642	22.62985060837466	30.499554434233108	0.046278097891342185	19	6352.023994455074	30.046278097891342	22.753518786107737	30.027650099306936	0	0	0	0	0	0	0	0	0	0	0	0	0	0	1	0	0	0	0	3
100	2.8235423874806003	19	6790.641378433199	27.1764576125194	24.08384706404562	30.09001146465106	17.17181490913433	1	6338.0532184616395	12.82818509086567	22.478687341965323	27.785890285219985	7.561318790342682	19	6422.358643127633	37.56131879034268	22.777686927008006	28.791609071555023	0.6779416511197596	19	6437.66658156445	30.67794165111976	22.83197841843459	29.10875001664413	0	1	0	0	0	0	0	0	0	0	0	0	0	0	0	0	0	0	0	3
101	2.7925002878722367	19	6882.187108403509	32.79250028787224	24.169226017220392	29.29306237338455	0.48508778467200386	14	6420.4490150627635	29.514912215327996	22.547669938762997	29.236840032869736	4.0121870946483575	19	6494.907954155073	25.987812905351642	22.809158750325103	28.44342449290961	6.697461395777914	19	6540.11366129433	36.697461395777914	22.9679145260556	29.693490313898508	0	0	0	0	0	0	0	0	0	0	0	0	0	0	1	0	0	0	0	3
102	12.71370221057731	19	7001.429527074704	42.71370221057731	24.349269475408324	30.599657025764593	0.42762343999270414	14	6505.392797166077	30.427623439992704	22.624174341687556	30.637791559974726	2.6076630280119346	19	6585.937680108273	32.607663028011935	22.904289859817204	31.180912101523983	10.626682525439996	19	6653.52981667785	40.626682525439996	23.13935887556419	33.96076184498141	0	0	0	0	0	0	0	0	0	0	0	0	0	0	1	0	0	0	0	3
103	4.346174859634388	19	7073.046455591559	25.653825140365612	24.36181327987907	32.77001247998371	0.489356258561191	14	6590.508916721227	30.48935625856119	22.699801090888265	32.75115394072785	4.911205732509135	19	6655.977230771685	25.088794267490865	22.92529470989099	31.98078333868972	11.310585777973245	19	6768.855201974692	41.310585777973245	23.31408221116428	33.16035069495424	0	0	0	0	0	0	0	0	0	0	0	0	0	0	1	0	0	0	0	3
104	4.90217489635344	19	7143.1112173392385	25.09782510364656	24.368822916295905	33.07135191478373	17.515548894020775	1	6625.3613427254195	12.484451105979224	22.60251204341294	30.65005088580387	1.568930670177675	19	6735.347299317439	28.431069329822325	22.977730658652245	29.221787597728365	9.421197521664006	19	6878.906045056005	39.421197521664006	23.467483309359515	30.121145005895492	0	1	0	0	0	0	0	0	0	0	0	0	0	0	0	0	0	0	0	3
105	2.106835486230807	19	7220.979634940178	27.893164513769193	24.402071421932444	29.64969515447122	5.315512191044775	14	6723.9504809254195	35.315512191044775	22.722446007069845	29.118578121031696	1.9643482092659106	19	6824.581104734973	31.96434820926591	23.06251006950709	29.749630427921726	3.2890432970808305	19	6971.837957593689	33.28904329708083	23.56013953565877	30.029599131773686	0	0	0	0	0	0	0	0	0	0	0	0	0	0	1	0	0	0	0	3
106	2.1049364381086555	19	7298.853354050458	27.895063561891345	24.4347162082872	30.31022606121374	11.08821202095045	14	6838.65507281724	41.08821202095045	22.894088680096765	30.287988685511465	2.193653137418508	19	6902.207156393013	27.806346862581492	23.106844992806852	30.558840861404956	2.1280037266746348	19	7049.647280523389	27.871996273325365	23.600437262179017	32.097595378139566	0	0	0	0	0	0	0	0	0	0	0	0	0	0	1	0	0	0	0	3
107	2.4861603711789932	19	7375.66282301425	27.513839628821007	24.46322661032918	32.00587240803944	3.717325537601184	14	6932.78260660971	33.717325537601184	22.994303836184766	31.435485209633157	0.7601578805186833	19	6983.835048976565	29.239842119481317	23.16363200323902	31.57015297020437	1.738668786330269	19	7128.543496828217	28.26133121366973	23.643593687655784	30.86473487246686	0	0	0	0	0	0	0	0	0	0	0	0	0	0	1	0	0	0	0	3
108	2.102844222320236	19	7465.283263134894	32.102844222320236	24.53331484530157	30.8785844737723	0.9190123176501572	14	7013.9670305562695	29.080987682349843	23.050144972388118	30.457778912299194	1.4792611610435813	19	7063.455444901985	28.52073883895642	23.21277977237404	30.52034644000571	1.4395105494447762	19	7208.274863211017	28.560489450555224	23.688702823095227	29.267574182966182	0	0	0	0	0	0	0	0	0	0	0	0	0	0	1	0	0	0	0	3
109	0.2773669083166581	19	7548.2589471825095	29.722633091683342	24.580490465723223	29.459202805876366	3.51669995708059	14	7107.534484603119	33.51669995708059	23.14529547224896	30.023673174251893	1.7637499253194022	19	7142.281643027135	28.236250074680598	23.258447684213195	30.095914218837844	1.6344147786125447	19	7287.462121954057	28.365585221387455	23.731219935806973	29.560740187216474	0	0	0	0	0	0	0	0	0	0	0	0	0	0	1	0	0	0	0	3
110	4.5096874271570115	19	7644.59849124999	34.50968742715701	24.669942690601008	30.08772471798405	7.3822194653258535	14	7211.893180610487	37.38221946532585	23.273556048763165	30.999813543149664	5.695323613633427	19	7241.931088115195	35.69532361363343	23.370491611505265	31.359061482280982	1.1099322896238775	19	7368.113560978857	28.890067710376123	23.777696041884173	31.3399694850836	0	0	0	0	0	0	0	0	0	0	0	0	0	0	1	0	0	0	0	3
111	5.81200955322268	19	7744.57368458607	35.81200955322268	24.769425430445843	32.06909655651024	5.552862205296705	14	7311.144920933608	35.552862205296705	23.383192710875072	32.76833383198438	0.2033654830481204	19	7325.113359475019	29.79663451695188	23.427867887446755	32.77573397451123	0.05772868384477903	19	7452.024720221257	30.05772868384478	23.833767761901676	32.42983684718765	0	0	0	0	0	0	0	0	0	0	0	0	0	0	1	0	0	0	0	3
112	4.923369978492893	19	7842.068092442696	34.92336997849289	24.85928334680024	33.098548837568885	4.62891338622412	14	7407.817304136817	34.62891338622412	23.48271236286931	33.724881654052545	1.332547348046326	19	7405.143331461723	28.667452651953674	23.474235894212303	33.14065817653221	1.6720324751878195	19	7531.106962894691	28.32796752481218	23.87353944121947	32.23523298248084	0	0	0	0	0	0	0	0	0	0	0	0	0	0	1	0	0	0	0	3
113	0.8672650403444777	19	7923.396977538401	29.132734959655522	24.896769764456863	31.578974117083057	0.8026566503305048	14	7489.326554321311	29.197343349669495	23.53284070485879	31.609701681012393	4.480005729642983	19	7501.400014123644	34.48000572964298	23.570777734873975	31.476501298654426	1.1841765926113403	19	7611.551136573651	28.81582340738866	23.91689280934376	30.802797418863623	0	0	0	0	0	0	0	0	0	0	0	0	0	0	1	0	0	0	0	3
114	0.030324865883816443	19	8007.062320621142	29.969675134116184	24.9408819850626	30.820101480580053	1.6226834335164213	14	7568.546563069411	28.37731656648358	23.574966581916392	30.652060268843922	2.8221134073542586	19	7593.028414052508	32.82211340735426	23.651224132025977	30.44193461173007	4.372059436320001	19	7683.095803980591	25.62794056368	23.931771485468424	29.54183732947565	0	0	0	0	0	0	0	0	0	0	0	0	0	0	1	0	0	0	0	3
115	2.6397419666149204	19	8083.443040964342	27.36025803338508	24.96173867513434	29.411117867618792	2.2670743532761826	14	7645.967647166514	27.732925646723817	23.61081105661301	29.351613679809958	0.16141495982041576	19	7676.327797289676	29.838585040179584	23.704563450199718	29.422198687862362	5.582144297597015	19	7751.262317816466	24.417855702402985	23.935961866648892	28.944249923135715	0	0	0	0	0	0	0	0	0	0	0	0	0	0	1	0	0	0	0	3
116	3.327921682181728	19	8157.902592934918	26.672078317818272	24.97635696267865	28.163457181953248	4.784896114638091	3	7716.359812179816	25.21510388536191	23.62452296113223	27.803385229750567	3.1079140193194092	19	7768.754057260276	33.10791401931941	23.7849339678845	28.117209118270893	5.847084911748535	19	7818.6892057711675	24.152915088251465	23.937816167688233	27.694768970447676	0	0	0	1	0	0	0	0	0	0	0	0	0	0	0	0	0	0	0	3
117	3.180378537003943	19	8232.774036185781	26.819621462996057	24.991977848274562	27.094519776011857	3.954300167496008	14	7789.070724212223	26.045699832503992	23.6450414091947	27.136295702894255	2.670654865937191	19	7845.048479092868	27.32934513406281	23.814971350648722	27.133204412962026	0.7302476886934883	19	7904.477813902104	30.73024768869349	23.995379146679802	27.432936617158997	0	0	0	0	0	0	0	0	0	0	0	0	0	0	1	0	0	0	0	3
118	3.891464006763943	19	8305.660365833566	26.108535993236057	25.00136068982886	27.059931712464646	4.3505562060952805	14	7860.675421470207	25.64944379390472	23.66188512671327	27.183090521614815	2.60603112799809	19	7921.52330886054	27.39396887200191	23.84504696007186	27.25527957703318	1.0159023752582712	19	7985.391753104508	28.98409762474173	24.037301150697132	27.63217895097116	0	0	0	0	0	0	0	0	0	0	0	0	0	0	1	0	0	0	0	3
119	3.5124925267472307	19	8379.60465752973	26.48750747325277	25.013745246357395	26.970138296364496	3.5342488377313437	14	7934.5589767982065	26.465751162268656	23.685250677009563	27.20142190376622	0.5908876592160048	19	8003.623747478562	29.409112340783995	23.89141417157779	27.460370991545016	1.082389652460904	19	8072.163424217628	31.082389652460904	24.09601022154516	27.964039973540707	0	0	0	0	0	0	0	0	0	0	0	0	0	0	1	0	0	0	0	3
120	3.3424715207527242	19	8454.023591200961	26.657528479247276	25.027330231753176	27.896858308059148	0.08447566411845031	14	8018.544804693871	30.08447566411845	23.738136833927822	27.832281105601645	2.0133115490400044	19	8092.994242219632	32.013311549040004	23.958537290399793	28.42275866118204	0.44530407614758616	19	8154.670283671716	29.554695923852414	24.141123326522905	28.81328387417681	0	0	0	0	0	0	0	0	0	0	0	0	0	0	1	0	0	0	0	3
