62.603007466428
47.196230095168005
113.20813701122198
66.77504140065
77.497255107921
65.57073996011
66.00362819143498
35.030771396907
37.343324736123996
35.130373772031994
34.776485346482
45.794067732710005
36.46549768702501
37.08397288008
37.711400565888
63.435780915968
66.435125985024
65.41818840288
77.274459313536
72.339765850752
52.531148447999996
66.86864681279998
55.69405139404799
35.447387656901995
37.04847047165
35.301294633244
36.206959178992
80.296149907716
67.181634160065
65.05773342407801
66.936540499668
82.28740538513001
82.27917938659101
40.449743146237005
36.056537587161
36.55033698246401
38.680586334693004
37.090343260354004
36.020262527907
38.821223862234
70.66640733537601
128.69425275381
100.59788746469002
92.586812339736
71.90346313706401
35.59303728435
35.158196283209996
39.865504653585
41.69525407606
39.20155022654
34.987274165376
35.795649879565
47.803214303705
41.449079022408
35.495400987710006
40.75636083903999
33.962043605688
36.00147987446
47.750942852554
64.29403022916
64.39144224186
64.004837018076
66.532061612394
63.22717386567001
63.019819674312
36.169239597624
36.056656896
33.7736230482
33.9465079888
35.616825288
34.1216554266
42.330280363199996
37.109535892
34.8836793408
34.056196144000005
56.913558751400004
78.31882177279999
65.633341163
65.3135914588
65.92483194299999
63.09008996861999
57.179634209152
34.485593588784
34.000296462405004
34.411066543334
33.776680780439996
36.18924301872
36.18924301872
36.678621496511994
41.720655559924005
36.292180130784004
37.08455349024
34.08578096730599
43.97256364363599
44.41838384456
53.56719456550199
100.93100087614
92.805550295094
63.482404285542
63.941240988301985
64.556099816056
68.17384044415999
