task	r0_energy	r0_config	r0_reward	r0_rate	r0_avgrate	r0_rollrate	r1_energy	r1_config	r1_reward	r1_rate	r1_avgrate	r1_rollrate	r2_energy	r2_config	r2_reward	r2_rate	r2_avgrate	r2_rollrate	r3_energy	r3_config	r3_reward	r3_rate	r3_avgrate	r3_rollrate	r4_energy	r4_config	r4_reward	r4_rate	r4_avgrate	r4_rollrate	r5_energy	r5_config	r5_reward	r5_rate	r5_avgrate	r5_rollrate	c0	c1	c2	c3	c4	c5	c6	c7	c8	c9	c10	c11
0	53.58146033889	0	53.58146033889	53.58146033889	53.58146033889	53.58146033889	41.98581004916799	0	41.98581004916799	41.98581004916799	41.98581004916799	41.98581004916799	35.7536678202	0	35.7536678202	35.7536678202	35.7536678202	35.7536678202	38.287601353616	0	38.287601353616	38.287601353616	38.287601353616	38.287601353616	38.9906568599	0	38.9906568599	38.9906568599	38.9906568599	38.9906568599	35.864566288759995	0	35.864566288759995	35.864566288759995	35.864566288759995	35.864566288759995	6	0	0	0	0	0	0	0	0	0	0	0
1	100.95227109551999	1	154.53373143441	100.95227109551999	77.266865717205	77.266865717205	95.22224027568	1	137.208050324848	95.22224027568	68.604025162424	68.604025162424	86.14953099983998	1	121.90319882003999	86.14953099983998	60.951599410019995	60.951599410019995	39.802084261822	1	78.089685615438	39.802084261822	39.044842807719	39.044842807719	38.067511122816	1	77.058167982716	38.067511122816	38.529083991358	38.529083991358	49.51937179311	1	85.38393808186999	49.51937179311	42.69196904093499	42.69196904093499	0	6	0	0	0	0	0	0	0	0	0	0
2	92.591445603067	2	247.125177037477	92.591445603067	82.37505901249233	82.37505901249233	94.44681436553999	2	231.65486469038797	94.44681436553999	77.21828823012932	77.21828823012932	37.46300688584999	2	159.36620570588997	37.46300688584999	53.12206856862999	53.12206856862999	47.580328044891	2	125.670013660329	47.580328044891	41.890004553443	41.890004553443	44.365604842790006	2	121.423772825506	44.365604842790006	40.47459094183534	40.47459094183534	87.9925753846	2	173.37651346647	87.9925753846	57.792171155489996	57.792171155489996	0	0	6	0	0	0	0	0	0	0	0	0
3	37.14504368214599	3	284.27022071962296	37.14504368214599	71.06755517990574	71.06755517990574	35.42548848280399	3	267.08035317319195	35.42548848280399	66.77008829329799	66.77008829329799	56.8790548704	3	216.24526057628998	56.8790548704	54.061315144072495	54.061315144072495	36.113256127395005	3	161.783269787724	36.113256127395005	40.445817446931	40.445817446931	52.334464077585004	3	173.75823690309102	52.334464077585004	43.439559225772754	43.439559225772754	34.87739599520999	3	208.25390946167997	34.87739599520999	52.06347736541999	52.06347736541999	0	0	0	6	0	0	0	0	0	0	0	0
4	100.88115570932402	4	385.15137642894695	100.88115570932402	77.03027528578939	77.03027528578939	69.90044404525001	4	336.980797218442	69.90044404525001	67.39615944368839	67.39615944368839	40.008606037289994	4	256.25386661358	40.008606037289994	51.250773322716	51.250773322716	41.36881570718399	4	203.152085494908	41.36881570718399	40.630417098981596	40.630417098981596	111.54806237418903	4	285.30629927728006	111.54806237418903	57.061259855456015	57.061259855456015	67.57196716816	4	275.82587662983997	67.57196716816	55.165175325967994	55.165175325967994	0	0	0	0	6	0	0	0	0	0	0	0
5	86.521686819912	5	471.67306324885897	86.521686819912	78.61217720814317	78.61217720814317	53.39514966223199	5	390.37594688067395	53.39514966223199	65.06265781344565	65.06265781344565	37.6309567425	5	293.88482335608	37.6309567425	48.98080389268	48.98080389268	38.80541668499999	5	241.95750217990798	38.80541668499999	40.326250363317996	40.326250363317996	51.974011479127995	5	337.2803107564081	51.974011479127995	56.21338512606801	56.21338512606801	65.8146662856	5	341.64054291543994	65.8146662856	56.94009048590666	56.94009048590666	0	0	0	0	0	6	0	0	0	0	0	0
6	34.082968627296005	6	505.75603187615496	34.082968627296005	72.25086169659356	72.25086169659356	50.860994722272	6	441.23694160294593	50.860994722272	63.03384880042085	63.03384880042085	35.180305663800006	6	329.06512901988003	35.180305663800006	47.00930414569715	47.00930414569715	94.90711747870799	6	336.864619658616	94.90711747870799	48.123517094088	48.123517094088	48.936329174015995	6	386.2166399304241	48.936329174015995	55.1738057043463	55.1738057043463	48.054393565649995	6	389.69493648108994	48.054393565649995	55.67070521158428	55.67070521158428	0	0	0	0	0	0	6	0	0	0	0	0
7	46.667842767	7	552.4238746431549	46.667842767	69.05298433039437	69.05298433039437	48.827204653374	7	490.06414625631993	48.827204653374	61.25801828203999	61.25801828203999	41.6990278062	7	370.76415682608	41.6990278062	46.34551960326	46.34551960326	49.24032816113999	7	386.104947819756	49.24032816113999	48.2631184774695	48.2631184774695	49.11032151202401	7	435.3269614424481	49.11032151202401	54.415870180306015	54.415870180306015	37.36356024112799	7	427.0584967222179	37.36356024112799	53.38231209027724	53.38231209027724	0	0	0	0	0	0	0	6	0	0	0	0
8	48.774523843584	8	601.1983984867389	48.774523843584	66.7998220540821	66.7998220540821	89.494031675762	8	579.5581779320819	89.494031675762	64.39535310356466	64.39535310356466	31.349325480479997	8	402.11348230656	31.349325480479997	44.67927581184	44.67927581184	49.466992309488	8	435.57194012924396	49.466992309488	48.39688223658266	48.39688223658266	34.81357188897	8	470.1405333314181	34.81357188897	52.23783703682423	52.23783703682423	33.334603132679995	8	460.3930998548979	33.334603132679995	51.15478887276643	51.15478887276643	0	0	0	0	0	0	0	0	6	0	0	0
9	133.70547157463997	9	734.9038700613789	133.70547157463997	73.4903870061379	73.4903870061379	70.25364516189597	9	649.8118230939779	70.25364516189597	64.98118230939778	64.98118230939778	38.964221688798	9	441.077703995358	38.964221688798	44.107770399535795	44.107770399535795	41.994013623183	9	477.56595375242694	41.994013623183	47.756595375242696	47.756595375242696	107.72179677153301	9	577.8623301029511	107.72179677153301	57.786233010295106	57.786233010295106	76.17998556135001	9	536.573085416248	76.17998556135001	53.6573085416248	53.6573085416248	0	0	0	0	0	0	0	0	0	6	0	0
10	102.2969679368	10	837.2008379981789	102.2969679368	76.10916709074354	60.3005487064288	106.351447015296	10	756.1632701092739	106.351447015296	68.74211546447944	65.98375622864741	96.25275245318998	10	537.3304564485479	96.25275245318998	48.848223313504356	66.8097739355064	123.785130618288	10	601.351084370715	123.785130618288	54.668280397337725	75.70054739781419	77.65022685429601	10	655.512556957247	77.65022685429601	59.592050632477005	76.7083733664278	80.14720400231998	10	616.720289418568	80.14720400231998	56.06548085623345	78.14162713809979	0	0	0	0	0	0	0	0	0	0	6	0
11	103.96504526597698	11	941.1658832641559	103.96504526597698	78.43049027201299	83.7326923081325	108.27177980611201	11	864.4350499153859	108.27177980611201	72.0362541596155	90.8235142646309	121.53558977389201	11	658.86604622244	121.53558977389201	54.90550385187	99.6436129287521	116.00827866989998	11	717.3593630406149	116.00827866989998	59.77994692005124	103.6264422396071	87.05577240416999	11	742.568329361417	87.05577240416999	61.88069411345142	102.1023226863441	90.31705894574999	11	707.037348364318	90.31705894574999	58.91977903035983	100.49888387938948	0	0	0	0	0	0	0	0	0	0	0	6
12	37.202221433552005	9	978.368104697708	37.202221433552005	75.25908497674676	94.5938307774257	38.355017801568	0	902.7900677169539	38.355017801568	69.44538982438107	86.0508194957537	75.64940036956799	5	734.515446592008	75.64940036956799	56.501188199385226	85.8507368472809	111.45565488351998	7	828.8150179241348	111.45565488351998	63.7550013787796	88.9815819354009	46.131243938714995	2	788.699573300132	46.131243938714995	60.669197946164	83.1982018026747	50.9478722928	9	757.9852206571179	50.9478722928	58.30655543516291	77.46581105134348	1	0	1	0	0	1	0	1	0	2	0	0
13	102.093633700492	10	1080.4617383982	102.093633700492	77.17583845701428	75.52161544400349	116.615281265664	10	1019.4053489826179	116.615281265664	72.8146677844727	75.5823157035799	57.20761560902999	0	791.7230622010379	57.20761560902999	56.55164730007414	72.5975000240659	114.452537643616	4	943.2675555677508	114.452537643616	67.37625396912506	75.01104789385249	51.237687596157	8	839.937260896289	51.237687596157	59.995518635449216	76.41459451011299	75.35678867051999	7	833.3420093276379	75.35678867051999	59.52442923768842	80.1147715970082	1	0	0	0	1	0	0	1	1	0	2	0
14	37.94061877123	6	1118.40235716943	37.94061877123	74.56015714462866	76.3438934371744	28.280792201183996	0	1047.6861411838017	28.280792201183996	69.84574274558678	68.02640716894079	49.353569643212005	8	841.07663184425	49.353569643212005	56.07177545628333	68.3486397393905	41.987505442144005	5	985.2550610098948	41.987505442144005	65.68367073399298	67.4526030543249	97.62786326743999	9	937.565124163729	97.62786326743999	62.50434161091527	67.0060260110197	30.432162988709997	2	863.774172316348	30.432162988709997	57.58494482108986	58.387714183324306	1	0	1	0	0	1	1	0	1	1	0	0
15	32.146823897734	1	1150.549181067164	32.146823897734	71.90932381669775	55.88163501219469	30.536537780544	0	1078.2226789643457	30.536537780544	67.38891743527161	47.4900350258875	36.505872280191994	3	877.5825041244419	36.505872280191994	54.84890650777762	46.016853494291	31.013135352320003	7	1016.2681963622148	31.013135352320003	63.516762272638424	41.582488162470995	82.895895273664	11	1020.461019437393	82.895895273664	63.778813714837064	46.0780158127144	39.293490051199996	9	903.067662367548	39.293490051199996	56.44172889797175	47.179285597716	1	1	0	1	0	0	0	1	0	1	0	1
16	112.48654373373299	10	1263.035724800897	112.48654373373299	74.29621910593512	53.4925830067681	31.4496284784	0	1109.6723074427457	31.4496284784	65.27484161427915	52.4387953103937	41.967378075616004	3	919.5498822000579	41.967378075616004	54.09116954117988	46.8727467912113	36.969741664128	9	1053.2379380263428	36.969741664128	61.95517282507899	47.5265046587531	95.90673134592001	10	1116.367750783313	95.90673134592001	65.66869122254784	53.9024954035717	34.020139199199996	8	937.087801566748	34.020139199199996	55.12281185686753	54.2508555454373	1	0	0	1	0	0	0	0	1	1	2	0
17	41.74259470919999	5	1304.778319510097	41.74259470919999	72.48768441722761	54.774527788338105	39.181533214464	9	1148.8538406572097	39.181533214464	63.82521336984499	55.59136757455251	36.621954950314006	7	956.171837150372	36.621954950314006	53.120657619465106	50.9639735422175	44.223541516672	7	1097.4614795430148	44.223541516672	60.970082196834156	51.45697868876469	31.418920452863997	1	1147.7866712361772	31.418920452863997	63.76592617978762	43.350216360677805	32.982447648779996	0	970.070249215528	32.982447648779996	53.89279162308489	43.5034982777158	1	1	0	0	0	1	0	2	0	1	0	0
18	50.945125204926	0	1355.7234447150229	50.945125204926	71.353865511317	44.4012729906468	106.24712364288	10	1255.1009643000898	106.24712364288	66.05794548947841	51.329011188521996	33.40233462474001	1	989.574171775112	33.40233462474001	52.08285114605852	45.078571516404	38.06012455448099	5	1135.5216040974958	38.06012455448099	59.76429495249978	45.48257005193209	37.76227213088	4	1185.5489433670573	37.76227213088	62.39731280879249	45.0845377941001	99.54318425372998	1	1069.6134334692579	99.54318425372998	56.29544386680305	51.12070289802669	1	2	0	0	1	1	0	0	0	0	1	0
19	50.08715310374999	0	1405.810597818773	50.08715310374999	70.29052989093864	52.46722271337029	30.440538236106	0	1285.5415025361958	30.440538236106	64.27707512680979	51.088922385313694	93.043843669458	7	1082.61801544457	93.043843669458	54.13090077222849	57.251414706973094	42.577429722019	4	1178.0990338195147	42.577429722019	58.904951690975736	58.210912914297	31.143932058975995	1	1216.6928754260332	31.143932058975995	60.83464377130166	56.230793599702	30.632201480789995	8	1100.2456349500478	30.632201480789995	55.01228174750239	48.669301383493	2	1	0	0	1	0	0	1	1	0	0	0
20	111.72915770054999	11	1517.539755519323	111.72915770054999	72.26379788187253	56.501983691073995	30.345808664808004	0	1315.8873112010037	30.345808664808004	62.66130053338113	55.7305521021067	40.118091195528	6	1122.736106640098	40.118091195528	53.463624125718944	55.9661340085715	126.609283655946	11	1304.7083174754607	126.609283655946	62.128967498831464	58.6727439487931	41.085763643904	3	1257.7786390699373	41.085763643904	59.89422090809225	57.7726050028085	36.001734256214995	3	1136.2473692062629	36.001734256214995	54.107017581250616	58.328724604819385	1	0	0	2	0	0	1	0	0	0	0	2
21	53.61859330394399	3	1571.158348823267	53.61859330394399	71.41628858287578	54.386199568268	99.793103070024	10	1415.6804142710278	99.793103070024	64.34910973959217	60.1077669030685	50.759870541291	5	1173.495977181389	50.759870541291	53.34072623551768	62.069360751299996	32.186302733704	3	1336.8946202091647	32.186302733704	60.76793728223476	62.2247708765914	80.11688814182399	11	1337.8955272117612	80.11688814182399	60.813433055080054	59.0635439207188	39.13033668043499	5	1175.3777058866979	39.13033668043499	53.42625935848627	59.9419967222815	0	0	0	2	0	2	0	0	0	0	1	1
22	40.14172051155	6	1611.300069334817	40.14172051155	70.0565247536877	59.9443596538837	27.905737095935997	0	1443.5861513669638	27.905737095935997	62.764615276824514	50.07400499788269	92.87441856162	2	1266.3703957430089	92.87441856162	55.05958242360908	55.2528704896543	50.244347601028004	3	1387.1389678101928	50.244347601028004	60.31038990479099	56.6771318241356	36.503822738207994	3	1374.3993499499693	36.503822738207994	59.75649347608562	54.965654767562	38.37604889663999	4	1213.7537547833379	38.37604889663999	52.77190238188425	48.8239493502236	1	0	1	2	1	0	1	0	0	0	0	0
23	31.821625168325994	6	1643.1216945031429	31.821625168325994	68.46340393763096	46.93012481292709	30.147137578530007	0	1473.7332889454938	30.147137578530007	61.40555370606224	46.72620829740969	31.717865399094002	0	1298.088261142103	31.717865399094002	54.08701088092096	41.886306023136704	48.88282012185599	3	1436.0217879320487	48.88282012185599	59.834241163835365	42.861554367278806	34.42354021999599	1	1408.8228901699654	34.42354021999599	58.70095375708189	42.289736338123404	75.15354568176001	8	1288.907300465098	75.15354568176001	53.70447085271241	47.014517196705796	2	1	0	1	0	0	1	0	1	0	0	0
24	39.455517978478994	9	1682.577212481622	39.455517978478994	67.30308849926487	41.6726271383917	30.252011469480003	0	1503.9853004149738	30.252011469480003	60.15941201659896	39.673393525236904	31.516276391352	2	1329.604537533455	31.516276391352	53.1841815013382	39.1746388905513	52.378738909056	4	1488.4005268411047	52.378738909056	59.536021073644186	40.574907891792904	32.554030995695996	1	1441.3769211656613	32.554030995695996	57.65507684662645	40.6481484745299	92.907441461835	6	1381.814741926933	92.907441461835	55.27258967707732	46.924178862860394	1	1	1	0	1	0	1	0	0	1	0	0
25	35.371796038568995	7	1717.949008520191	35.371796038568995	66.07496186616119	47.2895719268079	113.93649732729601	7	1617.9217977422697	113.93649732729601	62.22776145162576	53.794939647351896	105.61423641876	7	1435.2187739522149	105.61423641876	55.20072207508519	60.9140092672283	121.13651866293603	11	1609.5370455040406	121.13651866293603	61.90527098092464	65.51230656534591	82.86289746316801	5	1524.2398186288294	82.86289746316801	58.62460840880113	69.85304451381481	112.215150794604	10	1494.029892721537	112.215150794604	57.46268818159758	78.0493584463272	0	0	0	0	0	1	0	3	0	0	1	1
26	80.93594614754399	6	1798.884954667735	80.93594614754399	66.6253686913976	82.99132542194641	56.513721572451004	0	1674.4355193147208	56.513721572451004	62.016130344989655	83.40482368828592	49.54150498824	6	1484.7602789404548	49.54150498824	54.99112144223906	85.1035710875403	100.542842609664	1	1710.0798881137046	100.542842609664	63.33629215235943	85.86711120232322	35.224311652992	1	1559.4641302818213	35.224311652992	57.75793075117857	85.85236276376551	50.78098538672	0	1544.810878108257	50.78098538672	57.21521770771322	79.53681156970791	2	2	0	0	0	0	2	0	0	0	0	0
27	101.77270244865	1	1900.657657116385	101.77270244865	67.88063061129947	79.1526581726969	48.258435873150006	0	1722.6939551878709	48.258435873150006	61.52478411385253	71.86484989371829	100.080305057376	11	1584.840583997831	100.080305057376	56.60144942849396	73.5865906531391	111.62775112957999	4	1821.7076392432846	111.62775112957999	65.0609871158316	73.5278506866367	98.07649221051	11	1657.5406224923313	98.07649221051	59.19787937472612	75.2419052929333	34.802053009804	1	1579.612931118061	34.802053009804	56.41474753993075	73.0707384366686	1	2	0	0	1	0	0	0	0	0	0	2
28	34.498557639	7	1935.156214755385	34.498557639	66.72952464673742	71.56644370174459	50.197889657412006	0	1772.8918448452828	50.197889657412006	61.134201546389065	66.53194840651939	116.66349538941598	10	1701.504079387247	116.66349538941598	58.672554461629204	74.67586678016178	35.21731209170999	4	1856.9249513349946	35.21731209170999	64.0318948736205	73.1194994506608	50.728645060137005	1	1708.2692675524684	50.728645060137005	58.90583681215408	68.0150937118095	36.66614582126	3	1616.279076939321	36.66614582126	55.73376127376969	66.85586470662051	1	1	0	1	1	0	0	1	0	0	1	0
29	36.88393904009999	3	1972.040153795485	36.88393904009999	65.73467179318283	60.53622810489289	35.544372196958996	0	1808.4362170422419	35.544372196958996	60.281207234741395	52.92789021163079	63.765736217568	9	1765.269815604815	63.765736217568	58.84232718682717	49.49681461233659	31.009773522756	6	1887.9347248577506	31.009773522756	62.931157495258354	49.1175866636318	64.08569538350099	1	1772.3549629359693	64.08569538350099	59.07849876453231	52.0763004380819	50.066034703368	3	1666.3451116426888	50.066034703368	55.54483705475629	52.0631149426775	1	1	0	2	0	0	1	0	0	1	0	0
30	37.46180741355	3	2009.501961209035	37.46180741355	64.82264390996887	44.1429461450909	41.76014841135	3	1850.1963654535919	41.76014841135	59.68375372430941	44.797229777054895	63.257292338832	1	1828.527107943647	63.257292338832	58.984745417537	46.0500945049244	37.500814016388	8	1925.4355388741385	37.500814016388	62.11082383464963	46.1335613244372	97.29971034408901	7	1869.6546732800582	97.29971034408901	60.31144107355026	52.1751384548361	81.105638149426	7	1747.450749792115	81.105638149426	56.36937902555209	56.73126505008281	0	1	0	2	0	0	0	2	1	0	0	0
31	32.316765809399996	7	2041.818727018435	32.316765809399996	63.806835219326096	53.586368009266	33.112024809317	0	1883.308390262909	33.112024809317	58.853387195715904	53.796593137922095	94.38318759160802	11	1922.910295535255	94.38318759160802	60.09094673547672	56.8263423587328	35.496047288448	0	1960.9315861625864	35.496047288448	61.279112067580826	55.3693436172408	33.89879013048	0	1903.5534634105381	33.89879013048	59.48604573157932	55.01304188893381	39.051884502064	9	1786.502634294179	39.051884502064	55.82820732169309	54.7422154980052	3	0	0	0	0	0	0	1	0	1	0	1
32	87.2205768936	11	2129.039303912035	87.2205768936	64.51634254278893	57.138543953482	30.155029737119996	0	1913.463420000029	30.155029737119996	57.98374000000088	56.4039655255552	88.39556561304	7	2011.305861148295	88.39556561304	60.94866245903924	55.5135510524503	35.649239926284	0	1996.5808260888705	35.649239926284	60.50244927542032	50.967911230136096	32.536964193525	0	1936.090427604063	32.536964193525	58.66940689709282	50.98993106854861	50.351542189019995	3	1836.854176483199	50.351542189019995	55.66224777221815	52.7138828065189	3	0	0	1	0	0	0	1	0	0	0	1
33	31.6257924015	1	2160.665096313535	31.6257924015	63.54897342098632	46.438143287508105	33.417028200915	6	1946.8804482009439	33.417028200915	57.26118965296894	46.230241378754805	30.566745083304	8	2041.872606231599	30.566745083304	60.055076653870564	45.8970368740372	115.18340699915998	4	2111.7642330880303	115.18340699915998	62.11071273788325	53.510189123746805	31.272635249856002	0	1967.363062853919	31.272635249856002	57.8636194957035	47.9153949593724	30.837143530127996	0	1867.691320013327	30.837143530127996	54.932097647450796	47.9836063386732	2	1	0	0	1	0	1	0	1	0	0	0
34	31.466015167049996	6	2192.131111480585	31.466015167049996	62.63231747087385	42.290651294074195	30.22281758307	0	1977.103265784014	30.22281758307	56.48866473668611	41.7480090597528	28.427689947744003	8	2070.300296179343	28.427689947744003	59.151437033695515	41.3370816351747	35.582961002219996	0	2147.3471940902505	35.582961002219996	61.352776974007156	39.86022351649469	31.090134556800002	0	1998.453197410719	31.090134556800002	57.0986627831634	39.8066577320247	30.882071233439998	8	1898.573391246767	30.882071233439998	54.244954035621916	39.5531620352772	3	0	0	0	0	0	1	0	2	0	0	0
35	54.9227624355	4	2247.0538739160847	54.9227624355	62.41816316433569	41.988763770496796	78.00641010972699	0	2055.109675893741	78.00641010972699	57.08637988593725	38.27106408155349	32.162935287744006	8	2102.463231467087	32.162935287744006	58.40175642964131	38.3600940853423	35.298084215376	0	2182.6452783056266	35.298084215376	60.62903550848963	38.8061881538671	38.3428436608	4	2036.796041071519	38.3428436608	56.5776678075422	39.49387100324209	31.779089150479994	0	1930.352480397247	31.779089150479994	53.620902233256864	39.6494981599831	3	0	0	0	2	0	0	0	1	0	0	0
36	31.405588089749994	2	2278.4594620058347	31.405588089749994	61.579985459617156	39.947287974183695	30.222893595241	0	2085.3325694889822	30.222893595241	56.36033971591844	39.41128123348579	44.280053214408	1	2146.743284681495	44.280053214408	58.02008877517554	40.73027309924659	41.605599076956	9	2224.2508773825825	41.605599076956	60.114888577907635	41.802625883598196	31.682724866999994	0	2068.4787659385192	31.682724866999994	55.904831511851874	39.47862212674819	83.891029842876	0	2014.243510240123	83.891029842876	54.43901379027359	40.0670841000631	3	1	1	0	0	0	0	0	0	1	0	0
37	49.728600260549996	7	2328.188062266385	49.728600260549996	61.26810690174697	41.82365059734369	30.721653850608003	0	2116.0542233395904	30.721653850608003	55.68563745630501	41.36600756086689	84.74953672416001	1	2231.492821405655	84.74953672416001	58.72349530014881	46.0066768672029	51.801867610399995	9	2276.0527449929823	51.801867610399995	59.89612486823638	48.008954713194896	35.6218557459	0	2104.1006216844194	35.6218557459	55.371068991695246	48.430581478809906	46.53413326683	9	2060.777643506953	46.53413326683	54.23099061860403	50.0617054459688	2	1	0	0	0	0	0	1	0	2	0	0
38	50.83577669601599	7	2379.023838962401	50.83577669601599	61.00061125544618	50.7172777941296	35.679067344870006	0	2151.7332906844604	35.679067344870006	55.17264847908873	50.124624620921004	90.66348002527201	8	2322.1563014309268	90.66348002527201	59.54246926745966	56.0227001367482	102.6464583312	10	2378.6992033241822	102.6464583312	60.99228726472262	57.8982429855806	34.438625089599995	0	2138.5392467740194	34.438625089599995	54.83433966087229	56.36924546848561	35.62833794572	1	2096.405981452673	35.62833794572	53.75399952442751	56.8599138779968	2	1	0	0	0	0	0	1	1	0	1	0
39	50.879446799199	3	2429.9032857616	50.879446799199	60.747582144039995	53.472904885500704	35.314627391526	0	2187.047918075986	35.314627391526	54.67619795189965	51.8241808636133	35.63233902571201	1	2357.788640456639	35.63233902571201	58.94471601141597	51.825229191594495	75.453015590464	6	2454.1522189146463	75.453015590464	61.353805472866156	54.7171174239579	35.25461686399999	0	2173.7938636380195	35.25461686399999	54.34484659095049	53.1590014407563	31.292771747249997	8	2127.698753199923	31.292771747249997	53.19246882999808	52.7203718809943	2	1	0	1	0	0	1	0	1	0	0	0
40	93.08546112882297	7	2522.9887468904226	93.08546112882297	61.536310899766406	52.962569991349405	86.27334779184	2	2273.3212658678262	86.27334779184	55.44686014311771	51.3252589374134	87.002689461072	2	2444.7913299177108	87.002689461072	59.62905682726124	56.5816653745606	59.787711286272	4	2513.9399302009183	59.787711286272	61.31560805368093	58.99760270861581	31.4362235846	0	2205.2300872226197	31.4362235846	53.78609968835658	57.05328038715591	31.30622480435	1	2159.004978004273	31.30622480435	52.658658000104225	56.6524401284383	1	1	2	0	1	0	0	1	0	0	0	0
41	36.501749871356004	6	2559.4904967617786	36.501749871356004	60.94024992289949	56.739381213002694	84.25715776117201	0	2357.5784236289983	84.25715776117201	56.13281961021424	57.619795430073495	41.445199745928	4	2486.236529663639	41.445199745928	59.196107849134265	58.2388537182663	46.161075492133996	2	2560.1010056930522	46.161075492133996	60.95478584983458	59.725684092754705	39.263346251499996	5	2244.4934334741197	39.263346251499996	53.4403198446219	54.3434726050224	32.917539228295	8	2191.922517232568	32.917539228295	52.1886313626802	49.007891748667895	1	0	1	0	1	1	1	0	1	0	0	0
42	85.15644426592799	9	2644.6469410277064	85.15644426592799	61.50341723320248	48.8232672291535	42.228045500925006	3	2399.8064691299232	42.228045500925006	55.80945277046333	47.067300650618805	57.36953342736001	4	2543.6060630909988	57.36953342736001	59.153629374209274	49.6606316348948	31.6645258009	0	2591.765531493952	31.6645258009	60.273617011487254	49.6964617345498	46.15381978559999	0	2290.6472532597195	46.15381978559999	53.2708663548772	50.661668725974195	54.66198803544	7	2246.5845052680083	54.66198803544	52.24615128530252	47.702151753401	2	0	0	1	1	0	0	1	0	1	0	0
43	80.36735718438	6	2725.0142982120865	80.36735718438	61.932143141183786	51.594367497246196	33.866709786894	0	2433.673178916817	33.866709786894	55.310754066291295	50.364930926722195	28.460870552136004	0	2572.0669336431347	28.460870552136004	58.4560666737076	49.2846833567858	32.270298427395	0	2624.035829921347	32.270298427395	59.63717795275789	49.2199592766958	31.543935627599996	7	2322.1911888873196	31.543935627599996	52.77707247471181	43.858708412862995	58.595920897986	8	2305.1804261659945	58.595920897986	52.39046423104533	45.4954959525691	3	0	0	0	0	0	1	1	1	0	0	0
44	95.87389444998401	1	2820.8881926620707	95.87389444998401	62.686404281379346	49.34593205483149	44.45527927548	0	2478.128458192297	44.45527927548	55.069521293162154	50.6250074022895	50.806153282896005	0	2622.8730869260307	50.806153282896005	58.28606859835624	51.0902407520191	55.214829257203995	4	2679.2506591785514	55.214829257203995	59.53890353730114	51.145524874195495	31.499845619784	0	2353.6910345071037	31.499845619784	52.30424521126897	46.2587737177359	50.452836027623995	8	2355.6332621936185	50.452836027623995	52.347405826524856	47.9173863418089	3	1	0	0	1	0	0	0	1	0	0	0
45	37.261629826960004	3	2858.1498224890306	37.261629826960004	62.1336917932398	48.7974622692913	31.072217302962	0	2509.200675495259	31.072217302962	54.54784077163607	48.677654156848	98.210129751552	11	2721.0832166775826	98.210129751552	59.1539829712518	55.34427356924321	35.649200268516	0	2714.8998594470672	35.649200268516	59.019562161892765	53.04960150629621	31.384785297852	0	2385.0758198049557	31.384785297852	51.849474343585996	46.600690591082994	53.69531527512	1	2409.3285774687383	53.69531527512	52.376708205842135	47.52469419104699	3	1	0	1	0	0	0	0	0	0	0	1
46	37.452314017664	3	2895.6021365066945	37.452314017664	61.60855609588712	46.18931026452379	59.959686746519985	0	2569.160362241779	59.959686746519985	54.66298643067614	46.66379601345539	50.583910534784	9	2771.6671272123667	50.583910534784	58.97164100451844	48.5722025049554	81.78450477345	0	2796.684364220517	81.78450477345	59.50392264298973	51.705369379538	33.026121158958	0	2418.101940963914	33.026121158958	51.44897746731731	51.2818185127378	59.6261199384	7	2468.954697407138	59.6261199384	52.53095100866251	54.137208776281604	3	0	0	1	0	0	0	1	0	1	0	0
47	46.803759580305	8	2942.4058960869993	46.803759580305	61.30012283514582	48.9965717591569	49.976615354399996	0	2619.136977596179	49.976615354399996	54.565353699920394	50.42931326774529	38.83443508706401	0	2810.5015622994306	38.83443508706401	58.55211588123814	51.174278246666496	46.427473872476995	5	2843.1118380929943	46.427473872476995	59.23149662693738	50.4474941064022	31.439963654112002	0	2449.541904618026	31.439963654112002	51.03212301287554	49.84625907004699	132.082811157528	8	2601.037508564666	132.082811157528	54.18828142843054	57.058571511147804	3	0	0	0	0	1	0	0	2	0	0	0
48	37.44411571025999	3	2979.8500117972594	37.44411571025999	60.813265546882846	55.7445920286954	54.187091516844	3	2673.3240691130227	54.187091516844	54.557634063531076	52.984850703034795	34.668725642496	0	2845.1702879419267	34.668725642496	58.06469975391687	53.1491111513886	34.466046877303	0	2877.5778849702974	34.466046877303	58.72607928510811	50.6331038452789	53.84274724479601	0	2503.384651862822	53.84274724479601	51.089482691078	51.337002611727996	104.19596041464001	11	2705.233468979306	104.19596041464001	55.20884630570012	56.758937117752	3	0	0	2	0	0	0	0	0	0	0	1
49	87.80044587820399	10	3067.6504576754633	87.80044587820399	61.35300915350926	61.655538196866	33.41450669875199	0	2706.738575811775	33.41450669875199	54.134771516235496	60.354241479493496	45.249826131448	5	2890.420114073375	45.249826131448	57.808402281467494	61.7352277272271	32.187050328481995	0	2909.7649352987796	32.187050328481995	58.195298705975596	51.74565164432249	49.547151118440006	0	2552.931802981262	49.547151118440006	51.05863605962524	52.955955185140496	40.1125998726	3	2745.3460688519062	40.1125998726	54.906921377038124	51.548506020716104	3	0	0	1	0	1	0	0	0	0	1	0
50	34.96388630486699	2	3102.6143439803304	34.96388630486699	60.83557537216334	51.5780220869532	35.0613044826	0	2741.799880294375	35.0613044826	53.76078196655637	51.63754784748291	56.03516442153	9	2946.4552784949046	56.03516442153	57.7736329116648	51.856789565156305	31.585097457143995	0	2941.3500327559236	31.585097457143995	57.67353005403772	44.5957032694067	98.12451237354	0	2651.056315354802	98.12451237354	51.98149637950592	45.6281099189403	96.897120923766	8	2842.2431897756724	96.897120923766	55.7302586230524	51.9763713414417	3	0	1	0	0	0	0	0	1	1	0	0
51	44.01073729966499	3	3146.6250812799954	44.01073729966499	60.51202079384606	51.8524624582634	30.894735484218	7	2772.694615778593	30.894735484218	53.321050303434475	51.723230973837	38.389527689006	0	2984.844806183911	38.389527689006	57.4008616573829	50.6074686308936	41.121808763048996	0	2982.4718415189727	41.121808763048996	57.35522772151871	50.7083895199385	34.356080535768	0	2685.4123958905698	34.356080535768	51.64254607481865	50.6476089430286	42.412332073944	4	2884.6555218496164	42.412332073944	55.47414465095416	51.382711702163	3	0	0	1	1	0	0	1	0	0	0	0
52	37.196123619104995	3	3183.8212048991004	37.196123619104995	60.07209820564341	49.4988076219205	40.014890082756	0	2812.709505861349	40.014890082756	53.069990676629224	50.34178688448169	31.42587101937	0	3016.2706772032807	31.42587101937	56.910767494401526	43.6719227490647	36.974653799891996	0	3019.446495318865	36.974653799891996	56.97068859092198	37.67967603667729	34.7921505036	0	2720.20454639417	34.7921505036	51.324614082908866	36.7578173570708	38.527682158676	3	2923.1832040082923	38.527682158676	55.15440007562815	37.5211120245166	4	0	0	2	0	0	0	0	0	0	0	0
53	54.925677553967994	3	3238.7468824530683	54.925677553967994	59.976794119501264	39.17472701101279	30.539692521312	0	2843.2491983826612	30.539692521312	52.65276293301225	38.1165153868391	31.012759159300007	0	3047.2834363625807	31.012759159300007	56.431174747455195	37.7821832491923	49.266378835968	0	3068.712874154833	49.266378835968	56.828016188052466	38.4675879253947	32.288438200176	0	2752.492984594346	32.288438200176	50.97209230730271	37.976819383501805	41.175815113527996	3	2964.3590191218204	41.175815113527996	54.89553739114482	38.092911886579	4	0	0	2	0	0	0	0	0	0	0	0
54	50.84160499871201	3	3289.5884874517806	50.84160499871201	59.81069977185056	40.034485284513195	32.15761407852	0	2875.4068124611813	32.15761407852	52.280123862930566	39.552781312376	31.03721902369	0	3078.3206553862706	31.03721902369	55.96946646156856	39.177288164385	49.344229291518	0	3118.057103446351	49.344229291518	56.6919473353882	40.2589428776692	45.818686006200004	0	2798.311670600546	45.818686006200004	50.878394010919024	39.3482437228924	55.160742062382	9	3019.5197611842023	55.160742062382	54.90035929425822	41.810348676999396	4	0	0	1	0	0	0	0	0	1	0	0
55	41.94970507320401	3	3331.5381925249844	41.94970507320401	59.49175343794615	42.9040432683898	107.303758494692	0	2982.710570955873	107.303758494692	53.262688767069164	48.7077812342622	39.50216776947201	0	3117.8228231557428	39.50216776947201	55.675407556352546	49.429154191191806	51.014362916978996	0	3169.07146636333	51.014362916978996	56.590561899345175	50.41300897153691	35.628743478276	0	2833.9404140788224	35.628743478276	50.60607882283612	48.8917228194933	72.07366863911099	9	3091.5934298233133	72.07366863911099	55.207025532559165	52.8833282755524	4	0	0	1	0	0	0	0	0	1	0	0
56	51.173888948935996	3	3382.7120814739205	51.173888948935996	59.345825990770535	54.896995268077	96.38261340617501	11	3079.0931843620483	96.38261340617501	54.01917867301839	59.6008336795427	38.413940937777994	0	3156.236764093521	38.413940937777994	55.37257480865826	58.8603591727005	35.807240632980005	0	3204.87870699631	35.807240632980005	56.22594222800544	56.92500902976029	82.576093704696	11	2916.5165077835186	82.576093704696	51.16695627690383	60.98764789290949	53.375819812947995	3	3144.9692496362613	53.375819812947995	55.174899116425635	55.59485402473509	2	0	0	2	0	0	0	0	0	0	0	2
57	50.67112778427	8	3433.3832092581906	50.67112778427	59.1962622285895	56.711750026214894	34.48732341375	0	3113.580507775798	34.48732341375	53.68242254785859	55.059046075892	81.417345557184	0	3237.654109650705	81.417345557184	55.82162258018457	59.6379062837828	39.06105466299	0	3243.9397616593	39.06105466299	55.92999589067759	56.33664488617071	31.53376146348	0	2948.0502692469986	31.53376146348	50.8284529180517	54.37263213762511	62.318372176599986	3	3207.2876218128613	62.318372176599986	55.29806244504933	50.96620801466761	4	0	0	1	0	0	0	0	1	0	0	0
58	51.592305381213	3	3484.9755146394036	51.592305381213	59.06738160405769	52.2840444590111	31.0932581061	0	3144.6737658818984	31.0932581061	53.29955535393048	51.81264620632311	37.063059860736	0	3274.7171695114407	37.063059860736	55.50368083917696	47.2613428219271	76.310893906704	0	3320.250655566004	76.310893906704	56.27543484010176	49.5548502313027	31.881783777624	0	2979.9320530246227	31.881783777624	50.507322932620724	47.6759158306381	46.37927813983999	3	3253.6668999527014	46.37927813983999	55.14689660936782	48.8651113032471	4	0	0	2	0	0	0	0	0	0	0	0
59	55.75692189175199	3	3540.7324365311556	55.75692189175199	59.01220727551926	46.2990689367039	30.413393814375	0	3175.0871596962734	30.413393814375	52.918119328271224	45.43430285184239	37.862896740480004	0	3312.580066251921	37.862896740480004	55.20966777086535	46.06721637954239	86.10913645137	5	3406.359792017374	86.10913645137	56.772663200289564	48.44629280701939	31.606834312872003	0	3011.5388873374945	31.606834312872003	50.19231478895824	46.44774570018531	80.215418347722	9	3333.8823183004233	80.215418347722	55.56470530500705	51.3599617243475	3	0	0	1	0	1	0	0	0	1	0	0
60	39.12910405024001	3	3579.8615405813957	39.12910405024001	58.686254763629435	51.566566143297905	32.52523937355	1	3207.6123990698234	32.52523937355	52.583809820816775	47.1880006899825	37.430435427839996	0	3350.010501679761	37.430435427839996	54.918204945569855	47.7428658550041	83.466051159216	10	3489.82584317659	83.466051159216	57.21025972420639	51.451543156941696	34.672057403652005	0	3046.2109447411467	34.672057403652005	49.9378843400188	49.3430567081317	52.84240950098099	3	3386.7247278014042	52.84240950098099	55.52007750494106	51.58595827679229	2	1	0	2	0	0	0	0	0	0	1	0
61	48.637132742016	3	3628.498673323412	48.637132742016	58.52417215037761	52.66338187694589	39.88051839915	0	3247.4929174689732	39.88051839915	52.37891802369312	48.04052007172389	52.02213120518399	0	3402.032632884945	52.02213120518399	54.87149407878944	50.08204976095509	33.2577959979	1	3523.0836391744897	33.2577959979	56.823929664104675	45.3862875259729	31.392058104316003	0	3077.603002845463	31.392058104316003	49.63875811041069	44.612582931380494	50.738253945016	0	3437.46298174642	50.738253945016	55.44295131849065	46.4338843885271	4	1	0	1	0	0	0	0	0	0	0	0
62	37.10820431001599	3	3665.6068776334278	37.10820431001599	58.18423615291155	46.401661276744704	36.328393772275	0	3283.821311241248	36.328393772275	52.12414779748013	41.6878955380506	52.789967875007996	0	3454.8226007599533	52.789967875007996	54.83845398031672	43.4996865851862	39.26557711424999	3	3562.3492162887396	39.26557711424999	56.54522565537682	42.1420033465131	31.699641814533003	0	3109.302644659996	31.699641814533003	49.35401023269835	40.448254253764794	55.523000824608	3	3492.985982571028	55.523000824608	55.444221945571876	42.012502496310596	3	0	0	3	0	0	0	0	0	0	0	0
63	51.992362025856	0	3717.5992396592837	51.992362025856	58.08748811967631	42.00952557837779	36.7038855234	0	3320.525196764648	36.7038855234	51.88320619944763	42.354134530927794	52.784198448960005	0	3507.6067992089133	52.784198448960005	54.80635623763927	44.493348565392196	38.788958553564	5	3601.1381748423037	38.788958553564	56.267783981910995	43.298419026247004	31.667538986634	0	3140.97018364663	31.667538986634	49.0776591194786	42.7543524939088	103.49457731500799	10	3596.480559886036	103.49457731500799	56.195008748219315	49.47097084818209	4	0	0	0	0	1	0	0	0	0	1	0
64	38.145105169919994	3	3755.744344829204	38.145105169919994	57.78068222814159	48.0064845776733	49.205339949675	0	3369.730536714323	49.205339949675	51.84200825714343	49.0004608612158	54.47005153823601	1	3562.0768507471494	54.47005153823601	54.801182319186914	51.2775018335861	41.856486566004	3	3642.994661408308	41.856486566004	56.046071713973966	49.9108504077257	34.740166938491996	0	3175.7103505851223	34.740166938491996	48.85708231669419	48.185630898989295	90.138062923744	10	3686.6186228097804	90.138062923744	56.71720958168893	53.5290486390237	2	1	0	2	0	0	0	0	0	0	1	0
65	40.681043536896006	3	3796.4253883661	40.681043536896006	57.52159679342576	52.318733147817305	35.9251054926	0	3405.655642206923	35.9251054926	51.60084306374126	52.0323478417209	39.188260133488	6	3601.265110880637	39.188260133488	54.56462289213086	52.7844199564063	40.304743951212004	3	3683.29940535952	40.304743951212004	55.80756674787151	46.46543662002671	41.96827314768	0	3217.6786237328024	41.96827314768	48.752706420193974	46.84775341780271	35.864136707040004	0	3722.4827595168204	35.864136707040004	56.40125393207303	45.513633093539205	3	0	0	2	0	0	1	0	0	0	0	0
66	35.699270455295995	3	3832.1246588213958	35.699270455295995	57.19589043017009	43.636554985245205	44.502077790449995	0	3450.157719997373	44.502077790449995	51.494891343244376	43.9011141076898	37.35851797550399	6	3638.6236288561413	37.35851797550399	54.30781535606181	44.162949211391	31.789809779615997	0	3715.089215139136	31.789809779615997	55.449092763270684	38.328123896978205	44.986412889600004	0	3262.6650366224026	44.986412889600004	48.69649308391646	38.758660832248594	35.5007328858	0	3757.9834924026204	35.5007328858	56.08930585675553	38.7162235715686	4	0	0	1	0	0	1	0	0	0	0	0
67	37.243232433791995	3	3869.3678912551877	37.243232433791995	56.90246898904688	38.521720801598995	57.16896741227501	6	3507.326687409648	57.16896741227501	51.578333638377174	40.2081431477053	37.18079210136	6	3675.8044209575014	37.18079210136	54.05594736702208	39.7293950430733	42.81427514447999	3	3757.9034902836156	42.81427514447999	55.263286621817876	40.4244088868173	31.762034200007996	0	3294.4270708224108	31.762034200007996	48.44745692385898	40.0306852612885	42.73590414566	0	3800.71939654828	42.73590414566	55.89293230218059	39.8540678968095	2	0	0	2	0	0	2	0	0	0	0	0
68	31.496210395776	8	3900.8641016509637	31.496210395776	56.53426234276759	39.2678371388367	95.9925128526	11	3603.319200262248	95.9925128526	52.22201739510505	45.6881074461351	40.896674017248	6	3716.7010949747496	40.896674017248	53.865233260503615	45.2791335588999	51.53849587458599	5	3809.4419861582014	51.53849587458599	55.20930414722031	46.8829098577785	49.74709829320799	0	3344.174169115619	49.74709829320799	48.46629230602346	48.1332964437201	54.32350930812	0	3855.0429058564	54.32350930812	55.8701870413971	47.8487506333046	2	0	0	0	0	1	1	0	1	0	0	1
69	36.475954937856	3	3937.3400565888196	36.475954937856	56.247715094125994	47.778266916954195	55.39076474021999	0	3658.7099650024684	55.39076474021999	52.26728521432098	49.03591587652819	41.568131844896	6	3758.2692268196456	41.568131844896	53.689560383137795	50.016525641017	96.67439015556	11	3906.1163763137615	96.67439015556	55.80166251876802	55.410374242007	50.65436681648999	0	3394.828535932109	50.65436681648999	48.49755051331584	57.326189884078396	76.75227295582	5	3931.79517881222	76.75227295582	56.16850255446028	55.4021658944004	2	0	0	1	0	1	1	0	0	0	0	1
70	37.723527971136	3	3975.0635845599554	37.723527971136	55.98681105014022	55.084851289789206	56.849454309375	0	3715.559419311843	56.849454309375	52.33182280720906	55.615947133268094	47.13861563499599	2	3805.4078424546415	47.13861563499599	53.597293555699174	55.3550988674469	50.05468252239	8	3956.1710588361516	50.05468252239	55.72071913853735	54.92821618887389	50.84722369177199	0	3445.675759623881	50.84722369177199	48.5306445017448	56.365343064265495	52.92993561752001	0	3984.72511442974	52.92993561752001	56.122888935630144	56.11926015199549	3	0	1	1	0	0	0	0	1	0	0	0
71	39.531971832192	3	4014.5955563921475	39.531971832192	55.75827161655761	55.9156441507251	55.422815387939984	4	3770.982234699783	55.422815387939984	52.374753259719206	51.790486673963095	38.05551028076	6	3843.4633527354013	38.05551028076	53.38143545465835	50.5306010203901	35.274177559655996	0	3991.4452363958076	35.274177559655996	55.436739394386215	46.3827914807737	50.836471097886	0	3496.5122307217666	50.836471097886	48.56266987113565	47.69408579344869	45.729573909200006	0	4030.4546883389403	45.729573909200006	55.97853733804084	46.5820977534312	3	0	0	1	1	0	1	0	0	0	0	0
72	39.506500708416	3	4054.1020571005633	39.506500708416	55.53564461781593	45.8188862607732	30.511889029439995	0	3801.494123729223	30.511889029439995	52.075261968893464	43.86460691147819	37.337819532512	6	3880.8011722679134	37.337819532512	53.161659894081005	42.513666495552194	31.793044885979995	0	4023.2382812817877	31.793044885979995	55.11285316824367	40.3999774223982	34.444406655287985	0	3530.9566373770544	34.444406655287985	48.36926900516513	39.8912209047078	34.135262266800005	6	4064.5899506057403	34.135262266800005	55.67931439185946	37.762465592593806	3	0	0	1	0	0	2	0	0	0	0	0
73	111.31688604681598	3	4165.41894314738	111.31688604681598	56.28944517766729	45.0886031691994	30.55489094384999	0	3832.0490146730726	30.55489094384999	51.784446144230714	44.6166745076188	37.304972728192	6	3918.1061449961053	37.304972728192	52.947380337785205	43.2635246706494	46.3960820319	4	4069.6343633136876	46.3960820319	54.99505896369848	43.330175482919394	34.782878347937995	0	3565.7395157249925	34.782878347937995	48.18566913141882	42.8578132468716	30.982737000256005	0	4095.572687605996	30.982737000256005	55.345576859540486	42.904898043953196	3	0	0	1	1	0	1	0	0	0	0	0
74	41.661130919336	4	4207.0800740667155	41.661130919336	56.094400987556206	43.337229182635596	31.59665359298	0	3863.645668266053	31.59665359298	51.515275576880704	43.31759005333559	40.364630744067	6	3958.4707757401725	40.364630744067	52.7796103432023	43.9096124622135	33.06224862617999	0	4102.696611939868	33.06224862617999	54.70262149253157	43.80231109815149	31.689912685616996	0	3597.4294284106095	31.689912685616996	47.96572571214146	35.839613762031604	37.730413102592	6	4133.303100708588	37.730413102592	55.11070800944785	36.557165977905804	3	0	0	0	1	0	2	0	0	0	0	0
75	50.13334909771999	8	4257.213423164436	50.13334909771999	56.01596609426889	37.8400036148586	30.954868007763	0	3894.6005362738156	30.954868007763	51.24474389833968	36.29588221244491	44.242473896693994	6	4002.7132496368663	44.242473896693994	52.66727960048508	37.24184176732051	52.934409052667995	0	4155.631020992536	52.934409052667995	54.67935553937547	39.4370089725617	35.00391629816401	0	3632.4333447087733	35.00391629816401	47.79517558827333	38.7712875104445	39.41062431232001	0	4172.713725020908	39.41062431232001	54.90412796080142	39.5526845823785	4	0	0	0	0	0	1	0	1	0	0	0
76	61.7181409608	3	4318.931564125236	61.7181409608	56.09002031331475	41.6880356040518	30.577254642844004	0	3925.1777909166594	30.577254642844004	50.9763349469696	41.4395362057182	80.521352574172	6	4083.2346022110382	80.521352574172	53.02902080793556	46.3226801945737	31.882981011264	0	4187.5140020038	31.882981011264	54.38329872732208	45.7379369854409	31.373313886949997	0	3663.8066585957235	31.373313886949997	47.58190465708732	43.8619334643639	36.720156941987995	0	4209.433881962896	36.720156941987995	54.66797249302462	44.4384623577864	4	0	0	1	0	0	1	0	0	0	0	0
77	64.69842438268799	3	4383.629988507924	64.69842438268799	56.20038446805031	46.48405740638581	31.274927357520003	0	3956.4527182741795	31.274927357520003	50.72375279838692	44.318109236870995	45.498844158096006	0	4128.733446369134	45.498844158096006	52.93248008165556	45.367602022864205	31.462696664244	0	4218.976698668043	31.462696664244	54.08944485471851	44.5728092580566	31.390663184951997	0	3695.1973217806753	31.390663184951997	47.374324638213785	41.540061480471806	45.113868699680005	0	4254.547750662576	45.113868699680005	54.54548398285353	42.993722886155396	5	0	0	1	0	0	0	0	0	0	0	0
78	93.316948421382	8	4476.9469369293065	93.316948421382	56.67021439151021	44.273282470876396	32.212548611627994	0	3988.6652668858073	32.212548611627994	50.48943375804819	44.306239230912794	38.230623202094996	0	4166.964069571229	38.230623202094996	52.74638062748391	44.99197016242729	31.55285010768	0	4250.529548775723	31.55285010768	53.80417150349017	44.4752394789965	46.26271793832701	0	3741.4600397190025	46.26271793832701	47.36025366732915	42.6316688345604	60.71058297236801	0	4315.2583336349435	60.71058297236801	54.623523210568905	45.5752343960452	5	0	0	0	0	0	0	0	1	0	0	0
79	37.482851296410004	3	4514.429788225717	37.482851296410004	56.430372352821465	44.773635109876594	42.778165162096	4	4031.443432047903	42.778165162096	50.393042900598786	45.905181959661796	54.569084346532	0	4221.5331539177605	54.569084346532	52.76916442397201	48.2230240758198	54.216611859850005	0	4304.746160635573	54.216611859850005	53.80932700794466	49.133298391836796	31.480090581132	0	3772.9401303001346	31.480090581132	47.16175162875168	42.9496126078118	94.778140781214	0	4410.036474416158	94.778140781214	55.12545593020197	49.2061718247704	4	0	0	1	1	0	0	0	0	0	0	0
80	36.408197120334	3	4550.837985346051	36.408197120334	56.18318500427223	49.023929216594304	32.607854767614	0	4064.051286815517	32.607854767614	50.173472676734775	49.12942968258771	56.47645597123199	0	4278.009609888993	56.47645597123199	52.81493345541966	50.15080348587821	32.77278920519999	0	4337.518949840773	32.77278920519999	53.5496166647009	47.3570241091614	33.800722639344	0	3806.7408529394784	33.800722639344	46.99680065357381	46.988811243454805	52.57065436350001	3	4462.607128779658	52.57065436350001	55.09391517011923	47.968060163595204	4	0	0	2	0	0	0	0	0	0	0	0
81	40.208791542459	3	4591.04677688851	40.208791542459	55.988375327908656	46.5320308831879	84.8800528488	11	4148.931339664317	84.8800528488	50.5967236544429	49.5983749820829	57.39919113708	6	4335.408801026073	57.39919113708	52.87083903690333	52.1902850376777	31.561574934120003	0	4369.080524774892	31.561574934120003	53.281469814327956	45.8686284529683	31.594668548642996	0	3838.3355214881212	31.594668548642996	46.808969774245384	45.387275595799196	37.56218017874399	3	4500.169308958401	37.56218017874399	54.88011352388295	45.88270813691219	2	0	0	2	0	0	1	0	0	0	0	1
82	95.33605953330301	3	4686.382836421813	95.33605953330301	56.46244381231101	49.76866849311929	30.890959335846002	0	4179.822299000163	30.890959335846002	50.359304807230885	49.5804855061839	38.883178360883996	0	4374.291979386957	38.883178360883996	52.70231300466213	50.088731078337894	37.942504792499996	0	4407.023029567392	37.942504792499996	53.096663006836046	48.6259161212379	31.45736025608	0	3869.792881744201	31.45736025608	46.62401062342411	47.750772992600005	40.102099748082	5	4540.271408706483	40.102099748082	54.70206516513835	43.2729776825282	4	0	0	1	0	1	0	0	0	0	0	0
83	30.78730389942	6	4717.170140321234	30.78730389942	56.15678738477659	40.611788958762205	34.641757199699995	0	4214.464056199863	34.641757199699995	50.17219114523647	40.919807185320195	40.073427387357	0	4414.365406774314	40.073427387357	52.55196912826564	41.7676830691916	32.0250795744	0	4439.048109141791	32.0250795744	52.845810823116565	41.21397300875721	31.37020274802	0	3901.163084492221	31.37020274802	46.44241767252644	34.817387330228904	37.35480932271	3	4577.626218029193	37.35480932271	54.495550214633255	35.46377232891531	4	0	0	1	0	0	1	0	0	0	0	0
84	42.76738703740801	6	4759.937527358642	42.76738703740801	55.99926502774873	35.8521931965677	31.121142016512	0	4245.585198216375	31.121142016512	49.94806115548676	35.1700569189689	41.201866007328	0	4455.567272781642	41.201866007328	52.41843850331343	36.1445074940937	54.42219716505	0	4493.470306306842	54.42219716505	52.864356544786375	37.576517235790504	32.318788975224	0	3933.481873467445	32.318788975224	46.276257334911115	37.7296657433709	41.336730705312	3	4618.9629487345055	41.336730705312	54.34074057334713	38.3991630939321	4	0	0	1	0	0	1	0	0	0	0	0
85	31.64254860404	6	4791.580075962682	31.64254860404	55.7160473949149	37.5560752156004	51.441433870176	0	4297.026632086551	51.441433870176	49.96542595449478	39.497710645178	46.809959830569	0	4502.377232612211	46.809959830569	52.35322363502571	41.041686353432894	51.6392392846	0	4545.109545591442	51.6392392846	52.850110995249324	42.47012934962191	84.06033908044499	5	4017.54221254789	84.06033908044499	46.715607122649885	46.5994245539256	42.15352737549001	3	4661.116476109995	42.15352737549001	54.19902879197669	47.7026630898234	3	0	0	1	0	1	1	0	0	0	0	0
86	32.25333661579	6	4823.833412578472	32.25333661579	55.44636106412037	46.807810150669596	40.017561226656	0	4337.044193313207	40.017561226656	49.851082681761	45.36734655683019	59.614096479366005	0	4561.9913290915765	59.614096479366005	52.43668194358134	48.096877307244405	49.69292426714	0	4594.802469858582	49.69292426714	52.81382149262738	48.93249666342721	32.942780741632	0	4050.4849932895218	32.942780741632	46.55729877344278	49.0625198771864	35.958093429090006	2	4697.074569539085	35.958093429090006	53.989362868265346	47.5141858330778	4	0	1	0	0	0	1	0	0	0	0	0
87	31.464894412319996	6	4855.298306990792	31.464894412319996	55.17384439762264	45.97967929125291	37.214006268582	0	4374.258199581789	37.214006268582	49.707479540702145	44.537155989651104	55.972430711067005	0	4617.963759802644	55.972430711067005	52.47686090684822	41.72836515271331	84.63019582148999	0	4679.432665680072	84.63019582148999	53.175371200909915	45.97603199731331	31.794627091535	0	4082.2796203810567	31.794627091535	46.38954114069383	45.93016104488781	38.180557927962	3	4735.255127467047	38.180557927962	53.80971735758008	45.7464607150184	4	0	0	1	0	0	1	0	0	0	0	0
88	32.06951104301999	6	4887.367818033812	32.06951104301999	54.91424514644733	42.9920021713838	86.48045984075401	0	4460.738659422543	86.48045984075401	50.120659094635315	46.6707557287452	50.5764418068	6	4668.540201609444	50.5764418068	52.45550788325218	48.434121835262	38.77853532399	3	4718.211201004062	38.77853532399	53.01360900004564	48.716166024752	36.07730647545	0	4118.356926856507	36.07730647545	46.27367333546637	49.177407231065004	38.792707115184	3	4774.047834582231	38.792707115184	53.64098690541833	49.3352773157252	2	0	0	2	0	0	2	0	0	0	0	0
89	94.32224467893899	10	4981.690062712751	94.32224467893899	55.35211180791945	53.17025871251239	56.32693394111999	3	4517.065593363663	56.32693394111999	50.18961770404069	50.3399325244754	97.689250381476	8	4766.22945199092	97.689250381476	52.95810502212134	56.9293948534695	37.50190688552	3	4755.713107889582	37.50190688552	52.84125675432869	56.861529749225305	56.92933143040001	0	4175.2862582869075	56.92933143040001	46.39206953652119	59.34751178796331	89.51431710257202	10	4863.562151684803	89.51431710257202	54.03957946316448	59.65089751414509	1	0	0	2	0	0	0	0	1	0	2	0
90	31.809322540575998	6	5013.499385253327	31.809322540575998	55.09339983794865	57.774185587522695	106.749717054714	10	4623.815310418377	106.749717054714	50.811157257344796	64.5713037605951	46.493497903280996	0	4812.7229498942015	46.493497903280996	52.887065383452764	65.61292290337819	37.37120699180001	3	4793.084314881382	37.37120699180001	52.671256207487716	65.4707728910398	50.810643963198	0	4226.096902250106	50.810643963198	46.44062529945171	61.1196128194657	36.17423139778	3	4899.736383082583	36.17423139778	53.843256956951464	59.104342565131695	2	0	0	2	0	0	1	0	0	0	1	0
91	31.906050783288	6	5045.405436036615	31.906050783288	54.841363435180604	52.5260226053129	61.959833644944	0	4685.775144063321	61.959833644944	50.9323385224274	54.9718152812553	38.375562543669	0	4851.09851243787	38.375562543669	52.729331656933375	53.11643839258221	38.20592541444	3	4831.290240295822	38.20592541444	52.51402435104154	47.985599223769	50.412160271088	0	4276.509062521194	50.412160271088	46.483794157839064	49.8458829968202	37.842350367769996	3	4937.578733450353	37.842350367769996	53.66933405924296	42.9551463281258	3	0	0	2	0	0	1	0	0	0	0	0
92	51.00343256183999	6	5096.408868598455	51.00343256183999	54.80009536127371	43.406139793981694	48.69520235626799	0	4734.470346419589	48.69520235626799	50.90828329483429	44.53853933042849	52.413497396356	0	4903.512009834227	52.413497396356	52.72593558961534	44.69882467374429	50.380468368552	3	4881.670708664374	50.380468368552	52.491082888864234	46.119448370821495	50.355253853796	0	4326.86431637499	50.355253853796	46.525422756720324	47.964368677872294	37.56860860272	3	4975.147342053073	37.56860860272	53.4962079790653	45.5252461736499	3	0	0	2	0	0	1	0	0	0	0	0
93	31.779422338631996	6	5128.188290937087	31.779422338631996	54.555194584437096	44.865632153146194	35.00048356763399	0	4769.470829987223	35.00048356763399	50.739051382842796	44.5450879684656	37.501621868532	0	4941.013631702759	37.501621868532	52.5639748053485	43.25403412821	79.534692127506	3	4961.20540079188	79.534692127506	52.77878085948808	47.4232683041836	47.385500075678	0	4374.249816450668	47.385500075678	46.534572515432636	47.06147505556739	40.42114756113	3	5015.568489614203	40.42114756113	53.357111591640454	46.2340695760536	3	0	0	2	0	0	1	0	0	0	0	0
94	50.33555053009999	6	5178.523841467187	50.33555053009999	54.510777278601964	46.026274889427995	42.41644772467199	0	4811.887277711895	42.41644772467199	50.65144502854626	45.22987282504	37.21054277584	0	4978.224174478599	37.21054277584	52.40235973135367	43.91540171724439	31.668741512940006	0	4992.8741423048195	31.668741512940006	52.5565699189981	43.3254150082664	35.09579527332	0	4409.3456117239875	35.09579527332	46.41416433393671	43.65705230173519	65.23915526658	3	5080.807644880783	65.23915526658	53.482185735587194	46.68091947162979	4	0	0	1	0	0	1	0	0	0	0	0
95	52.14990285992999	6	5230.673744327117	52.14990285992999	54.4861848367408	48.14574757076959	42.066611304708005	0	4853.953889016603	42.066611304708005	50.56201967725628	44.398939488489795	40.424876799456	0	5018.649051278055	40.424876799456	52.2775942841464	43.702877160867594	31.717158716404004	0	5024.591301021223	31.717158716404004	52.33949271897108	42.832478276395	31.960340496748003	0	4441.305952220736	31.960340496748003	46.263603668966	40.994957273059796	95.773305832278	7	5176.580950713062	95.773305832278	53.92271823659439	46.330643083820405	4	0	0	0	0	0	1	1	0	0	0	0
96	50.75456061509999	6	5281.4283049422165	50.75456061509999	54.44771448394037	47.6850448677464	48.720631441481984	0	4902.674520458085	48.720631441481984	50.543036293382315	49.3902338606006	52.464063459848006	0	5071.113114737903	52.464063459848006	52.279516646782504	51.1270606792534	31.582911076948	0	5056.174212098172	31.582911076948	52.12550734121827	47.7614362602902	31.694611348772003	0	4473.000563569508	31.694611348772003	46.1134078718506	45.715907109174395	53.656296385776	3	5230.2372470988375	53.656296385776	53.91997161957565	46.8748756172812	4	0	0	1	0	0	1	0	0	0	0	0
97	50.84764784112	6	5332.275952783337	50.84764784112	54.41097911003405	47.9171527214476	30.532332499448	0	4933.206852957533	30.532332499448	50.33884543834217	47.798670099751995	53.65626891758999	0	5124.769383655493	53.65626891758999	52.29356513934176	49.9682629418362	45.903202881872005	0	5102.077414980044	45.903202881872005	52.06201443857187	44.981252646795596	31.256740174464	0	4504.2573037439715	31.256740174464	45.96180922187726	43.03147060273201	52.450355152	3	5282.687602250838	52.450355152	53.904975533171815	43.4044429737838	4	0	0	1	0	0	1	0	0	0	0	0
98	65.1132149094	6	5397.389167692737	65.1132149094	54.51908250194684	44.669358118739	49.41658104114399	0	4982.623433998677	49.41658104114399	50.32952963635027	46.4527251151586	56.024440346328	0	5180.793824001821	56.024440346328	52.331250747493144	48.8857080149142	34.60097417767201	0	5136.678389157715	34.60097417767201	51.885640294522375	46.9801757941038	34.737625185216004	0	4538.994928929187	34.737625185216004	45.848433625547344	45.3691735285134	43.78142700348	3	5326.469029254317	43.78142700348	53.802717467215324	46.6940829789166	4	0	0	1	0	0	1	0	0	0	0	0
99	34.479396886787995	6	5431.868564579525	34.479396886787995	54.31868564579525	44.776395775836406	38.35443306743	0	5020.977867066107	38.35443306743	50.20977867066107	44.0215187943922	56.72172996220001	6	5237.515553964021	56.72172996220001	52.37515553964021	46.568017773165806	32.128064286024006	0	5168.806453443739	32.128064286024006	51.68806453443739	44.53578868656821	63.16614310935999	0	4602.161072038547	63.16614310935999	46.02161072038547	44.34108150656421	43.27126483679999	3	5369.740294091117	43.27126483679999	53.69740294091117	43.7265498861298	3	0	0	1	0	0	2	0	0	0	0	0
100	31.768781482367995	6	5463.6373460618925	31.768781482367995	54.095419267939526	41.3009839997338	36.092394657199996	0	5057.070261723307	36.092394657199996	50.07000259131988	41.4501260476866	37.302724329424	0	5274.818278293445	37.302724329424	52.22592354745985	41.7066359621074	35.750201632026005	0	5204.556655075765	35.750201632026005	51.530263911641235	40.903513424962	40.197769889625995	0	4642.358841928173	40.197769889625995	45.96394892998191	41.4753507252458	37.530577355855996	3	5407.270871446973	37.530577355855996	53.537335360861114	41.392965154088394	4	0	0	1	0	0	1	0	0	0	0	0
101	45.98197046583	6	5509.619316527723	45.98197046583	54.01587565223257	40.3189892044514	39.36734443615999	0	5096.437606159468	39.36734443615999	49.96507457019086	41.042917219465	37.869726963599994	0	5312.688005257045	37.869726963599994	52.085176522127895	38.51327560488899	51.620056763352	0	5256.176711839117	51.620056763352	51.53114423371684	39.3481547975442	45.11371363648999	0	4687.472555564663	45.11371363648999	45.95561328984964	40.6826480129564	37.32794028943199	3	5444.598811736405	37.32794028943199	53.37841972290593	40.806202576179594	4	0	0	1	0	0	1	0	0	0	0	0
102	31.86971657674	6	5541.489033104463	31.86971657674	53.80086439907245	40.262901800911195	40.042678297672	0	5136.4802844571395	40.042678297672	49.86874062579747	40.6921494674758	54.144233370304	0	5366.832238627349	54.144233370304	52.105167365314074	42.086795815543596	49.87486915488	0	5306.051580993997	49.87486915488	51.5150638931456	43.321224995446	31.42999848967199	0	4718.902554054334	31.42999848967199	45.81458790344014	41.8660277978302	51.447390172464	4	5496.046201908869	51.447390172464	53.3596718631929	43.074032371460596	4	0	0	0	1	0	1	0	0	0	0	0
103	35.36520712965	6	5576.854240234113	35.36520712965	53.62359846378955	42.823580388065594	39.968578651680005	0	5176.44886310882	39.968578651680005	49.77354676066173	41.6584325768984	55.62518003731199	0	5422.457418664661	55.62518003731199	52.13901364100636	42.7095792169806	91.445205251526	0	5397.496786245523	91.445205251526	51.89900756005311	48.12130571319	31.925804383019	0	4750.828358437353	31.925804383019	45.68104190805147	48.1269144938179	37.372641664175994	3	5533.418843573045	37.372641664175994	53.20595041897158	47.859910830468294	4	0	0	1	0	0	1	0	0	0	0	0
104	37.192973761656	6	5614.047213995768	37.192973761656	53.46711632376922	46.1647848696035	93.04267188968397	0	5269.491534998504	93.04267188968397	50.18563366665242	50.4815651430839	37.406742444288	0	5459.86416110895	37.406742444288	51.998706296275714	51.079239538545494	82.875219801738	0	5480.3720060472615	82.875219801738	52.194019105212014	54.22202250147289	31.742499062399997	0	4782.570857499753	31.742499062399997	45.548293880950034	53.8597516947479	42.531685510392	3	5575.950529083437	42.531685510392	53.10429075317559	54.1160623806191	4	0	0	1	0	0	1	0	0	0	0	0
105	38.798266204206	6	5652.845480199974	38.798266204206	53.32873094528278	52.4333709973085	90.84935603967999	0	5360.340891038184	90.84935603967999	50.56925368903947	52.37378607612389	37.15358302278	0	5497.01774413173	37.15358302278	51.858657963506886	52.896563940099995	31.304167895693002	0	5511.676173942955	31.304167895693002	51.99694503719769	52.289716563251694	32.32129009365	0	4814.892147593403	32.32129009365	45.42351082635286	51.8025481964511	38.063395917144	3	5614.0139250005805	38.063395917144	52.9623955188734	46.3046205991971	4	0	0	1	0	0	1	0	0	0	0	0
106	31.54710301012	6	5684.392583210094	31.54710301012	53.1251643290663	45.71865665578031	85.42875354917399	0	5445.769644587358	85.42875354917399	50.895043407358486	45.9740100305239	37.150706039039996	0	5534.1684501707705	37.150706039039996	51.721200468885705	46.5148307281879	31.320185098919996	0	5542.996359041875	31.320185098919996	51.80370429011098	45.3936806870407	34.466007889362	0	4849.358155482765	34.466007889362	45.32110425684827	44.9604548555563	37.408039187376005	3	5651.421964187956	37.408039187376005	52.81702770269118	39.6163231703259	4	0	0	1	0	0	1	0	0	0	0	0
107	42.78977154384	6	5727.182354753934	42.78977154384	53.029466247721615	40.179942022431895	84.24012868803001	0	5530.009773275388	84.24012868803001	51.20379419699434	45.473538101665596	41.98140564700499	0	5576.1498558177755	41.98140564700499	51.631017183497924	46.4395496570011	31.305129591735998	0	5574.3014886336105	31.305129591735998	51.61390267253343	45.7637230244603	45.658358262107996	0	4895.016513744873	45.658358262107996	45.324226979119196	47.17484854965909	37.829864963904	3	5689.25182915186	37.829864963904	52.678257677332034	42.4149596911321	4	0	0	1	0	0	1	0	0	0	0	0
108	43.466509908402	6	5770.648864662337	43.466509908402	52.94173270332419	43.046540078068304	35.909770219344004	0	5565.919543494732	35.909770219344004	51.063482050410386	43.505498590110705	37.874956798259994	0	5614.024812616036	37.874956798259994	51.504814794642535	43.846393481000504	37.754953002061995	0	5612.056441635673	37.754953002061995	51.4867563452814	43.88108486246911	47.649254002998	0	4942.665767747871	47.649254002998	45.34555750227404	44.3670331083849	41.348424144456004	3	5730.600253296316	41.348424144456004	52.57431425042491	40.0778626540275	4	0	0	1	0	0	1	0	0	0	0	0
109	38.85429776096	6	5809.503162423297	38.85429776096	52.81366511293906	39.765151865423	42.42195233676	0	5608.3414958314925	42.42195233676	50.98492268937721	40.87683413992541	37.34845526096999	0	5651.373267877006	37.34845526096999	51.37612061706369	40.045843839811596	35.571541684766004	0	5647.627983320439	35.571541684766004	51.34207257564035	39.8200115118978	44.659865261376	0	4987.325633009246	44.659865261376	45.33932393644769	39.9393470471952	42.154914548448	3	5772.7551678447635	42.154914548448	52.479592434952394	40.56386148010561	4	0	0	1	0	0	1	0	0	0	0	0
110	34.20004639755	6	5843.703208820847	34.20004639755	52.645974854241864	40.1963704400346	38.31396203808	0	5646.655457869572	38.31396203808	50.870769890716865	40.252271343636394	37.556576247420004	0	5688.9298441244255	37.556576247420004	51.25162021733717	39.243003568078606	31.637424720231994	0	5679.265408040671	31.637424720231994	51.16455322559163	38.2719036256562	31.574488440887997	0	5018.900121450134	31.574488440887997	45.21531640946067	37.543922693649	40.62601957284	3	5813.3811874176035	40.62601957284	52.37280349024868	37.364329417257	4	0	0	1	0	0	1	0	0	0	0	0
111	83.81634898724998	0	5927.5195578080975	83.81634898724998	52.92428176614373	42.011118789884996	43.760501606865	0	5690.415959476437	43.760501606865	50.807285352468185	42.83001478209489	39.25105022358	0	5728.1808943480055	39.25105022358	51.144472270964336	42.2891332783153	32.957399021815	0	5712.222807062486	32.957399021815	51.0019893487722	41.36938172565199	52.189111702638	1	5071.089233152772	52.189111702638	45.27758243886404	43.16828825616079	77.39744182145	3	5890.778629239054	77.39744182145	52.59623776106298	47.0766362344978	4	1	0	1	0	0	0	0	0	0	0	0
112	42.66764513446499	6	5970.187202942562	42.66764513446499	52.83351507028816	47.587743123202294	52.40111251615499	0	5742.817071992592	52.40111251615499	50.821390017633554	49.664111902794595	37.30067807003999	0	5765.481572418045	37.30067807003999	51.021960817858805	50.236730865709795	31.825651894379998	8	5744.048458956866	31.825651894379998	50.832287247405894	49.35669409786379	67.43922363177	0	5138.528456784542	67.43922363177	45.47370315738533	47.71898156231579	51.517359807824995	3	5942.295989046879	51.517359807824995	52.58669016855645	48.4946673824118	3	0	0	1	0	0	1	0	1	0	0	0
