task	reward	total_reward	total_reward_dev	joules
0	13.276008939570646	45.2941424553295	10.104777425540815	45.2941424553295
1	10.386021843454152	102.4822871606165	27.56492852974931	57.188144705287
2	13.383482025534185	147.48535667479476	23.844763650168336	45.00306951417824
3	13.083678200690954	193.30039488125675	29.8654908413075	45.815038206462
4	11.396889188497568	244.429779757985	44.0872237987472	51.12938487672825
5	15.896288006481328	282.6273330737647	44.7686424139982	38.19755331577975
6	14.99357893291791	323.26972346377875	41.73720270815631	40.642390390014
7	15.02264201885243	363.8334013293868	41.298051322984705	40.563677865608
8	10.897788283984065	419.4739285498682	46.37318725905779	55.6405272204815
9	10.675983108312737	471.8098076315212	52.72329129916071	52.335879081653005
10	13.570350659219539	517.1677411662599	58.02239702296153	45.35793353473875
11	10.24801896964634	570.6626897901344	61.46467457219616	53.49494862387449
12	10.745373017490184	624.3437583847112	69.1604311995215	53.68106859457674
13	9.184371538863878	682.5859767293007	53.053374160967856	58.24221834458949
14	8.767020114698306	742.0643951172915	66.76189182588175	59.47841838799074
15	15.882116061719447	780.300330783468	68.46958209829593	38.235935666176495
16	14.168414496984184	823.1775415208024	65.62628645371728	42.8772107373345
17	7.698225121949076	890.4830097374377	81.44954785098994	67.30546821663523
18	10.410756859659326	964.2609838387687	98.45848383901162	73.77797410133101
19	8.928944295670892	1069.6935413062108	112.73892353861166	105.43255746744201
20	10.583963992411938	1139.3478432238007	111.85138818013975	69.65430191759
21	12.64934465325526	1191.2251001071077	96.23270791731593	51.877256883307
22	12.224643884873629	1251.631366804294	78.08449969208753	60.40626669718625
23	10.448554624873292	1313.1763871789465	57.97390676976491	61.5450203746525
24	9.86861473491572	1372.6259159466952	49.04200787721349	59.449528767748745
25	9.32793692217388	1429.6320744312447	52.2524327580946	57.00615848454926
26	10.894654644762737	1493.1066201337928	67.29448745604948	63.47454570254825
27	6.788788813952124	1568.3517966789857	90.69090274857638	75.245176545193
28	5.329165542438277	1639.4194208145827	113.19226078420841	71.067624135597
29	5.975955224993907	1713.149051587329	135.806533296448	73.7296307727465
30	8.572680268579383	1792.9412952453417	162.62323623779966	79.7922436580125
31	8.039862650490186	1872.7295648672255	188.34985926944972	79.78826962188374
32	8.578407918451756	1954.8687256091757	214.7546368737115	82.13916074195049
33	6.993563331086214	2030.2895614679096	239.93736946921007	75.4208358587335
34	2.156554659081234	2115.3777001453245	243.57540700043518	85.08813867741497
35	4.710680011314833	2193.2284910302037	260.38376253059016	77.85079088487899
36	5.943785777233016	2275.6145521797143	278.9949743437426	82.38606114951074
37	5.751161156587569	2348.7626553626383	300.79981475525915	73.148103182924
38	5.565585263774584	2417.3841089561324	321.8030180815907	68.621453593494
39	5.636640308922831	2490.3773178272622	344.374103065345	72.99320887113
40	6.717074063078866	2573.597295531251	363.3055193658301	83.21997770398875
41	5.92274088846092	2652.1683046645608	382.7006194531255	78.57100913330999
42	6.549875478434955	2726.3083612456	405.28516505300064	74.14005658103899
43	5.454637574163231	2797.1214202428914	427.8635517659944	70.81305899729175
44	6.38181233294492	2872.272043742772	451.39083550890405	75.15062349988051
45	3.219835474045384	2952.211070270142	462.2789716065021	79.93902652737023
46	6.396690785371382	3027.2590053276294	485.52610433715864	75.04793505748749
47	7.3226782317289825	3105.45126837072	510.00893763868834	78.19226304309001
48	8.290320891114277	3208.871463566298	522.9309402273223	103.42019519557851
49	9.900028148893112	3294.2861560253855	552.0591301139164	85.41469245908749
50	9.184174138894061	3375.5552606055803	581.5143375538436	81.26910458019475
51	10.001984445314955	3461.0034331395086	611.3539046107055	85.448172533928
52	3.90049605990563	3552.455414267496	609.8509756018549	91.45198112798774
53	5.287892324210028	3633.1155380549158	626.8017203439716	80.66012378741951
54	6.014498074540983	3708.4716776148643	648.9144511354192	75.3561395599485
55	7.128633705995816	3796.8796607486343	667.5182488721593	88.40798313377
56	6.578356520744033	3871.0054540835463	692.0486743740619	74.12579333491175
57	7.384770981202246	3947.305947725633	717.8271629375694	76.30049364208725
58	8.018593120647784	4025.788835244297	744.2234630414619	78.48288751866374
59	10.97372366666825	4113.777773188052	774.9695084982947	87.9889379437555
60	5.977180159299875	4194.42891826983	794.235276163435	80.651145081778
61	5.087088315073937	4263.636179704529	815.4038034334176	69.20726143469875
62	6.570280484332888	4337.983649489997	839.4411103879327	74.34746978546823
63	6.398650623819965	4411.963345472443	863.1521440656846	73.97969598244575
64	10.360988342751691	4497.95589072656	893.4647012719084	85.9925452541175
65	10.545980884397164	4583.146262179189	923.3212265298168	85.190371452629
66	7.077562209048733	4658.739458168616	949.2135810400454	75.59319598942699
67	5.821291363148675	4731.818261396302	972.2117552194765	73.07880322768598
68	5.783743091850832	4809.24671763327	990.8944493975152	77.428456236968
69	4.76154953993852	4890.8917007285545	1006.2684766386166	81.6449830952845
70	3.47945871303434	4966.179629219572	1018.7461734065596	75.28792849101801
71	4.270329648418709	5040.41569810354	1032.7687350743956	74.23606888396799
72	5.388294181252801	5107.072401362649	1051.4967665251288	66.65670325910699
73	6.403092501589849	5176.718030065001	1073.1200028197316	69.6456287023525
74	4.467519969677727	5245.8684968137895	1086.1516555244743	69.1504667487895
75	5.869137217864247	5318.808803758288	1107.0080241825144	72.940306944499
76	2.388505619019231	5402.017635668522	1109.594249799334	83.20883191023374
77	6.891211332824121	5470.491946785553	1131.1906747779935	68.4743111170305
78	4.366366843453754	5545.04218923979	1141.1161663558828	74.55024245423725
79	5.595539050753015	5622.7357046127	1160.2092387046432	77.69351537290925
80	7.2361169120811715	5698.031489666833	1186.0324426153795	75.2957850541345
81	7.250948804942126	5774.095498329263	1211.6832004006465	76.06400866242974
82	5.420039386180245	5845.5422119096065	1233.7467301486224	71.44671358034299
83	4.972090391378216	5914.798615647611	1255.3785627973048	69.256403738004
84	6.4020845286100645	5998.308574309888	1273.5333689060824	83.50995866227726
85	3.650103344925877	6071.72863202935	1287.5845622957681	73.42005771946225
86	3.2868488537173857	6146.726581293567	1300.0628023742595	74.99794926421625
87	3.7984669587028614	6222.271280288576	1315.315527094842	75.54469899500926
88	2.454817355063076	6309.797673645154	1318.280829390734	87.5263933565785
89	5.473222661815938	6379.296461551238	1338.5985009623055	69.49878790608449
90	7.861827751352587	6452.386622208871	1362.2283032899193	73.09016065763126
91	2.4634274376841896	6529.393741287974	1362.5999738129537	77.00711907910399
92	2.3698213332542766	6610.143211246863	1365.6423028574134	80.74946995888901
93	6.864894726373661	6680.570257503009	1385.856427447335	70.427046256146
94	5.7411813048810485	6755.284501243719	1400.55241527119	74.7142437407105
95	8.283044412605356	6827.966850672464	1424.975434882422	72.6823494287445
96	7.459456125065539	6899.488915036221	1446.9159631440007	71.5220643637575
97	6.429204191443569	6967.89825438447	1467.5846156204889	68.409339348249
98	8.873679052244402	7035.670940272703	1488.886031436431	67.77268588823175
99	5.36122143299234	7103.768848076917	1502.7958978924883	68.09790780421424
100	6.178779588992308	7168.926830777757	1522.4387689087466	65.1579827008395
101	4.154239530798833	7239.058503787891	1528.9570074804244	70.13167301013449
102	4.639502494931444	7309.408125128305	1538.8617600839273	70.349621340414
103	5.639957197846617	7378.57173787743	1551.0633119189924	69.16361274912424
104	6.170653827235199	7448.335453849107	1563.1192861944583	69.76371597167801
105	6.483462024628061	7515.575831472195	1579.890505910265	67.24037762308899
106	8.549509733387445	7582.164695667544	1601.7149162020128	66.58886419534849
107	6.994037212578185	7646.686588419894	1621.4333739227507	64.52189275235024
108	7.644898380129231	7719.475454298801	1643.6018007796174	72.788865878908
109	6.734925660067756	7787.33496037097	1664.7882725419056	67.8595060721685
110	6.58152878989209	7860.417872697379	1685.2599153831688	73.08291232640775
111	9.275307573053722	7943.566185376574	1714.7831309696826	83.1483126791955
112	7.950071943498741	8022.937926435026	1741.2578970964062	79.37174105845175
113	8.586953347669844	8096.494068528661	1766.7738933028475	73.55614209363651
114	7.747138262635474	8163.3451455208815	1787.1813986777754	66.85107699221825
115	5.475883126867481	8236.729001758	1803.079837929137	73.38385623711974
116	7.6444792933752925	8302.308943446245	1823.7868756818475	65.57994168824524
117	7.14519080651372	8369.029459198053	1844.4230943680495	66.720515751807
118	4.93353809987612	8452.57937695346	1836.0856580901584	83.54991775540749
119	5.412338333905292	8526.304861027373	1850.5963350604534	73.7254840739125
120	4.628090161995875	8611.455382826782	1845.0131747894027	85.15052179940949
