task	r0_energy	r0_config	r0_reward	r0_rate	r0_avgrate	r0_rollrate	r1_energy	r1_config	r1_reward	r1_rate	r1_avgrate	r1_rollrate	r2_energy	r2_config	r2_reward	r2_rate	r2_avgrate	r2_rollrate	r3_energy	r3_config	r3_reward	r3_rate	r3_avgrate	r3_rollrate	c0	c1	c2	c3	c4	c5	c6	c7	c8	c9	c10	c11	c12	c13	c14	c15	c16	c17	c18	c19	c20	c21	c22	c23	c24	c25	c26	c27	c28	c29
0	18.413498887228798	0	31.380107180421998	11.5865011127712	11.5865011127712	11.5865011127712	11.103207890463509	0	51.178811963327995	18.89679210953649	18.89679210953649	18.89679210953649	8.617839435476679	0	57.910018195583994	21.38216056452332	21.38216056452332	21.38216056452332	14.969489545113596	0	40.707632481984	15.030510454886404	15.030510454886404	15.030510454886404	4	0	0	0	0	0	0	0	0	0	0	0	0	0	0	0	0	0	0	0	0	0	0	0	0	0	0	0	0	0
1	18.322828400963445	1	63.005780261146	11.677171599036555	11.631836355903879	11.631836355903879	3.0032890077356242	1	140.56271969261198	33.003289007735624	25.950040558636058	25.950040558636058	14.71036333942006	1	99.319450817988	15.28963666057994	18.33589861255163	18.33589861255163	5.507606625697473	1	107.04119787072	24.492393374302527	19.761451914594467	19.761451914594467	0	4	0	0	0	0	0	0	0	0	0	0	0	0	0	0	0	0	0	0	0	0	0	0	0	0	0	0	0	0
2	11.66355819304431	2	112.66697682165099	18.33644180695569	13.866704839587817	13.866704839587817	16.57759473147471	2	176.91506729486798	13.42240526852529	21.774162128599134	21.774162128599134	14.736724560785722	2	140.65748846586	15.263275439214278	17.311690888105847	17.311690888105847	10.556050616832	2	159.7018941168	19.443949383168	19.655617737452314	19.655617737452314	0	0	4	0	0	0	0	0	0	0	0	0	0	0	0	0	0	0	0	0	0	0	0	0	0	0	0	0	0	0
3	17.620376077988677	3	146.195124943765	12.379623922011323	13.494934610193692	13.494934610193692	15.186922850515938	3	217.03381790805398	14.813077149484062	20.033890883820366	20.033890883820366	12.158316386284802	3	188.978714919672	17.841683613715198	17.444189069508184	17.444189069508184	7.369097487974397	3	220.993921753536	22.630902512025603	20.399438931095634	20.399438931095634	0	0	0	4	0	0	0	0	0	0	0	0	0	0	0	0	0	0	0	0	0	0	0	0	0	0	0	0	0	0
4	17.91669538065969	4	178.920741621145	12.08330461934031	13.212608612023015	13.212608612023015	0.5508625936559959	4	299.77573743253896	30.550862593655996	22.13728522578749	22.13728522578749	12.66125483113846	4	235.937816418672	17.33874516886154	17.423100289378855	17.423100289378855	14.458743948536124	4	263.084823559584	15.541256051463876	19.427802355169284	19.427802355169284	0	0	0	0	4	0	0	0	0	0	0	0	0	0	0	0	0	0	0	0	0	0	0	0	0	0	0	0	0	0
5	16.399182526797418	5	215.756288944402	13.600817473202584	13.277310088886276	13.277310088886276	16.203817280385238	5	337.14039896482893	13.796182719614764	20.747101474758704	20.747101474758704	16.300737102045048	5	273.03998676730004	13.699262897954954	16.802460724141536	16.802460724141536	14.681415116697604	5	304.57265761852796	15.318584883302396	18.7429327765248	18.7429327765248	0	0	0	0	0	4	0	0	0	0	0	0	0	0	0	0	0	0	0	0	0	0	0	0	0	0	0	0	0	0
6	12.18242416528837	6	264.012223496746	17.81757583471163	13.925919481147043	13.925919481147043	15.089073702276922	6	377.52415768782896	14.910926297723078	19.913362163753614	19.913362163753614	16.37076426834019	6	309.95250020721204	13.629235731659813	16.34914286807272	16.34914286807272	16.332053595766155	6	341.590012463328	13.667946404233845	18.017934723340378	18.017934723340378	0	0	0	0	0	0	4	0	0	0	0	0	0	0	0	0	0	0	0	0	0	0	0	0	0	0	0	0	0	0
7	13.883852679832614	7	307.660122488866	16.116147320167386	14.199697961024585	14.199697961024585	14.599681081675568	7	419.23335475829094	15.400318918324432	19.349231758074968	19.349231758074968	16.343204318713845	7	346.93965517736206	13.656795681286155	16.0125994697244	16.0125994697244	15.263829995187692	7	381.50047289302796	14.736170004812308	17.607714133524368	17.607714133524368	0	0	0	0	0	0	0	4	0	0	0	0	0	0	0	0	0	0	0	0	0	0	0	0	0	0	0	0	0	0
8	15.380773965487752	8	347.25385966567	14.619226034512248	14.246312191412102	14.246312191412102	9.310156014604807	8	475.26834888540293	20.689843985395193	19.49818867222166	19.49818867222166	2.8839659000160083	8	436.00039615657204	32.88396590001601	17.887195739756798	17.887195739756798	16.016257255827693	8	419.37310949182796	13.983742744172307	17.205050645818584	17.205050645818584	0	0	0	0	0	0	0	0	4	0	0	0	0	0	0	0	0	0	0	0	0	0	0	0	0	0	0	0	0	0
9	15.79991061823015	9	385.71243507463004	14.20008938176985	14.241689910447878	14.241689910447878	12.235276571537725	9	523.3811415041549	17.764723428462275	19.32484214784572	19.32484214784572	4.861884800676918	9	504.0827914880721	25.13811519932308	18.612287685713426	18.612287685713426	9.806860442806155	9	474.062862459228	20.193139557193845	17.50385953695611	17.50385953695611	0	0	0	0	0	0	0	0	0	4	0	0	0	0	0	0	0	0	0	0	0	0	0	0	0	0	0	0	0	0
10	18.219136714751997	10	417.61893980551	11.780863285248001	14.017978399066068	14.261126127695556	17.714388358299697	10	556.6546730337599	12.285611641700303	18.684912101832502	18.6637241010621	17.712086865888004	10	537.3625562262921	12.287913134111996	18.03734454465875	17.702862942672294	0.6357906979384538	10	557.034795599478	30.635790697938454	18.69767146068178	19.06438756126132	0	0	0	0	0	0	0	0	0	0	4	0	0	0	0	0	0	0	0	0	0	0	0	0	0	0	0	0	0	0
11	9.768227509986463	11	472.41332363263	20.231772490013537	14.53579457331169	15.116586216793255	12.054342324292435	11	605.2574959054679	17.945657675707565	18.62330756632209	17.157960967859296	18.2985622212	11	569.0539502105421	11.701437778799999	17.50935231417052	17.3440430544943	0.8709438231064652	11	635.925989411898	29.129056176893535	19.56695352036609	19.528053841520418	0	0	0	0	0	0	0	0	0	0	0	4	0	0	0	0	0	0	0	0	0	0	0	0	0	0	0	0	0	0
12	11.784893890584001	12	521.745902678965	18.215106109416	14.818818537627408	15.10445264703929	1.1321505355908812	12	689.5737369393598	31.13215053559088	19.585526256265844	18.928935494565856	18.46710026695385	12	600.2888869875421	11.532899733046152	17.04962519254557	16.971005483877487	11.597347376832001	12	685.7665069329779	18.402652623168	19.477391912889313	19.423924165520415	0	0	0	0	0	0	0	0	0	0	0	0	4	0	0	0	0	0	0	0	0	0	0	0	0	0	0	0	0	0
13	2.912809341304623	13	595.107044046265	27.087190658695377	15.695130831989404	16.575209320707692	17.44459888296554	13	723.5779482979948	12.55540111703446	19.083374460606457	18.703167891320895	1.3783812398861492	13	685.2720028455672	31.37838123988615	18.073107767355612	18.324675246494586	15.001696691299202	13	726.386911727376	14.998303308700798	19.157457012590132	18.660664245187935	0	0	0	0	0	0	0	0	0	0	0	0	0	4	0	0	0	0	0	0	0	0	0	0	0	0	0	0	0	0
14	16.760285036040003	14	630.9646054069899	13.239714963959997	15.531436440787445	16.690850355169665	16.851230845301906	14	759.1891980919688	13.148769154698092	18.687734106879233	16.962958547425103	1.0432430002707704	14	769.3474526379672	31.04324300027077	18.937783449549954	19.69512502963551	0.41332157718054674	14	808.75632433224	30.413321577180547	19.907847983562828	20.1478707977596	0	0	0	0	0	0	0	0	0	0	0	0	0	0	4	0	0	0	0	0	0	0	0	0	0	0	0	0	0	0
15	16.41931025957539	15	667.7456401206399	13.580689740424612	15.409514772014768	16.688837581891868	17.004087205779694	15	794.3864619096488	12.995912794220306	18.33199527483805	16.88293155488566	16.185985705188926	15	806.7604080197472	13.814014294811074	18.617547877378776	19.706600169321117	13.919081076333786	15	852.308813083836	16.080918923666214	19.66866491731929	20.224104201795985	0	0	0	0	0	0	0	0	0	0	0	0	0	0	0	4	0	0	0	0	0	0	0	0	0	0	0	0	0	0
16	12.320377670086152	16	715.6279505974899	17.679622329913848	15.543050510714712	16.675042231412085	17.079001959890213	16	829.3808316016128	12.920998040109787	18.013701319854036	16.683938729124332	10.985754007493906	16	858.2573242494511	19.014245992506094	18.64088306062156	20.245101195405745	16.288524350466464	16	889.4440596346559	13.711475649533536	19.318242019214246	20.228457126325953	0	0	0	0	0	0	0	0	0	0	0	0	0	0	0	0	4	0	0	0	0	0	0	0	0	0	0	0	0	0
17	15.165462269977846	17	755.8048236162999	14.834537730022154	15.503688689565125	16.546881272397563	3.6619053381888023	17	920.5484918925408	33.6619053381888	18.8830459875393	18.510097371110767	10.528488367789667	17	910.9926682533542	19.471511632210333	18.68702909237649	20.826572790498165	1.4370445118399893	17	974.5860551875559	31.43704451183999	19.99150882436012	21.89854457702872	0	0	0	0	0	0	0	0	0	0	0	0	0	0	0	0	0	4	0	0	0	0	0	0	0	0	0	0	0	0
18	15.878072583629542	18	794.0517103689699	14.121927416370458	15.430964412028564	16.497151410583385	8.288208697247264	18	1024.2457237809188	38.28820869724726	19.904370340681826	20.269933842295973	7.015501281515824	18	1011.2429842241262	37.015501281515824	19.651685523383822	21.239726328648146	10.461244876244674	18	1027.5035169810599	19.538755123755326	19.967679682223025	22.454045814987023	0	0	0	0	0	0	0	0	0	0	0	0	0	0	0	0	0	0	4	0	0	0	0	0	0	0	0	0	0	0
19	1.2238118534547695	19	878.6162008054099	31.22381185345477	16.220606784099875	18.199523657751875	22.68919582046916	19	1166.9456291280228	52.68919582046916	21.543611614671192	23.762381081496663	3.242214379578094	19	1101.2739815021503	33.242214379578094	20.33121196619354	22.05013624667365	8.560555129181544	19	1131.93835378926	38.560555129181544	20.89732345457095	24.290787372185793	0	0	0	0	0	0	0	0	0	0	0	0	0	0	0	0	0	0	0	4	0	0	0	0	0	0	0	0	0	0
20	2.6393069289282494	19	967.0143237379239	32.63930692892825	17.002449648139322	20.285368022119904	9.965644010423631	4	1275.1859149895868	39.96564401042363	22.420851252564166	26.530384318368995	18.34661979668308	14	1132.8352195528003	11.653380203316923	19.917981882247034	21.98668295359414	11.384285233612797	14	1182.355914614892	18.615714766387203	20.7886754218003	23.088779779030673	0	0	0	0	1	0	0	0	0	0	0	0	0	0	2	0	0	0	0	1	0	0	0	0	0	0	0	0	0	0
21	3.6080482357218386	19	1058.0361210430037	33.60804823572184	17.757249583938528	21.62299559669073	11.677419838617602	4	1324.8095695933307	18.322580161382398	22.234566202964995	26.56807656693648	18.48544527243028	14	1164.0204719399683	11.51455472756972	19.53600792067079	21.967994648471112	16.826465266251326	14	1218.0342378521282	13.173534733748676	20.442532663252496	21.493227634716185	0	0	0	0	1	0	0	0	0	0	0	0	0	0	2	0	0	0	0	1	0	0	0	0	0	0	0	0	0	0
22	9.056992407669412	19	1163.8154754804418	39.05699240766941	18.683325358883348	23.70718422651607	11.152581459141413	4	1375.8546614748227	18.847418540858587	22.087298913308192	25.339603367463248	10.67646768554474	14	1216.3550386249512	19.32353231445526	19.526769850835333	22.747057906612024	18.01253398713895	14	1250.5002916369601	11.987466012861047	20.074921069757217	20.851708973685486	0	0	0	0	1	0	0	0	0	0	0	0	0	0	2	0	0	0	0	1	0	0	0	0	0	0	0	0	0	0
23	5.821539822595199	19	1260.832145833304	35.8215398225952	19.397417628204675	24.580619142906055	17.09079531135655	4	1410.8170908398988	12.909204688643449	21.70487832061383	25.37498372462415	0.5241998576640015	14	1299.0247465727912	30.524199857664	19.98499610111986	22.66163976838981	18.357683507877415	14	1282.0315654697922	11.642316492122585	19.723562545689106	20.516110292027665	0	0	0	0	1	0	0	0	0	0	0	0	0	0	2	0	0	0	0	1	0	0	0	0	0	0	0	0	0	0
24	1.126260474954826	19	1345.13243461964	31.126260474954826	19.866571342074682	26.36927369400554	17.523046694435443	4	1444.6088393758027	12.476953305564555	21.335761320011855	25.307802139710798	2.5121594695218405	14	1387.078511802746	32.51215946952184	20.48608263585594	22.808531415314917	18.312992300750768	14	1313.6838779885923	11.687007699249232	19.40210035183151	18.643478904234534	0	0	0	0	1	0	0	0	0	0	0	0	0	0	2	0	0	0	0	1	0	0	0	0	0	0	0	0	0	0
25	0.39374687771519845	19	1427.448832413452	30.3937468777152	20.271462708830086	28.050579407734592	18.18150354998843	4	1476.6172672612508	11.818496450011569	20.96971267116569	25.190060505289924	0.3589824629150833	14	1469.3007559731411	30.358982462915083	20.86580955228129	24.463028232125318	18.377514798076803	14	1345.1614420771343	11.6224852019232	19.102884384527346	18.19763553206023	0	0	0	0	1	0	0	0	0	0	0	0	0	0	2	0	0	0	0	1	0	0	0	0	0	0	0	0	0	0
26	4.291426994134156	19	1520.321447189232	34.291426994134156	20.79072064532283	29.71175987415662	18.495302681244553	4	1507.7758224995468	11.504697318755449	20.61915654700235	25.04843043315449	4.371392968042329	14	1562.3899452615892	34.37139296804233	21.366016345457624	25.99874292967894	16.42049593562991	14	1381.9392655848033	13.579504064370093	18.89831474304004	18.18443837354389	0	0	0	0	1	0	0	0	0	0	0	0	0	0	2	0	0	0	0	1	0	0	0	0	0	0	0	0	0	0
27	3.5788494782030824	19	1611.264164526032	33.57884947820308	21.24743953221141	31.58619104897472	3.8401804163150786	4	1599.4263111270668	33.84018041631508	21.09133597090638	25.06625794096712	1.724216566759381	14	1648.3096984632293	31.72421656675938	21.735952067646974	27.224013423133847	18.011908794530953	14	1414.4070125996152	11.988091205469047	18.651521045269646	16.239543042906796	0	0	0	0	1	0	0	0	0	0	0	0	0	0	2	0	0	0	0	1	0	0	0	0	0	0	0	0	0	0
28	0.18428083319040311	19	1693.0132584492558	30.184280833190403	21.55560647362448	33.19242639065671	0.6807354423182765	4	1682.5199696166787	30.680735442318277	21.422004918196443	24.30551061547422	2.274021863347201	14	1735.7185076764613	32.2740218633472	22.099333784740086	26.749865481316988	18.177624030897228	14	1446.4259475159351	11.822375969102772	18.41603328402251	15.467905127441544	0	0	0	0	1	0	0	0	0	0	0	0	0	0	2	0	0	0	0	1	0	0	0	0	0	0	0	0	0	0
29	0.07105160776911035	19	1774.0708270115479	29.92894839223089	21.834717870911355	33.06294004453433	4.110400784333535	4	1774.9023050742487	34.110400784333535	21.844951447067675	22.44763111186065	2.2880062362978464	14	1823.1651912331013	32.288006236297846	22.438956199792013	26.654444666988958	17.434362271575136	14	1480.4578830304192	12.565637728424864	18.221020098835925	12.868413387365873	0	0	0	0	1	0	0	0	0	0	0	0	0	0	2	0	0	0	0	1	0	0	0	0	0	0	0	0	0	0
30	6.707316805821044	19	1873.48647669398	36.707316805821044	22.314479126876186	33.46974103222361	7.399285457911375	4	1876.1920365227586	37.399285457911375	22.34670415709489	22.190995256609426	1.962261282420183	14	1909.7296488729892	31.962261282420183	22.74615958955421	28.68533277489928	18.221857528164925	14	1512.3570188916392	11.778142471835077	18.013185336674606	12.184656157910661	0	0	0	0	1	0	0	0	0	0	0	0	0	0	2	0	0	0	0	1	0	0	0	0	0	0	0	0	0	0
31	8.482829087748918	19	1977.7108054732998	38.48282908774892	22.819740063153457	33.95721911742631	3.4166237318459096	4	1966.6953924631746	33.41662373184591	22.69263914380586	23.700399613655776	3.1008408175458513	14	1999.3777594205092	33.10084081754585	23.06974337792895	30.843961383896897	17.159156964820063	14	1547.1343021119183	12.840843035179935	17.851549639752896	12.151386988053785	0	0	0	0	1	0	0	0	0	0	0	0	0	0	2	0	0	0	0	1	0	0	0	0	0	0	0	0	0	0
32	12.694692140437667	19	2093.342263353652	42.69469214043767	23.422011338222678	34.320989090703144	2.994051779032617	4	2056.0542826980545	32.99405177903262	23.004803163055154	25.115062937473184	2.1246829268735965	14	2086.382109014125	32.1246829268736	23.344135485472727	32.12407644513873	16.50020482746314	14	1583.6962473708722	13.49979517253686	17.719678292261502	12.302619904021366	0	0	0	0	1	0	0	0	0	0	0	0	0	0	2	0	0	0	0	1	0	0	0	0	0	0	0	0	0	0
33	2.4699333513216004	19	2181.281666180148	32.4699333513216	23.688126691549115	33.985828443575784	3.1744897659943376	4	2145.9018591476224	33.17448976599434	23.303911592553362	27.14159144520827	4.038090025151995	14	2178.5686028322452	34.038090025151995	23.658663560169174	32.47546546188753	18.291740181876925	14	1615.4061177116223	11.708259818123075	17.54287186655155	12.309214236621415	0	0	0	0	1	0	0	0	0	0	0	0	0	0	2	0	0	0	0	1	0	0	0	0	0	0	0	0	0	0
34	0.5788892388686762	19	2264.099491202084	30.578889238868676	23.885005621472533	33.931091319967166	0.8019323455606333	4	2224.9799590450625	29.198067654439367	23.472316051464393	28.813702880095754	6.568537871846388	14	2277.608392901829	36.56853787184639	24.02751711193138	32.88110330211998	0.6768591800492381	14	1694.8229574323223	29.323140819950762	17.879450979505812	14.072827548691569	0	0	0	0	1	0	0	0	0	0	0	0	0	0	2	0	0	0	0	1	0	0	0	0	0	0	0	0	0	0
35	0.8222176211889263	19	2347.5763305928044	30.822217621188926	24.077705954797988	33.97393839431454	0.19224361205760587	4	2305.7092992624066	29.807756387942394	23.64830050525545	30.61262887388883	6.088957208735998	14	2375.349318675489	36.088957208736	24.3625571146204	33.45410077670208	11.7393016032768	14	1744.2790155901143	18.2606983967232	17.89004118553963	14.736648868171567	0	0	0	0	1	0	0	0	0	0	0	0	0	0	2	0	0	0	0	1	0	0	0	0	0	0	0	0	0	0
36	3.1669904122290475	19	2437.4035962925914	33.16699041222905	24.323362291485314	33.86149473612402	0.8443342171214709	4	2389.2460377671105	30.84433421712147	23.84278790287345	32.54659256372543	8.715184389369597	14	2480.202943063365	38.7151843893696	24.75046595988389	33.888479918834804	11.048634090211948	14	1795.6056315957903	18.951365909788052	17.91872563754634	15.273835052713366	0	0	0	0	1	0	0	0	0	0	0	0	0	0	2	0	0	0	0	1	0	0	0	0	0	0	0	0	0	0
37	0.4762543711835079	19	2517.3637407039696	29.523745628816492	24.460214484572976	33.455984351185364	2.693460196043077	4	2477.7908257980603	32.69346019604308	24.07570033164107	32.43192054169823	2.8259229291374766	14	2569.106484329779	32.82592292913748	24.962977985390566	33.998650555072615	17.009007129986216	14	1830.7895706187444	12.990992870013786	17.78904845945338	15.37412521916784	0	0	0	0	1	0	0	0	0	0	0	0	0	0	2	0	0	0	0	1	0	0	0	0	0	0	0	0	0	0
38	1.7140407062292944	19	2593.9715471245986	28.285959293770706	24.558310505321636	33.26615219724339	0.7572701247876878	4	2556.98988587676	29.242729875212312	24.208188268655714	32.28811998498764	1.80547471966781	14	2655.246311695546	31.80547471966781	25.138426619602804	33.951795840704676	17.985555504413544	14	1863.3286911276243	12.014444495586456	17.640981691149097	15.393332071816207	0	0	0	0	1	0	0	0	0	0	0	0	0	0	2	0	0	0	0	1	0	0	0	0	0	0	0	0	0	0
39	0.11103920027077763	19	2675.5222782919986	30.111039200270778	24.697128722695364	33.284361278047385	0.18629151101538355	4	2637.73534636776	29.813708488984616	24.348326274163938	31.858450755452747	5.06491873779396	14	2750.2137999437377	35.06491873779396	25.386588922557582	34.229487090854285	17.184311786611204	14	1898.0378467055523	12.815688213388798	17.52034935420509	15.4183371203126	0	0	0	0	1	0	0	0	0	0	0	0	0	0	2	0	0	0	0	1	0	0	0	0	0	0	0	0	0	0
40	9.918676261516808	19	2783.635359833607	39.91867626151681	25.068385979739794	33.605497223616965	4.970224630663381	4	2732.44637140914	34.97022463066338	24.607396965785878	31.615544672727946	0.14629378594155185	14	2831.0675876068126	29.853706214058448	25.495543002838094	34.01863158401811	11.833101574193723	14	1947.2398632754443	18.166898425806277	17.53611884375634	16.057212715709717	0	0	0	0	1	0	0	0	0	0	0	0	0	0	2	0	0	0	0	1	0	0	0	0	0	0	0	0	0	0
41	1.232615362624248	19	2868.2236931073808	31.232615362624248	25.21515334599895	32.88047585110449	8.124582413870762	4	2835.70044878004	38.12458241387076	24.9292347145498	32.086340540930436	0.5099522834865162	14	2913.6987083745885	30.509952283486516	25.614933699996385	33.75954273061218	13.823813493862154	14	1991.0503683962343	16.176186506137846	17.50373950238447	16.39074706280551	0	0	0	0	1	0	0	0	0	0	0	0	0	0	2	0	0	0	0	1	0	0	0	0	0	0	0	0	0	0
42	1.14343371965834	19	2946.3768934499726	28.85656628034166	25.299837367727847	31.496663265094895	5.856358395507691	4	2932.81141943454	35.85635839550769	25.183353869920914	32.372571202577944	1.9929728058217862	14	3000.3463430570223	31.992972805821786	25.763260190829538	33.74637171850701	17.206736992752003	14	2025.6987890408643	12.793263007247997	17.394193537381298	16.320093846276624	0	0	0	0	1	0	0	0	0	0	0	0	0	0	2	0	0	0	0	1	0	0	0	0	0	0	0	0	0	0
43	0.9882477633142095	19	3030.303397808949	30.98824776331421	25.42911942217299	31.348494706294154	0.38955045509095854	4	3013.006386952002	29.61044954490904	25.283969680716098	32.01616718046941	2.213747875320003	14	3087.5919102193475	32.21374787532	25.909862183658866	33.5639375035238	18.227004202927752	14	2057.5839859912685	11.772995797072246	17.266439043283363	16.32656744417154	0	0	0	0	1	0	0	0	0	0	0	0	0	0	2	0	0	0	0	1	0	0	0	0	0	0	0	0	0	0
44	5.56648828570264	19	3126.6293035827266	35.56648828570264	25.654394285806983	31.84725461097755	0.02852668556160154	4	3094.3336467253976	30.0285266855616	25.38940428082378	32.09921308358163	2.664454740691191	14	3176.0581418087195	32.66445474069119	26.059964240481804	33.173529190408274	17.267779619824246	14	2092.0670828542443	12.732220380175752	17.16567862854764	14.667475400194045	0	0	0	0	1	0	0	0	0	0	0	0	0	0	2	0	0	0	0	1	0	0	0	0	0	0	0	0	0	0
45	0.05927431036504416	19	3208.0398381732984	30.059274310365044	25.75015254721042	31.77096027989516	2.274569688889848	4	3181.7439396328077	32.27456968888985	25.53908178969478	32.34589441367638	3.137723461355442	14	3265.8061428498904	33.13772346135544	26.21382857137036	32.87840581567023	7.407774435571202	14	2153.2543604245725	22.592225564428798	17.283647040197227	15.1006281169646	0	0	0	0	1	0	0	0	0	0	0	0	0	0	2	0	0	0	0	1	0	0	0	0	0	0	0	0	0	0
46	0.16728510450609235	19	3288.8367743485946	29.832714895493908	25.8370155758973	31.437532728221647	5.11125910912984	4	3276.836933053368	35.11125910912984	25.742745136916803	32.77258690287722	3.102136042526766	14	3355.4577612984003	33.102136042526766	26.36038830479922	32.31710098098594	17.20608288532283	14	2187.9045526101563	12.79391711467717	17.18812087156914	14.484883237453511	0	0	0	0	1	0	0	0	0	0	0	0	0	0	2	0	0	0	0	1	0	0	0	0	0	0	0	0	0	0
47	6.256941435231511	19	3387.0326574023466	36.25694143523151	26.05409736463343	32.11085230886315	3.784752532131691	4	3368.337304494558	33.78475253213169	25.910286957650445	32.88171613648608	2.345641358684304	14	3443.0605399781703	32.345641358684304	26.48508107675516	32.26907282394062	16.903377600868424	14	2223.3745716078042	13.096622399131576	17.102881320060025	14.495446190365291	0	0	0	0	1	0	0	0	0	0	0	0	0	0	2	0	0	0	0	1	0	0	0	0	0	0	0	0	0	0
48	9.22382624995052	19	3493.2638534959624	39.22382624995052	26.3228673418848	33.20463900448114	14.576148623870772	4	3489.064373684208	44.57614862387077	26.291222910022288	34.415058011351924	9.152503360526772	14	3549.09856991293	39.15250336052677	26.743599898872947	33.00377568802652	0.208805330109044	14	2304.0590571720923	29.791194669890956	17.361826490464736	16.273121207795743	0	0	0	0	1	0	0	0	0	0	0	0	0	0	2	0	0	0	0	1	0	0	0	0	0	0	0	0	0	0
49	0.5642196705984084	19	3572.9857585547584	29.43578032940159	26.38512560163513	33.13711311739421	1.4511808421907766	4	3574.244655131808	31.451180842190777	26.39442206866566	34.57880524667254	21.424340656152367	14	3688.372825856676	51.42434065615237	27.23721471401854	34.63971787986236	16.160371426630896	14	2341.5413845583003	13.839628573369106	17.291382532122825	16.375515243793775	0	0	0	0	1	0	0	0	0	0	0	0	0	0	2	0	0	0	0	1	0	0	0	0	0	0	0	0	0	0
50	0.10336905873230862	19	3654.515716422158	30.10336905873231	26.458032336088017	32.155582397115765	6.670078040025601	4	3673.559449823544	36.6700780400256	26.595905519084482	34.74879058760876	11.609009176712483	14	3801.0638923769393	41.60900917671248	27.51901460544391	35.81524817612777	18.35424028010585	14	2373.08198379968	11.645759719894153	17.180684045608537	15.723401373202563	0	0	0	0	1	0	0	0	0	0	0	0	0	0	2	0	0	0	0	1	0	0	0	0	0	0	0	0	0	0
51	0.997955828830527	19	3738.4685134585743	30.997955828830527	26.545338557102298	32.13211644373639	8.394629331561973	4	3777.5449042631913	38.39462933156197	26.822804053939816	34.77579527937788	13.71157267836886	14	3919.4494017141883	43.71157267836886	27.83040995300016	37.135410215616	16.90377994249846	14	2408.55091312208	13.09622005750154	17.102136661221863	15.415404728338931	0	0	0	0	1	0	0	0	0	0	0	0	0	0	2	0	0	0	0	1	0	0	0	0	0	0	0	0	0	0
52	0.2672214406818476	19	3818.9947887233943	29.732778559318152	26.605478934502596	32.219737671634036	4.853376592798895	4	3871.9394658686883	34.853376592798895	26.974324290522063	34.675497099107005	5.416675852759376	14	4015.369565482078	35.416675852759376	27.97354704544845	37.47778052030976	5.064710353382402	14	2503.517836995824	35.0647103533824	17.44105314597961	17.64254946295237	0	0	0	0	1	0	0	0	0	0	0	0	0	0	2	0	0	0	0	1	0	0	0	0	0	0	0	0	0	0
53	0.5129362154399892	19	3901.6339909735443	30.51293621543999	26.677839254519956	32.17220651684662	6.249951003707075	4	3970.1164165037285	36.249951003707075	27.146095155581044	35.3394472449868	3.3772965338289254	14	4105.766410261198	33.377296533828925	28.073616480418455	37.59413538616065	11.011385543864122	14	2554.945334481192	18.988614456135878	17.46971168876028	18.364111328858733	0	0	0	0	1	0	0	0	0	0	0	0	0	0	2	0	0	0	0	1	0	0	0	0	0	0	0	0	0	0
54	1.8196535786717476	19	3987.8122194157804	31.819653578671748	26.771326787686352	31.797523046143528	3.339858984649105	4	4060.4118679204867	33.339858984649105	27.25870904338228	35.67058047489555	2.51709433772308	14	4193.833540759198	32.51709433772308	28.154406986914907	37.57939934586384	16.38138539712	14	2591.829082363992	13.618614602880001	17.399691741744277	18.45275075112916	0	0	0	0	1	0	0	0	0	0	0	0	0	0	2	0	0	0	0	1	0	0	0	0	0	0	0	0	0	0
55	5.602307631989163	19	4084.2351359190843	35.60230763198916	26.92902287419176	32.351826378305944	3.994526858784006	4	4152.480378163026	33.994526858784006	27.378991504371594	35.84257619188497	9.946328158464006	14	4302.021512855038	39.946328158464006	28.364977007835424	38.26025981557469	8.97137217474609	14	2648.781616057388	21.02862782525391	17.46449417180695	18.296390977211672	0	0	0	0	1	0	0	0	0	0	0	0	0	0	2	0	0	0	0	1	0	0	0	0	0	0	0	0	0	0
56	1.5005593950609288	19	4169.549150947374	31.50055939506093	27.009225269294728	32.518610828262645	4.241461629377355	4	4245.217670075923	34.241461629377355	27.499385717091	35.755596443909724	2.153739402830773	14	4389.1045570710385	32.15373940283077	28.431446523537097	38.16542015160509	18.417665655707076	14	2680.150438239848	11.582334344292924	17.361298385359333	18.175232700173247	0	0	0	0	1	0	0	0	0	0	0	0	0	0	2	0	0	0	0	1	0	0	0	0	0	0	0	0	0	0
57	2.3117889601846073	19	4257.060246047874	32.31178896018461	27.100648781206623	32.12409558075795	5.983385437129847	4	4342.672672301483	35.98338543712985	27.645661574333044	35.97545973440954	2.8193474854006197	14	4477.990289843999	32.81934748540062	28.507099988396813	38.212790764276725	18.42456204209391	14	2711.500582709177	11.575437957906091	17.2615421710929	18.023114256050697	0	0	0	0	1	0	0	0	0	0	0	0	0	0	2	0	0	0	0	1	0	0	0	0	0	0	0	0	0	0
58	3.7133126918780306	19	4348.367134588377	33.71331269187803	27.212727830540036	31.573044224950706	7.322871004782272	4	4443.755447939435	37.32287100478227	27.809682073154217	35.25013197250069	2.957596404571568	14	4567.250446773047	32.95759640457157	28.582532131043845	37.5933000686812	18.080592381359267	14	2743.782311676329	11.919407618640735	17.170997517661508	16.235935550925678	0	0	0	0	1	0	0	0	0	0	0	0	0	0	2	0	0	0	0	1	0	0	0	0	0	0	0	0	0	0
59	2.294288599056003	19	4435.8308328774865	32.294288599056	27.2974205100153	31.858895051916146	17.775446064507335	4	4573.147281030809	47.775446064507335	28.142444806343438	36.88255849473235	6.854159151315692	14	4667.063794474527	36.85415915131569	28.72039258138171	36.13628191819753	16.971000851793967	14	2779.0691843693867	13.028999148206031	17.101964211503915	16.15487260840937	0	0	0	0	1	0	0	0	0	0	0	0	0	0	2	0	0	0	0	1	0	0	0	0	0	0	0	0	0	0
60	0.3402311188401228	19	4518.002292157678	30.340231118840123	27.34730265114358	31.882581257926926	8.872828728501041	4	4678.427858837165	38.87282872850104	28.31835273949356	37.10283356357989	2.2990691470331086	14	4754.540440081075	32.29906914703311	28.779059410326816	35.2052879152296	12.396591642825229	14	2826.745082003402	17.60340835717477	17.11018460733459	16.750637472137427	0	0	0	0	1	0	0	0	0	0	0	0	0	0	2	0	0	0	0	1	0	0	0	0	0	0	0	0	0	0
61	1.1398272350030716	19	4596.165260062879	28.86017276499693	27.37170378201218	31.66880295154357	0.48299921596430906	4	4760.985981713735	30.48299921596431	28.35326639233986	36.31167055202012	0.7980781659611083	14	4837.951901780553	30.79807816596111	28.811624228966078	33.91393846398883	17.92744864336726	14	2859.441575260949	12.07255135663274	17.028932458129717	16.648270602050548	0	0	0	0	1	0	0	0	0	0	0	0	0	0	2	0	0	0	0	1	0	0	0	0	0	0	0	0	0	0
62	5.01736260469292	19	4691.0039504505885	35.01736260469292	27.49306344586425	32.19726135608105	1.2586517716175933	4	4845.6448302618655	31.258651771617593	28.399383620582366	35.95219806990199	1.7672935108548842	14	4923.988321705785	31.767293510854884	28.858539614392885	33.549000229798374	18.237814050166154	14	2891.297495541749	11.762185949833846	16.945333307204386	14.318018161695694	0	0	0	0	1	0	0	0	0	0	0	0	0	0	2	0	0	0	0	1	0	0	0	0	0	0	0	0	0	0
63	4.865498929567011	19	4785.431343384833	34.86549892956701	27.608257750297106	32.63251762749375	1.7001019860221476	4	4931.4992731406755	31.700101986022148	28.450957345042365	35.49721316813349	0.8628604421645498	14	5007.575235403314	30.86286044216455	28.889857127326817	33.29755662063194	18.166141137526154	14	2923.347529960949	11.833858862473846	16.86546651900547	13.602542602329489	0	0	0	0	1	0	0	0	0	0	0	0	0	0	2	0	0	0	0	1	0	0	0	0	0	0	0	0	0	0
64	5.277216761017108	19	4880.973805445921	35.27721676101711	27.726241735077416	32.978273945728276	4.102646400317532	4	5023.860607141535	34.10264640031753	28.537906407431215	35.573491909700344	14.844300788747816	14	5129.028550039506	44.844300788747816	29.135310106733296	34.53027726573441	17.219789420924307	14	2957.960600279279	12.780210579075694	16.802616427621935	13.518702199949058	0	0	0	0	1	0	0	0	0	0	0	0	0	0	2	0	0	0	0	1	0	0	0	0	0	0	0	0	0	0
65	15.501438798749518	19	5004.206868859201	45.50143879874952	27.995562902708812	33.96818706240431	0.8356449160984667	4	5107.373812122635	30.835644916098467	28.572720627259507	35.25760371543179	7.664690818964672	14	5231.037087674202	37.66469081896467	29.26454314782771	34.302113531784485	18.182149003776	14	2989.967280060719	11.817850996224	16.727089678661358	12.597624517046068	0	0	0	0	1	0	0	0	0	0	0	0	0	0	2	0	0	0	0	1	0	0	0	0	0	0	0	0	0	0
66	1.74031589605217	19	5090.170224411008	31.74031589605217	28.051454738430355	33.992162712503436	0.0020415719261563936	4	5188.629341379935	30.002041571926156	28.594053775687367	34.83366170968667	8.235434757695991	14	5334.591390142962	38.23543475769599	29.398437052452607	34.910283067271	18.332456610520616	14	3021.566876740559	11.667543389479384	16.65157406240491	12.606145421564714	0	0	0	0	1	0	0	0	0	0	0	0	0	0	2	0	0	0	0	1	0	0	0	0	0	0	0	0	0	0
67	0.3856427653631975	19	5172.4646735672	30.385642765363198	28.085781032944073	33.7995480930213	0.18737289628430887	4	5269.371873119165	29.81262710371569	28.61197397168778	34.21658587634525	5.222825421379191	14	5429.986542325864	35.22282542137919	29.48408982258388	35.150630860868866	17.489324369568003	14	3055.4499565729793	12.510675630431997	16.590678497228836	12.699669188817305	0	0	0	0	1	0	0	0	0	0	0	0	0	0	2	0	0	0	0	1	0	0	0	0	0	0	0	0	0	0
68	6.67943899970215	19	5271.80482085806	36.67943899970215	28.210326800578247	34.09616072380371	0.7818480507825321	4	5348.504367981629	29.218151949217468	28.62075915976792	33.40611397078877	2.065984097452798	14	5516.831915923132	32.0659840974528	29.521508580190677	35.06146963015699	13.607701219465849	14	3099.8457657702593	16.39229878053415	16.587803428870945	13.146958305006645	0	0	0	0	1	0	0	0	0	0	0	0	0	0	2	0	0	0	0	1	0	0	0	0	0	0	0	0	0	0
69	0.10857109386830288	19	5352.7607741455	29.891428906131697	28.234342544943296	33.85587475451128	0.2997517982902238	4	5430.566195768665	30.299751798290224	28.644744768889666	31.658544544167064	9.51502710579691	14	5623.851781001333	39.51502710579691	29.66427313055648	35.327556425605096	9.122848161798643	14	3156.3880519987215	20.877151838201357	16.64907983471852	13.931773574006177	0	0	0	0	1	0	0	0	0	0	0	0	0	0	2	0	0	0	0	1	0	0	0	0	0	0	0	0	0	0
70	1.295843973449358	19	5437.520351573592	31.295843973449358	28.27746228337296	33.95143603997221	1.183029225772792	4	5508.612158282197	28.816970774227208	28.647170487274703	30.652958748739678	1.260312953678774	14	5708.515128584213	31.260312953678774	29.686752564684962	35.22368080626967	10.178648699236437	14	3210.0708784382896	19.821351300763563	16.693759714521974	14.153567868365055	0	0	0	0	1	0	0	0	0	0	0	0	0	0	2	0	0	0	0	1	0	0	0	0	0	0	0	0	0	0
71	1.2678517861971628	19	5522.204116827876	31.267851786197163	28.318995470912185	34.192203942092235	2.2444176220873864	4	5583.783527222377	27.755582377912614	28.63478731908912	30.38021706493451	2.0932891480320066	14	5795.434453360133	32.09328914803201	29.720176683898117	35.353201904476755	11.475760037358281	14	3260.2406950037775	18.52423996264172	16.719183051301414	14.798736728965958	0	0	0	0	1	0	0	0	0	0	0	0	0	0	2	0	0	0	0	1	0	0	0	0	0	0	0	0	0	0
72	1.3223608499889288	19	5599.872722859156	28.67763915001107	28.32390839802313	33.55823159662405	2.6738715492923077	4	5657.791791776377	27.326128450707692	28.616860485275676	29.986964732843518	0.2367807536640001	14	5876.043172152294	29.763219246336	29.720766308041103	35.152794478024866	17.32016357206597	14	3294.5819186627655	12.679836427934031	16.66384953591282	14.890501776775974	0	0	0	0	1	0	0	0	0	0	0	0	0	0	2	0	0	0	0	1	0	0	0	0	0	0	0	0	0	0
73	4.236803121840005	19	5692.597397980806	34.236803121840005	28.403812380777406	33.49536201585134	2.0646337052750745	4	5733.450075491257	27.935366294724925	28.60765110432229	29.610491163713796	0.9355486368000072	14	5954.759394594294	29.064451363199993	29.711897187164872	34.97295357012841	18.37538454244431	14	3326.0652521936454	11.624615457555691	16.595751778097185	14.869577436284157	0	0	0	0	1	0	0	0	0	0	0	0	0	0	2	0	0	0	0	1	0	0	0	0	0	0	0	0	0	0
74	2.3573682104935436	19	5767.4628590773855	27.642631789506456	28.39366330622713	32.731903518700285	2.0832659147520083	4	5809.057896972137	27.91673408524799	28.5984388774013	28.99189993220684	0.6936575776098444	14	6034.130738654933	29.306342422390156	29.70648979030121	33.41915773349265	12.735788175855511	14	3372.8224925507034	17.26421182414449	16.604664578711148	15.31797756079104	0	0	0	0	1	0	0	0	0	0	0	0	0	0	2	0	0	0	0	1	0	0	0	0	0	0	0	0	0	0
75	1.3593851538904609	19	5845.031190952265	28.64061484610954	28.396912668594005	31.04582112343628	5.434958120764065	4	5905.027575215873	35.434958120764065	28.688393077971863	29.451831252673408	0.16692759705600224	14	6115.832834230293	30.166927597056002	29.712548182495354	32.669381411301785	16.51527799974646	14	3409.3436146347235	13.48472200025354	16.56361270267881	15.484664661193994	0	0	0	0	1	0	0	0	0	0	0	0	0	0	2	0	0	0	0	1	0	0	0	0	0	0	0	0	0	0
76	1.5156005124830791	19	5922.17643956429	28.48439948751692	28.39804886104755	30.72022948258275	6.223533264057224	4	6003.132977806028	36.223533264057224	28.786252041427513	30.073980421886507	0.7899315565033902	14	6194.943436264763	29.21006844349661	29.70602247159927	31.766844779881847	1.0249571430332303	14	3487.8176890390087	28.97504285696677	16.724800107279954	17.21541460794273	0	0	0	0	1	0	0	0	0	0	0	0	0	0	2	0	0	0	0	1	0	0	0	0	0	0	0	0	0	0
77	4.859178234904618	19	5990.26616517809	25.14082176509538	28.356289539304573	30.19574738255597	3.7062512141080504	4	6094.420741510904	33.70625121410805	28.849328953897775	30.46334283292574	0.6418165841165546	14	6277.931689513412	30.641816584116555	29.718019832016154	31.30874389615558	18.357599298167262	14	3519.349190939806	11.642400701832738	16.65964114054345	17.128587115082805	0	0	0	0	1	0	0	0	0	0	0	0	0	0	2	0	0	0	0	1	0	0	0	0	0	0	0	0	0	0
78	5.173708577556923	19	6057.50403778054	24.826291422443077	28.31160601883797	29.01043262483007	2.29297667674966	4	6181.880886677101	32.29297667674966	28.89291943140223	30.770825305678972	1.4922437455945854	14	6363.223182991063	31.492243745594585	29.74047836256778	31.25136986096976	8.506538373913848	14	3577.5606495104557	21.49346162608615	16.72082874162627	17.638703399638004	0	0	0	0	1	0	0	0	0	0	0	0	0	0	2	0	0	0	0	1	0	0	0	0	0	0	0	0	0	0
79	1.8889262015158081	19	6143.869879576312	31.888926201515808	28.356322521121445	29.210182354368477	0.561456240092685	4	6261.61027602685	29.438543759907315	28.89973973550854	30.684704501840674	6.675824790753964	14	6462.553541799355	36.675824790753964	29.827170192920114	30.96744962946546	13.255948970649602	14	3622.9091210482798	16.7440510293504	16.721119020222822	17.22539331875291	0	0	0	0	1	0	0	0	0	0	0	0	0	0	2	0	0	0	0	1	0	0	0	0	0	0	0	0	0	0
80	2.0360025241993753	19	6230.634053079352	32.036002524199375	28.401750669307592	29.28419820944348	0.5041009005489272	4	6341.49500275453	29.495899099451073	28.90709972765598	30.75259733436306	8.039272570708441	14	6565.576571678357	38.03927257070844	29.928554172892806	31.64534559116843	18.365091652867942	14	3654.420331155096	11.634908347132058	16.658326295863677	16.40674902338976	0	0	0	0	1	0	0	0	0	0	0	0	0	0	2	0	0	0	0	1	0	0	0	0	0	0	0	0	0	0
81	4.075514896408613	19	6322.921905923792	34.07551489640861	28.470942915979556	29.56496452046462	0.16628906708677604	4	6422.29463653117	29.833710932913224	28.918399864305457	30.96041018986312	6.596727571885296	14	6664.692708852213	36.596727571885296	30.0098733606854	32.09568943355376	18.165263684387817	14	3686.472742009879	11.834736315612185	16.599502027811827	15.737798658686808	0	0	0	0	1	0	0	0	0	0	0	0	0	0	2	0	0	0	0	1	0	0	0	0	0	0	0	0	0	0
82	0.463414831999021	19	6402.916824087128	29.53658516800098	28.483781979256918	29.650859122263615	1.008783320214647	4	6506.276758023418	31.008783320214647	28.943585207147738	31.328675676813823	2.591945480706819	14	6752.9625611957945	32.59194548070682	30.04098266333626	32.378562056990845	17.616013911800493	14	3720.012704332086	12.383986088199505	16.5487126791418	15.708213624713355	0	0	0	0	1	0	0	0	0	0	0	0	0	0	2	0	0	0	0	1	0	0	0	0	0	0	0	0	0	0
83	0.3525025318153894	19	6483.212129730127	29.64749746818461	28.497635735077488	29.191928556898073	0.21070492060578516	4	6586.956098863444	29.789295079394215	28.953653181817337	31.514068555280744	1.0873712354363043	14	6837.157524958435	31.087371235436304	30.053439670146975	32.580854044214476	18.237782877655384	14	3751.868709038436	11.762217122344614	16.491730589179927	15.721973791192244	0	0	0	0	1	0	0	0	0	0	0	0	0	0	2	0	0	0	0	1	0	0	0	0	0	0	0	0	0	0
84	1.262807947199999	19	6561.042024873127	28.7371920528	28.50045404469775	29.301384583227435	1.7382687487384594	4	6672.913910057944	31.73826874873846	28.98641336495759	31.89622202162979	12.734792859086411	14	6952.897588951794	42.73479285908641	30.20263206060509	33.923699087884096	9.872468559415388	14	3806.380773356686	20.12753144058461	16.53450471684351	16.008305752836257	0	0	0	0	1	0	0	0	0	0	0	0	0	0	2	0	0	0	0	1	0	0	0	0	0	0	0	0	0	0
85	1.2475755941630773	19	6638.913174305602	28.752424405836923	28.50338393261797	29.312565539200172	0.9332960494759384	4	6756.691586858608	30.93329604947594	29.009051535707798	31.446055814500976	0.5847994178248612	14	7035.731420708403	30.58479941782486	30.207075867084388	33.965486269960984	11.83474231823963	14	3855.578346244787	18.16525768176037	16.553466960621613	16.47635932098694	0	0	0	0	1	0	0	0	0	0	0	0	0	0	2	0	0	0	0	1	0	0	0	0	0	0	0	0	0	0
86	0.93640327353231	19	6717.627082106453	29.06359672646769	28.509823160133482	29.37048526309524	1.265811210902399	4	6841.369825554802	31.2658112109024	29.034991302089345	30.950283609185497	0.690987491645906	14	7118.852845164944	30.690987491645906	30.212638069665555	34.11357817477592	10.254193438788928	14	3909.056572348067	19.745806561211072	16.59016051924908	15.553435691411371	0	0	0	0	1	0	0	0	0	0	0	0	0	0	2	0	0	0	0	1	0	0	0	0	0	0	0	0	0	0
87	0.5840237299476954	19	6800.458813041728	30.584023729947695	28.533393621154097	29.91480545958048	0.7051749755136001	4	6924.529674446819	30.7051749755136	29.053970662014624	30.65017598532605	2.0945898544127957	14	7205.775692687312	32.094589854412796	30.234023885401317	34.25885550180554	11.810079274937355	14	3958.3209409784454	18.189920725062645	16.60833961249696	16.20818769373436	0	0	0	0	1	0	0	0	0	0	0	0	0	0	2	0	0	0	0	1	0	0	0	0	0	0	0	0	0	0
88	6.33912947099077	19	6898.877288692328	36.33912947099077	28.621098518343274	31.06608926443525	0.27475961603741084	4	7005.035533820051	29.72524038396259	29.061513018441005	30.393402356047346	2.9297904249599966	14	7294.960541754912	32.92979042496	30.264313397081754	34.40261016974208	0.2755899082641271	14	4040.317330313327	30.275589908264127	16.76190422256176	17.086400521952157	0	0	0	0	1	0	0	0	0	0	0	0	0	0	2	0	0	0	0	1	0	0	0	0	0	0	0	0	0	0
89	2.4619163978584666	19	6973.4595984481275	27.538083602141533	28.609065019274365	30.631005004497815	0.06079040931248869	4	7086.120893128163	29.93920959068751	29.071265202577074	30.443468939125363	2.268627161971196	14	7382.354740318584	32.268627161971196	30.286583550024975	33.9618904068638	17.1015566781216	14	4075.2506143100813	12.8984433218784	16.718976879220836	16.70183975120496	0	0	0	0	1	0	0	0	0	0	0	0	0	0	2	0	0	0	0	1	0	0	0	0	0	0	0	0	0	0
90	1.2219480029261582	19	7058.019040956053	31.22194800292616	28.637778019094714	30.549599552370502	4.218485581256857	4	7155.945828012259	25.781514418743143	29.035114095062415	30.072030471054575	8.475979985414412	14	7486.560519445748	38.47597998541441	30.376576917446837	34.0055611483344	17.53089743581292	14	4109.021100421422	12.469102564187079	16.672274963671015	16.78525917291046	0	0	0	0	1	0	0	0	0	0	0	0	0	0	2	0	0	0	0	1	0	0	0	0	0	0	0	0	0	0
91	2.3587963525277615	19	7132.8806341679565	27.64120364747224	28.626945688968384	29.90616842747686	4.287883282873107	4	7225.582810787811	25.712116717126893	28.99899455834572	29.659871049475942	1.7936505030144048	14	7572.668322891412	31.793650503014405	30.391979891203004	33.52525344144731	1.413379612321485	14	4186.443197304718	28.586620387678515	16.80177871827979	18.460447580117094	0	0	0	0	1	0	0	0	0	0	0	0	0	0	2	0	0	0	0	1	0	0	0	0	0	0	0	0	0	0
92	3.205927057689596	19	7205.447915053381	26.794072942310404	28.607237379864532	29.6319172049078	2.8442047603199967	4	7314.53586534701	32.84420476032	29.040340904603507	29.843413193486477	1.5258157219835056	14	7658.050740471784	31.525815721983506	30.404171674329678	33.41864046557498	1.9033377930240079	14	4262.538324115278	28.096662206975992	16.923229078373296	20.031715191994742	0	0	0	0	1	0	0	0	0	0	0	0	0	0	2	0	0	0	0	1	0	0	0	0	0	0	0	0	0	0
93	5.122551756358895	19	7272.824337379909	24.877448243641105	28.567558772032367	29.15491228245345	3.507999380381534	4	7405.2866970022105	33.507999380381534	29.087869186260722	30.215283623585208	2.229454999981293	14	7745.3388477634	32.22945499998129	30.42358958204938	33.53284884202948	16.599572768772923	14	4298.831147866517	13.400427231227077	16.885752462978125	20.195536202882987	0	0	0	0	1	0	0	0	0	0	0	0	0	0	2	0	0	0	0	1	0	0	0	0	0	0	0	0	0	0
94	4.851048644753725	19	7340.936080633701	25.148951355246275	28.531573430803043	28.796088212698077	4.337174472775388	4	7498.28321119931	34.33717447277539	29.14312503138193	30.47517419598889	2.318783514742158	14	7832.86888644916	32.31878351474216	30.4435389918672	32.49124790759505	11.457718587252923	14	4349.049826692707	18.542281412747077	16.903189609817797	20.037011200099236	0	0	0	0	1	0	0	0	0	0	0	0	0	0	2	0	0	0	0	1	0	0	0	0	0	0	0	0	0	0
95	2.7547270625870794	19	7429.646799761541	32.75472706258708	28.575564614467456	29.196318478373097	4.5472412393759996	4	7567.217766176001	25.452758760624	29.104683716061533	29.92712046710371	7.484481340773421	14	7934.389356747088	37.48448134077342	30.516882141334975	33.18121609988991	18.345728007684922	14	4380.613480005227	11.654271992315078	16.848513384635478	19.385912631154707	0	0	0	0	1	0	0	0	0	0	0	0	0	0	2	0	0	0	0	1	0	0	0	0	0	0	0	0	0	0
96	1.412476090226214	19	7514.722255839237	31.412476090226214	28.60481112452683	29.43120641474895	4.966207087517539	4	7635.017621980641	25.03379291248246	29.062715769632884	29.30391863726171	6.322729843910402	14	8032.7634167410115	36.3227298439104	30.576736241361527	33.74439033511636	17.136411478608	14	4415.452365583997	12.863588521392	16.80743168501441	18.6976908271728	0	0	0	0	1	0	0	0	0	0	0	0	0	0	2	0	0	0	0	1	0	0	0	0	0	0	0	0	0	0
97	0.4407297147766158	19	7597.165898816756	30.440729714776616	28.623544987692643	29.41687701323184	4.644212899362465	4	7703.689545378201	25.355787100637535	29.024889966888033	28.768979849774105	2.9353446483559367	14	8121.9633084969755	32.93534464835594	30.60080367408596	33.82846581451067	17.696529503279258	14	4448.774264845949	12.303470496720742	16.761472897378763	18.109045804338606	0	0	0	0	1	0	0	0	0	0	0	0	0	0	2	0	0	0	0	1	0	0	0	0	0	0	0	0	0	0
98	4.90854905428246	19	7665.121911794741	25.09145094571754	28.587867270096936	28.29210916070452	5.299102065969233	4	7770.587810616201	24.700897934030767	28.981213279687456	28.26654560478092	7.794879991183016	14	8224.32444180643	37.794879991183016	30.673471111632395	34.31497477113298	17.492185097542894	14	4482.649596873437	12.507814902457106	16.718506655005815	16.332268303757907	0	0	0	0	1	0	0	0	0	0	0	0	0	0	2	0	0	0	0	1	0	0	0	0	0	0	0	0	0	0
99	5.263643765966769	19	7732.116209928581	24.73635623403323	28.5493521597363	28.011936423893683	1.8387959079138518	4	7846.857738365601	28.161204092086148	28.973013187811443	28.088745054920786	1.0101286290967408	14	8308.310206843567	31.01012862909674	30.67683768680704	34.189124917845525	13.332317428991999	14	4527.791237169917	16.667682571008	16.717998414165837	16.709192228670865	0	0	0	0	1	0	0	0	0	0	0	0	0	0	2	0	0	0	0	1	0	0	0	0	0	0	0	0	0	0
100	3.82968167127434	19	7802.994155402213	26.17031832872566	28.525797369330252	27.50677345647364	2.1535405440383997	4	7922.2752327254975	27.8464594559616	28.961859190466395	28.295239558642628	0.4742233262968618	14	8390.84456168562	30.474223326296862	30.67483160402971	33.388949251933774	18.25767281435963	14	4559.593373297693	11.742327185640368	16.668734342596277	16.636514690816192	0	0	0	0	1	0	0	0	0	0	0	0	0	0	2	0	0	0	0	1	0	0	0	0	0	0	0	0	0	0
101	3.3218786480160034	19	7875.247400730504	26.678121351983997	28.507682898571954	27.41046522692481	5.295593365593607	4	7989.183000693682	24.704406634406393	28.92011945952463	28.19446855037058	0.09802220754313495	14	8472.360038497716	30.098022207543135	30.669176609946508	33.21938642238665	7.901463902042586	14	4619.44357522966	22.098536097957414	16.721967693139035	15.987706261844087	0	0	0	0	1	0	0	0	0	0	0	0	0	0	2	0	0	0	0	1	0	0	0	0	0	0	0	0	0	0
102	1.932727884793838	19	7951.262929375854	28.067272115206162	28.503407065723746	27.53778514421439	5.422610145417597	4	8055.746764883175	24.577389854582403	28.877957036175673	27.367787059796818	1.229494595091694	14	8556.939919692757	31.229494595091694	30.67461659038481	33.18975430969746	9.973177354422646	14	4673.6828865614325	20.026822645577354	16.754053663551055	15.180722305704222	0	0	0	0	1	0	0	0	0	0	0	0	0	0	2	0	0	0	0	1	0	0	0	0	0	0	0	0	0	0
103	3.3321329643913877	19	8023.488402597293	26.667867035608612	28.485757642357253	27.71682702341114	5.193895290518398	4	8122.9299651380215	24.806104709481602	28.83880460995746	26.497597592706825	2.354582271969605	14	8644.566913346009	32.354582271969605	30.6907701065539	33.202267036896295	11.679218264507078	14	4723.301670428393	18.320781735492922	16.7691183565505	15.672757756130807	0	0	0	0	1	0	0	0	0	0	0	0	0	0	2	0	0	0	0	1	0	0	0	0	0	0	0	0	0	0
104	4.926754645330707	19	8091.395108766189	25.073245354669293	28.453257525331654	27.70925642335344	4.808363929996801	4	8191.157312827613	25.1916360700032	28.80406967148171	25.58304375242961	3.859128679709535	14	8736.268720186888	33.859128679709535	30.72094495010776	33.35630155339304	11.088368053903753	14	4774.520673615737	18.911631946096247	16.789523247879508	15.709692809465722	0	0	0	0	1	0	0	0	0	0	0	0	0	0	2	0	0	0	0	1	0	0	0	0	0	0	0	0	0	0
105	4.552802610541292	19	8160.314601695973	25.447197389458708	28.42489846744606	26.978503456040606	3.485096104608001	4	8262.968510877634	26.514903895392	28.78247376793369	25.689258265906414	2.621356755537228	14	8824.618228066469	32.62135675553723	30.73887336336653	32.86998909486942	15.274592627825722	14	4814.401985248709	14.725407372174278	16.770050456599268	16.01680634745164	0	0	0	0	1	0	0	0	0	0	0	0	0	0	2	0	0	0	0	1	0	0	0	0	0	0	0	0	0	0
106	4.972852816116188	19	8228.096458652324	25.027147183883812	28.393143782552954	26.33997056540636	4.679555642692804	4	8331.54471434534	25.320444357307196	28.750118352881106	25.717923410388885	6.272334564878392	14	8922.855800846348	36.27233456487839	30.790587954034866	32.86494956696622	18.273295909862398	14	4846.161808826165	11.7267040901376	16.722916378408037	15.903117904326203	0	0	0	0	1	0	0	0	0	0	0	0	0	0	2	0	0	0	0	1	0	0	0	0	0	0	0	0	0	0
107	3.423855045074216	19	8300.073517905248	26.576144954925784	28.376319719334187	25.95351208942128	4.603411263579325	4	8400.327142173146	25.396588736420675	28.719067152728694	25.722003573967196	1.6350106115073189	14	9008.533954585846	31.63501061150732	30.798406682344794	32.734916163281355	18.31387193015188	14	4877.811739015337	11.68612806984812	16.676279449625074	15.841383661638938	0	0	0	0	1	0	0	0	0	0	0	0	0	0	2	0	0	0	0	1	0	0	0	0	0	0	0	0	0	0
108	8.159919547752366	19	8403.423300013745	38.15991954775237	28.46607751592518	27.260358949624766	3.7484338758144027	4	8471.425133759481	26.251566124185597	28.69642952861362	25.87707039298268	0.8816550923150785	14	9092.171770460865	30.88165509231508	30.79917042922526	32.04359367339456	17.789585004635075	14	4910.881612961117	12.210414995364925	16.635308216099755	15.81164367092972	0	0	0	0	1	0	0	0	0	0	0	0	0	0	2	0	0	0	0	1	0	0	0	0	0	0	0	0	0	0
109	5.152883597627078	19	8470.717573603504	24.847116402372922	28.433177869438342	27.27143496645873	1.8096844085287387	4	8557.576362365913	31.80968440852874	28.724731845703758	26.24191842462694	1.7718021649004356	14	9178.220401324137	31.771802164900436	30.808012535913214	32.11976102697493	18.20533246921477	14	4942.825504190327	11.79466753078523	16.591302391687805	15.324342166907446	0	0	0	0	1	0	0	0	0	0	0	0	0	0	2	0	0	0	0	1	0	0	0	0	0	0	0	0	0	0
110	3.8570549225132282	19	8541.521383188365	26.14294507748677	28.41254514158292	27.268697641334843	0.9795556790015993	4	8641.47932566321	30.9795556790016	28.74504557393167	26.55522804693094	6.1524217725913815	14	9276.133210291571	36.15242177259138	30.856160366874278	32.687580871604375	15.337082785462151	14	4982.537571646367	14.662917214537849	16.57392955225402	15.616401169797195	0	0	0	0	1	0	0	0	0	0	0	0	0	0	2	0	0	0	0	1	0	0	0	0	0	0	0	0	0	0
111	1.885606801695502	19	8627.878234942957	31.885606801695502	28.443554620691067	27.789446186305998	4.3607274397809235	4	8734.53962914595	34.36072743978092	28.79518559059104	27.520860127468392	13.70611180619077	14	9394.503929766672	43.70611180619077	30.970892076153888	34.048389831469144	17.14878424454769	14	5017.342947650717	12.851215755452309	16.54069103621115	14.691669135546684	0	0	0	0	1	0	0	0	0	0	0	0	0	0	2	0	0	0	0	1	0	0	0	0	0	0	0	0	0	0
112	4.413475349376007	19	8721.081397347516	34.41347534937601	28.496385777582084	28.42406650972298	1.8454467200049223	4	8820.78771401263	31.845446720004922	28.822179051913285	28.247665814010645	8.254199830011693	14	9498.109054306287	38.25419983001169	31.035346127072984	34.75086035496115	17.28716587460234	14	5051.773540073669	12.71283412539766	16.506816196292444	13.960270283528711	0	0	0	0	1	0	0	0	0	0	0	0	0	0	2	0	0	0	0	1	0	0	0	0	0	0	0	0	0	0
113	2.736856529061413	19	8809.743717113724	32.73685652906141	28.533582889437163	29.030965459068263	4.559629489151998	4	8889.68871747951	25.440370510848002	28.792514064710957	28.311092394147288	8.755432020040615	14	9603.071682693897	38.755432020040615	31.103066178765683	35.39094532976825	18.295895352425354	14	5083.472156827517	11.704104647574646	16.464687147619482	13.298602574736886	0	0	0	0	1	0	0	0	0	0	0	0	0	0	2	0	0	0	0	1	0	0	0	0	0	0	0	0	0	0
114	4.05949398272972	19	8879.999254243832	25.94050601727028	28.511034394896583	29.11769152532836	4.650779484057594	4	8958.342856376854	25.349220515942406	28.762572381678186	28.326850838741212	4.861225688755198	14	9697.48750226761	34.8612256887552	31.135745826678633	35.491155030672815	17.417053894999384	14	5117.5509691952275	12.582946105000616	16.430932877683667	12.665733990627325	0	0	0	0	1	0	0	0	0	0	0	0	0	0	2	0	0	0	0	1	0	0	0	0	0	0	0	0	0	0
115	1.0599112275001872	19	8964.119847151645	31.059911227500187	28.53300747103972	29.6789629091325	4.201666365849604	4	9028.213343302677	25.798333634150396	28.73701859937191	28.25519381261705	4.083010401338591	14	9789.795655437902	34.08301040133859	31.161153279908458	35.63732039525295	12.55894451278154	14	5164.787161139778	17.44105548721846	16.439640831214138	12.93729880213174	0	0	0	0	1	0	0	0	0	0	0	0	0	0	2	0	0	0	0	1	0	0	0	0	0	0	0	0	0	0
116	5.445690764298462	19	9030.62110133167	24.55430923570154	28.499001503216316	29.631679114314274	3.2296206998783994	4	9100.716453907173	26.7703793001216	28.720209716472336	28.400187306898488	3.7172232180701528	14	9881.113134986841	33.71722321807015	31.183000031516677	35.381809260572126	18.185382491254156	14	5196.785083559298	11.814617508745844	16.400110717346887	12.946090143992567	0	0	0	0	1	0	0	0	0	0	0	0	0	0	2	0	0	0	0	1	0	0	0	0	0	0	0	0	0	0
117	5.115327830051449	19	9098.017088458613	24.88467216994855	28.468371593612353	29.46253183581655	2.0858212066944013	4	9176.31735480571	27.9141787933056	28.713378945937023	28.651946312586983	3.5609163220541404	14	9972.007283359071	33.56091632205414	31.203151864487335	35.574399831626806	17.81869786725489	14	5229.776110168816	12.18130213274511	16.364358102223143	12.995607550282264	0	0	0	0	1	0	0	0	0	0	0	0	0	0	2	0	0	0	0	1	0	0	0	0	0	0	0	0	0	0
118	5.443426650952613	19	9164.524474612283	24.556573349047387	28.435499339456346	28.102197215946052	2.7252487448064038	4	9250.186472788526	27.274751255193596	28.70128963761145	28.754264825687777	4.147983431763691	14	10064.49140515343	34.14798343176369	31.22789834824596	35.90103266557166	7.4174935719817725	14	5331.115155259599	37.41749357198177	16.541275207011033	15.51631540794395	0	0	0	0	1	0	0	0	0	0	0	0	0	0	2	0	0	0	0	1	0	0	0	0	0	0	0	0	0	0
119	5.295015246835202	19	9231.43380831877	24.704984753164798	28.40441171790392	28.087984051025245	0.02713351504246475	4	9331.509959391766	30.027133515042465	28.71233833659004	28.57600973633915	5.240977545811191	14	10159.935719340003	35.24097754581119	31.261340674892338	36.24795020366274	11.08622702793231	14	5382.339957058949	18.91377297206769	16.561046021719836	16.228225952072194	0	0	0	0	1	0	0	0	0	0	0	0	0	0	2	0	0	0	0	1	0	0	0	0	0	0	0	0	0	0
120	5.26692025550474	19	9298.419232626778	24.73307974449526	28.37407013134682	27.946997517726096	1.1088747396923004	4	9409.756756971765	28.8911252603077	28.713815914472	28.367166694469763	5.7348568579200006	14	10256.717623330203	35.73485685792	31.298311883016535	36.206193712195606	6.401708794866458	14	5480.927918378379	36.40170879486646	16.72501844133262	18.402105110105055	0	0	0	0	1	0	0	0	0	0	0	0	0	0	2	0	0	0	0	1	0	0	0	0	0	0	0	0	0	0
