task	r0_energy	r0_config	r0_reward	r0_rate	r1_energy	r1_config	r1_reward	r1_rate	c0	c1	c2	c3	c4	c5	c6	c7	c8	c9	c10	c11
0	69.364916943358	0	69.364916943358	24.847134427471524	34.675738864898996	0	34.675738864898996	12.421160190411582	2	0	0	0	0	0	0	0	0	0	0	0
1	46.909301290368	1	116.274218233726	16.803331805504957	37.515242813076	1	72.190981677975	13.43829593304215	0	2	0	0	0	0	0	0	0	0	0	0
2	41.550144164984	2	157.82436239871	14.883633730740536	93.699657622125	2	165.89063930010002	33.56405646165672	0	0	2	0	0	0	0	0	0	0	0	0
3	72.392058026204	3	230.21642042491402	25.931483472073072	72.844119450876	3	238.73475875097603	26.093415922701848	0	0	0	2	0	0	0	0	0	0	0	0
4	70.73031318648	4	300.94673361139405	25.33623158918687	73.473679497812	4	312.208438248788	26.318929969365495	0	0	0	0	2	0	0	0	0	0	0	0
5	68.216024226408	0	369.162757837802	24.435590767668536	43.08183719488	3	355.290275443668	15.432299890703282	1	0	0	1	0	0	0	0	0	0	0	0
6	64.639463850388	0	433.80222168819	23.154434812079284	69.95001001665601	3	425.240285460324	25.056720005966334	1	0	0	1	0	0	0	0	0	0	0	0
7	35.099985142848006	0	468.90220683103803	12.573129006393316	83.30675108316	3	508.547036543484	29.84122426859462	1	0	0	1	0	0	0	0	0	0	0	0
8	44.830077162672005	0	513.73228399371	16.058535103046687	92.03715358637798	3	600.584190129862	32.96853262795629	1	0	0	1	0	0	0	0	0	0	0	0
9	34.113738068686	0	547.846022062396	12.219846472365132	69.105713843056	3	669.689903972918	24.754285555721548	1	0	0	1	0	0	0	0	0	0	0	0
10	34.289943660288	0	582.135965722684	12.282964893237493	36.88744786188	3	706.577351834798	13.213414159479402	1	0	0	1	0	0	0	0	0	0	0	0
11	36.773560817664006	0	36.773560817664006	13.172618800357256	58.509815601380005	0	58.509815601380005	20.95873991691224	2	0	0	0	0	0	0	0	0	0	0	0
12	70.011699853312	1	106.785260670976	25.078817857902806	74.27320475025	1	132.78302035163	26.605327074716417	0	2	0	0	0	0	0	0	0	0	0	0
13	34.18215657422401	2	140.9674172452	12.244354593751885	35.582632132104	2	168.365652483734	12.746017480156656	0	0	2	0	0	0	0	0	0	0	0	0
14	35.127276306948005	1	176.09469355214802	12.58290494577242	70.00139007099	3	238.367042554724	25.075124801548657	0	1	0	1	0	0	0	0	0	0	0	0
15	51.151863069216	1	227.24655662136402	18.32305542777887	83.722914999648	4	322.089957554372	29.99029791032167	0	1	0	0	1	0	0	0	0	0	0	0
16	53.79108060942	1	281.037637230784	19.268446785463883	38.43213112737	0	360.522088681742	13.766733538162386	1	1	0	0	0	0	0	0	0	0	0	0
17	89.142751527372	1	370.180388758156	31.93173189040191	70.914829615578	3	431.43691829732	25.4023270264757	0	1	0	1	0	0	0	0	0	0	0	0
18	50.193454012020005	1	420.37384277017605	17.979744720723588	40.64398160679	3	472.08089990411	14.559038187506864	0	1	0	1	0	0	0	0	0	0	0	0
19	50.633776741392005	1	471.00761951156807	18.137472265573255	72.45429897031201	3	544.535198874422	25.953778735634156	0	1	0	1	0	0	0	0	0	0	0	0
20	171.41906783855097	1	642.426687350119	61.40384519589885	70.492278095235	3	615.027476969657	25.25096528784537	0	1	0	1	0	0	0	0	0	0	0	0
21	34.114305580992	1	676.540992931111	12.220049760355343	72.75427505740801	3	687.781752027065	26.06123285638496	0	1	0	1	0	0	0	0	0	0	0	0
22	34.294388534834994	0	34.294388534834994	12.284557087105073	50.343356689984	0	50.343356689984	18.033441202382328	2	0	0	0	0	0	0	0	0	0	0	0
23	34.032698221938	1	68.32708675677299	12.190817273530028	69.25893917183998	1	119.60229586182399	24.809172240659098	0	2	0	0	0	0	0	0	0	0	0	0
24	34.959416455391995	2	103.28650321216497	12.522776043722505	102.810347274368	2	222.412643136192	36.8275870833557	0	0	2	0	0	0	0	0	0	0	0	0
25	134.60714552469602	3	237.893648736861	48.217484964070216	85.93036546624	3	308.343008602432	30.78102643566806	0	0	0	2	0	0	0	0	0	0	0	0
26	35.971240305311994	4	273.864889042173	12.885220407872954	86.15594838528	4	394.498956987712	30.86183225741373	0	0	0	0	2	0	0	0	0	0	0	0
27	33.938494287515994	4	307.803383329689	12.157072580602746	91.091439751488	1	485.5903967392	32.62976946321958	0	1	0	0	1	0	0	0	0	0	0	0
28	59.18201410368	2	366.985397433369	21.19952744012418	39.536144524799994	0	525.126541264	14.16220102380895	1	0	1	0	0	0	0	0	0	0	0	0
29	46.307916723081	2	413.29331415645	16.587910467969312	35.149351481125	0	560.275892745125	12.590812470850748	1	0	1	0	0	0	0	0	0	0	0	0
30	36.121934883452	2	449.415249039902	12.939200555266389	82.68289703909998	0	642.958789784225	29.617754163259693	1	0	1	0	0	0	0	0	0	0	0	0
31	34.160854363194	2	483.576103403096	12.236723950994863	67.40179337385	1	710.360583158075	24.143925984662687	0	1	1	0	0	0	0	0	0	0	0	0
32	44.87958126428	2	528.455684667376	16.076267915562983	41.147432802	0	751.508015960075	14.739378914149256	1	0	1	0	0	0	0	0	0	0	0	0
33	35.26974036589001	0	35.26974036589001	12.633936847482987	35.53882604074	0	787.046842000815	12.730325745936714	2	0	0	0	0	0	0	0	0	0	0	0
34	37.624990671127996	1	72.894731037018	13.477608598613013	67.792963779655	0	854.83980578047	24.284046727040593	1	1	0	0	0	0	0	0	0	0	0	0
35	63.1238406812	2	136.018571718218	22.611525020131346	33.68836280672999	0	33.68836280672999	12.067473244201787	1	0	1	0	0	0	0	0	0	0	0	0
36	51.55566512468401	2	187.574236842902	18.467700940185317	79.03053309799999	1	112.71889590472998	28.3094446918209	0	1	1	0	0	0	0	0	0	0	0	0
37	50.09004611892001	2	237.664282961822	17.94270308737433	36.0485828726	2	148.76747877732998	12.912925208095524	0	0	2	0	0	0	0	0	0	0	0	0
38	50.187108483850004	0	287.851391445672	17.97747169570746	66.7912755552	3	215.55875433253	23.925233034698508	1	0	0	1	0	0	0	0	0	0	0	0
39	40.684535953600005	2	328.535927399272	14.573565117707467	68.60898210190499	4	284.16773643443497	24.576351797697306	0	0	1	0	1	0	0	0	0	0	0	0
40	34.49501770274	2	363.03094510201197	12.356424251727761	68.1345780192	3	352.30231445363495	24.406416006877613	0	0	1	1	0	0	0	0	0	0	0	0
41	38.62822303493999	2	401.65916813695196	13.836975415500895	35.844609839115	3	388.14692429274993	12.839860240877016	0	0	1	1	0	0	0	0	0	0	0	0
42	34.065827193552	0	435.724995330504	12.202684367839522	103.58349740707501	3	491.73042169982494	37.104536384623884	1	0	0	1	0	0	0	0	0	0	0	0
43	40.62905601077399	2	476.35405134127797	14.553691705351877	85.01897230029002	3	576.749394000115	30.454557241894932	0	0	1	1	0	0	0	0	0	0	0	0
44	36.200954274177	0	36.200954274177	12.967506008660418	83.85493788157498	4	660.60433188169	30.03758968892238	1	0	0	0	1	0	0	0	0	0	0	0
45	81.07917935039998	1	117.28013362457699	29.04328812551641	36.02708599308	3	696.63141787477	12.90522483334209	0	1	0	1	0	0	0	0	0	0	0	0
46	34.133467808979006	2	151.41360143355598	12.22691384202233	35.429614997251996	0	35.429614997251996	12.69120537214997	1	0	1	0	0	0	0	0	0	0	0	0
47	35.624368827431994	3	187.03797026098798	12.760967938184594	49.316518754819995	1	84.74613375207198	17.665618658442984	0	1	0	1	0	0	0	0	0	0	0	0
48	68.048259327048	4	255.08622958803596	24.375495878345557	69.791371478784	2	154.53750523085597	24.99989426105695	0	0	1	0	1	0	0	0	0	0	0	0
49	68.07953976038401	4	323.16576934842	24.386700809689795	68.81502975190001	3	223.35253498275597	24.650159911128362	0	0	0	1	1	0	0	0	0	0	0	0
50	104.158687986523	4	427.32445733494296	37.31057480114257	71.17100542115999	4	294.52354040391594	25.49409149414686	0	0	0	0	2	0	0	0	0	0	0	0
51	69.789547082808	4	497.11400441775095	24.999240746080474	68.19322678703998	3	362.7167671909559	24.427424520730735	0	0	0	1	1	0	0	0	0	0	0	0
52	67.13978974487	4	564.2537941626209	24.050073938460898	68.00716459277999	3	430.7239317837359	24.360775376518202	0	0	0	1	1	0	0	0	0	0	0	0
53	69.56091945845098	4	633.8147136210719	24.91734428362423	79.082004569848	3	509.8059363535839	28.327882233975398	0	0	0	1	1	0	0	0	0	0	0	0
54	70.3322890727	4	704.1470026937718	25.19365578723582	69.735528145616	2	579.5414644992	24.979890679026624	0	0	1	0	1	0	0	0	0	0	0	0
55	82.145953129038	0	82.145953129038	29.42541604622257	34.979232408663	2	614.520696907863	12.529874295640479	1	0	1	0	0	0	0	0	0	0	0	0
56	69.51596354599401	1	151.66191667503202	24.901240673191882	68.36247267025801	2	682.883169578121	24.488049911734212	0	1	1	0	0	0	0	0	0	0	0	0
57	82.5718913712	2	234.233808046232	29.577990938937305	36.465243677854	0	719.3484132559751	13.062176839828298	1	0	1	0	0	0	0	0	0	0	0	0
58	58.826694176249994	1	293.060502222482	21.072248660149256	37.98991221142	2	757.3383254673951	13.608326762299702	0	1	1	0	0	0	0	0	0	0	0	0
59	47.281577920500006	1	340.342080142982	16.93668462823881	52.36634883737399	0	809.704674304769	18.758095105925012	1	1	0	0	0	0	0	0	0	0	0	0
60	67.3766937459	1	407.718773888882	24.13493507315821	50.284159630092	2	859.988833934861	18.01223628540609	0	1	1	0	0	0	0	0	0	0	0	0
61	67.5315909345	1	475.25036482338203	24.19042063325373	117.630150928416	2	977.618984863277	42.13617346689528	0	1	1	0	0	0	0	0	0	0	0	0
62	36.5541253385	1	511.80449016188203	13.094015046626867	70.11625042422	2	1047.735235287497	25.11626880867582	0	1	1	0	0	0	0	0	0	0	0	0
63	67.069115883	1	578.8736060448821	24.024757928238806	68.46819298109999	2	1116.203428268597	24.525919873826865	0	1	1	0	0	0	0	0	0	0	0	0
64	68.38688130119999	1	647.2604873460821	24.496793301922388	36.29322062982	2	1152.496648898417	13.000556643517612	0	1	1	0	0	0	0	0	0	0	0	0
65	34.875977689280006	1	682.1364650353621	12.49288753048836	49.419634446764995	0	49.419634446764995	17.70255562272179	1	1	0	0	0	0	0	0	0	0	0	0
66	35.42615391203	0	35.42615391203	12.689965580428659	65.72918231879999	1	115.14881676556499	23.54478172613731	1	1	0	0	0	0	0	0	0	0	0	0
67	50.330447376165	1	85.756601288195	18.028816970566567	68.41769608608	2	183.56651285164497	24.5078314338197	0	1	1	0	0	0	0	0	0	0	0	0
68	68.58732506520701	2	154.34392635340203	24.56859405320848	70.158475204488	3	253.724988056133	25.13139410310018	0	0	1	1	0	0	0	0	0	0	0	0
69	67.917605655559	3	222.261532008961	24.328694563185312	67.91992132062401	4	321.644909376757	24.3295240551489	0	0	0	1	1	0	0	0	0	0	0	0
70	79.49367189504	4	301.755203904001	28.475345156432237	75.9750377408	1	397.61994711755705	27.21493889222687	0	1	0	0	1	0	0	0	0	0	0	0
71	68.14755573314399	3	369.902759637145	24.41106474023068	67.35007466075201	4	464.97002177830905	24.12539987847833	0	0	0	1	1	0	0	0	0	0	0	0
72	72.863757592821	3	442.766517229966	26.10045048101051	68.87129466302399	4	533.841316441333	24.670314506157844	0	0	0	1	1	0	0	0	0	0	0	0
73	67.80808135027802	2	510.574598580244	24.289461976218988	79.04040371136001	4	612.881720152693	28.312980433920007	0	0	1	0	1	0	0	0	0	0	0	0
74	59.76621985700999	2	570.340818437254	21.408795172660298	68.491758208064	2	681.373478360757	24.534361149157252	0	0	2	0	0	0	0	0	0	0	0	0
75	84.21388721234999	3	654.554705649604	30.16616855367761	66.841738061888	2	748.215216422645	23.943309156497193	0	0	1	1	0	0	0	0	0	0	0	0
76	85.66228698929999	2	740.216992638904	30.684998324525367	43.324568491328	2	791.539784913973	15.51924841480406	0	0	2	0	0	0	0	0	0	0	0	0
77	80.12022080496001	1	820.337213443864	28.69978058685135	83.28393763452	2	874.823722548493	29.833052286992242	0	1	1	0	0	0	0	0	0	0	0	0
78	72.827825741568	1	893.1650391854321	26.087579370113907	96.94246987089001	2	971.7661924193831	34.72566084927403	0	1	1	0	0	0	0	0	0	0	0	0
79	82.10434785534	1	975.269387040772	29.4105126645994	56.48295321756	3	1028.249145636943	20.232699660021492	0	1	0	1	0	0	0	0	0	0	0	0
80	68.55512009460801	2	1043.82450713538	24.5570579443372	72.053929768608	3	1100.303075405551	25.81036290218794	0	0	1	1	0	0	0	0	0	0	0	0
81	35.733740220512004	2	1079.558247355892	12.800145750631167	68.22948983994002	3	1168.532565245491	24.440414271023293	0	0	1	1	0	0	0	0	0	0	0	0
82	68.17155572102402	2	1147.7298030769161	24.419661750814573	68.269600427148	3	1236.802165672639	24.454782242560483	0	0	1	1	0	0	0	0	0	0	0	0
83	67.733266201984	2	1215.4630692789	24.26266252011367	88.564772459464	3	1325.3669381321029	31.724694612345306	0	0	1	1	0	0	0	0	0	0	0	0
84	34.90036818368	2	1250.3634374625801	12.501624424004778	64.72238912412	2	1390.0893272562228	23.184139387744477	0	0	2	0	0	0	0	0	0	0	0	0
85	87.70726528819199	2	1338.0707027507722	31.41752786442698	82.828951177392	2	1472.9182784336147	29.670072063543405	0	0	2	0	0	0	0	0	0	0	0	0
86	35.249216769179995	2	1373.3199195199522	12.62658511134806	71.65668319488	0	1544.5749616284947	25.66806562204657	1	0	1	0	0	0	0	0	0	0	0	0
87	71.62218384138	2	1444.9421033613323	25.65570764467343	91.561526017392	0	1636.1364876458867	32.79815857339415	1	0	1	0	0	0	0	0	0	0	0	0
88	37.853808899789996	0	37.853808899789996	13.559573337238207	88.7413806324	3	1724.8778682782868	31.78795724145671	1	0	0	1	0	0	0	0	0	0	0	0
89	41.41560985052399	1	79.26941875031399	14.835442334516054	72.08352988683001	4	1796.9613981651169	25.82096592961075	0	1	0	0	1	0	0	0	0	0	0	0
90	86.294452522954	2	165.56387127326798	30.911445679864126	81.46629589868	1	1878.427694063797	29.181956739825672	0	1	1	0	0	0	0	0	0	0	0	0
91	80.77474131714	1	246.338612590408	28.93423569569194	144.817166712218	0	2023.244860776015	51.87480598646615	1	1	0	0	0	0	0	0	0	0	0	0
92	83.434890284928	1	329.773502875336	29.887124878183158	80.95810665003602	0	2104.202967426051	28.999918800012903	1	1	0	0	0	0	0	0	0	0	0	0
93	82.35270940082401	1	412.12621227616	29.499477994325016	149.480535710044	4	2253.683503136095	53.545266523000834	0	1	0	0	1	0	0	0	0	0	0	0
94	64.759217101452	1	476.885429377612	23.19733149902758	92.13302920436999	2	2345.816532340465	33.00287613290865	0	1	1	0	0	0	0	0	0	0	0	0
95	92.905504558416	1	569.7909339360281	33.27958372241768	93.28125898453601	3	2439.0977913250013	33.41418232281887	0	1	0	1	0	0	0	0	0	0	0	0
96	107.58560197535999	1	677.376535911388	38.53812608072597	91.55477207817599	2	2530.6525634031773	32.79573925188394	0	1	1	0	0	0	0	0	0	0	0	0
97	33.282040443795005	1	710.6585763551831	11.921924935090747	55.55840029811999	1	2586.2109637012973	19.901516524699698	0	2	0	0	0	0	0	0	0	0	0	0
98	72.24182901129599	1	782.900405366479	25.877670093598564	72.34270380013999	1	2658.5536675014373	25.913804346318802	0	2	0	0	0	0	0	0	0	0	0	0
99	101.69081066376002	0	101.69081066376002	36.426559043734926	71.766966332376	1	2730.320633833813	25.70757002950782	1	1	0	0	0	0	0	0	0	0	0	0
100	67.522340103075	1	169.213150766835	24.187106902594028	127.965067486754	1	2858.285701320567	45.83823312958352	0	2	0	0	0	0	0	0	0	0	0	0
101	71.58183056739	2	240.794981334225	25.641252740557615	35.744254970831996	3	2894.0299562913992	12.80391222835773	0	0	1	1	0	0	0	0	0	0	0	0
102	68.32625960159999	3	309.12124093582497	24.47507806624477	72.84948559047899	3	2966.8794418818784	26.09533812196262	0	0	0	2	0	0	0	0	0	0	0	0
103	74.135528997894	4	383.25676993371894	26.556010387305314	77.15213194045499	3	3044.0315738223335	27.63658457568537	0	0	0	1	1	0	0	0	0	0	0	0
104	32.45818977072	1	415.7149597044389	11.626814246228058	74.94245307407999	2	3118.9740268964133	26.845057817580894	0	1	1	0	0	0	0	0	0	0	0	0
105	69.77412114749998	3	485.48908085193887	24.993715037910444	76.946610607536	3	3195.9206375039494	27.562964993744245	0	0	0	2	0	0	0	0	0	0	0	0
106	74.058081447168	3	559.5471622991068	26.5282679810751	74.47394642750399	3	3270.3945839314533	26.67723454119546	0	0	0	2	0	0	0	0	0	0	0	0
107	33.306430683162	1	592.8535929822689	11.93066173725206	96.99417784584003	3	3367.3887617772934	34.74418310895762	0	1	0	1	0	0	0	0	0	0	0	0
108	72.77254073909401	3	665.6261337213629	26.067775787138153	69.54910337971201	3	3436.9378651570055	24.9131116584043	0	0	0	2	0	0	0	0	0	0	0	0
109	69.186991707895	3	734.8131254292579	24.783400014768365	73.39425640511999	3	3510.3321215621254	26.290479906311635	0	0	0	2	0	0	0	0	0	0	0	0
110	55.16007827400001	3	789.9732037032579	19.75883400859702	91.91790819306	3	3602.2500297551856	32.925817860200596	0	0	0	2	0	0	0	0	0	0	0	0
111	87.031568825025	3	877.004772528283	31.17548734030746	35.065426183119996	3	3637.3154559383056	12.560749677535519	0	0	0	2	0	0	0	0	0	0	0	0
112	47.99520898139	0	47.99520898139	17.192313664975522	105.320609883216	3	3742.6360658215217	37.72678562980871	1	0	0	1	0	0	0	0	0	0	0	0
113	87.53862748930999	1	135.53383647069998	31.357120294678204	89.43190461979201	3	3832.0679704413137	32.03530911753744	0	1	0	1	0	0	0	0	0	0	0	0
114	78.4374501525	2	213.9712866232	28.09699706955224	88.05033659520002	3	3920.1183070365137	31.540419078877623	0	0	1	1	0	0	0	0	0	0	0	0
115	64.98406759074	3	278.95535421394	23.277874957877014	44.466398590464	2	3964.5847056269777	15.928262181658749	0	0	1	1	0	0	0	0	0	0	0	0
116	33.401679741669994	4	312.35703395560995	11.964780802986269	32.968077550208	2	3997.5527831771856	11.809460614999882	0	0	1	0	1	0	0	0	0	0	0	0
