83.48906741794201
66.41333169033601
71.30455153869599
65.32064935771199
68.93442243588
83.15228208427999
66.11550266041598
69.498188538336
77.033026884672
72.36001690955999
66.330653181916
65.332280923416
74.017059791868
69.0717385854
74.414138011632
64.835325152136
71.41835614567499
69.06290257805401
69.22238649895799
72.892738808043
64.005578040941
68.004799520256
65.92339432245599
71.3039786161
75.07702356559201
73.74419789154
68.29651476859199
66.156699854232
80.50805785368
77.427648836064
63.49506767424
65.00402146444799
70.910298983952
76.56774340403999
70.1066804094
63.06340094627999
63.912398649204
63.912398649204
77.09241444652
66.748064303475
72.853356583537
66.015755913027
82.78485085944001
75.11752773512
63.840246412712006
67.146904287008
75.775479990392
66.15485123121
64.998632468952
73.419054854796
81.08666995295998
28.890897473927996
28.744705859815994
61.23476878334999
61.515668776796005
42.47850597867
42.736533672987996
46.662681917078004
46.494297080448
46.703489202031996
63.07304901245399
63.94490747589599
75.716392835
63.26816843111
29.001310308450005
29.003242762910002
34.71361940278499
29.375945809727998
29.675641687373
85.8069618897
41.632960869975996
33.718203828659995
30.26246944076
33.881547168257995
30.10561100547
31.132715226535996
32.6704021576
62.88225411468
77.91376773756001
46.877489283732004
46.974691700452006
46.497157565844006
45.87446303160001
33.145335513275995
32.972790471852
81.47245576316
42.14373345718
29.143007212632003
29.746177798608
81.65710663344
42.534391520544
92.561743393656
81.71589806208
43.129478302200006
30.1328602872
37.1682602391
45.298517451264
30.938394923976002
51.296608393908
74.91918185904001
74.565757765272
36.284805456983996
