count	5000ms	500ms
0	1.0	1.0
1	1.0	1.0
2	1.0	1.0
3	1.0	1.0
4	1.0	1.0
5	1.0	1.0
6	1.0	1.0
7	1.0	1.0
8	1.0	1.0
9	1.0	1.0
10	1.0	1.0
11	1.0	1.0
12	1.0	1.0
13	1.0	1.0
14	1.0	1.0
15	1.0	1.0
16	1.0	1.0
17	1.0	1.0
18	0.99	1.0
19	0.99	1.0
20	0.99	1.0
21	0.99	1.0
22	0.99	1.0
23	0.99	1.0
24	0.99	1.0
25	0.99	1.0
26	0.99	1.0
27	0.99	1.0
28	0.99	1.0
29	0.99	1.0
30	0.99	1.0
31	0.99	1.0
32	0.99	1.0
33	0.99	1.0
34	0.99	1.0
35	0.99	1.0
36	0.99	1.0
37	0.99	1.0
38	0.99	1.0
39	0.99	0.99
40	0.99	0.99
41	0.99	0.99
42	0.99	0.99
43	0.99	0.99
44	0.99	0.99
45	0.99	0.99
46	0.98	0.99
47	0.98	0.99
48	0.98	0.99
49	0.98	0.99
50	0.98	0.99
51	0.98	0.99
52	0.98	0.99
53	0.98	0.99
54	0.98	0.99
55	0.98	0.99
56	0.98	0.99
57	0.98	0.99
58	0.98	0.99
59	0.98	0.99
60	0.98	0.99
61	0.98	0.99
62	0.98	0.99
63	0.98	0.99
64	0.98	0.99
65	0.98	0.99
66	0.98	0.98
67	0.98	0.98
68	0.98	0.98
69	0.98	0.98
70	0.98	0.98
71	0.98	0.98
72	0.98	0.98
73	0.98	0.98
74	0.98	0.98
75	0.98	0.98
76	0.98	0.98
77	0.98	0.98
78	0.98	0.98
79	0.98	0.98
80	0.98	0.98
81	0.98	0.98
82	0.98	0.98
83	0.98	0.98
84	0.98	0.98
85	0.98	0.98
86	0.98	0.98
87	0.98	0.98
88	0.98	0.98
89	0.98	0.98
90	0.98	0.98
91	0.98	0.98
92	0.98	0.98
93	0.98	0.98
94	0.97	0.98
95	0.97	0.98
96	0.97	0.98
97	0.97	0.98
98	0.97	0.98
99	0.97	0.98
100	0.97	0.98
101	0.97	0.97
102	0.97	0.97
103	0.97	0.97
104	0.97	0.97
105	0.97	0.97
106	0.97	0.97
107	0.97	0.97
108	0.97	0.97
109	0.97	0.97
110	0.97	0.97
111	0.97	0.97
112	0.97	0.97
113	0.97	0.97
114	0.97	0.97
115	0.97	0.97
116	0.97	0.97
117	0.97	0.97
118	0.97	0.97
119	0.97	0.97
120	0.97	0.97
121	0.97	0.97
122	0.97	0.97
123	0.97	0.97
124	0.97	0.97
125	0.97	0.97
126	0.97	0.97
127	0.97	0.97
128	0.97	0.97
129	0.97	0.97
130	0.97	0.97
131	0.97	0.97
132	0.97	0.97
133	0.97	0.97
134	0.97	0.97
135	0.97	0.97
136	0.97	0.97
137	0.97	0.97
138	0.97	0.97
139	0.97	0.96
140	0.97	0.96
141	0.97	0.96
142	0.97	0.96
143	0.96	0.96
144	0.96	0.96
145	0.96	0.96
146	0.96	0.96
147	0.96	0.96
148	0.96	0.96
149	0.96	0.96
150	0.96	0.96
151	0.96	0.96
152	0.96	0.96
153	0.96	0.96
154	0.96	0.96
155	0.96	0.96
156	0.96	0.96
157	0.96	0.96
158	0.96	0.96
159	0.96	0.96
160	0.96	0.96
161	0.96	0.96
162	0.96	0.96
163	0.96	0.95
164	0.96	0.95
165	0.96	0.95
166	0.96	0.95
167	0.96	0.95
168	0.96	0.95
169	0.96	0.95
170	0.96	0.95
171	0.96	0.95
172	0.96	0.95
173	0.96	0.95
174	0.96	0.95
175	0.96	0.95
176	0.96	0.95
177	0.96	0.95
178	0.96	0.95
179	0.95	0.95
180	0.95	0.95
181	0.95	0.95
182	0.95	0.95
183	0.95	0.95
184	0.95	0.95
185	0.95	0.95
186	0.95	0.95
187	0.95	0.95
188	0.95	0.95
189	0.95	0.95
190	0.95	0.95
191	0.95	0.95
192	0.95	0.95
193	0.95	0.95
194	0.95	0.95
195	0.95	0.95
196	0.95	0.95
197	0.95	0.95
198	0.95	0.95
199	0.95	0.94
200	0.95	0.94
201	0.95	0.94
202	0.95	0.94
203	0.95	0.94
204	0.95	0.94
205	0.95	0.94
206	0.95	0.94
207	0.95	0.94
208	0.95	0.94
209	0.95	0.94
210	0.95	0.93
211	0.95	0.93
212	0.95	0.93
213	0.95	0.93
214	0.95	0.93
215	0.95	0.93
216	0.95	0.93
217	0.95	0.93
218	0.95	0.93
219	0.95	0.93
220	0.95	0.93
221	0.95	0.93
222	0.95	0.93
223	0.94	0.93
224	0.94	0.93
225	0.94	0.93
226	0.94	0.93
227	0.94	0.93
228	0.94	0.93
229	0.94	0.93
230	0.94	0.93
231	0.94	0.93
232	0.94	0.93
233	0.94	0.93
234	0.94	0.93
235	0.94	0.93
236	0.94	0.93
237	0.94	0.93
238	0.94	0.93
239	0.94	0.93
240	0.94	0.93
241	0.94	0.93
242	0.94	0.93
243	0.94	0.93
244	0.94	0.93
245	0.94	0.93
246	0.94	0.93
247	0.94	0.93
248	0.94	0.93
249	0.94	0.93
250	0.94	0.93
251	0.94	0.93
252	0.94	0.93
253	0.94	0.93
254	0.94	0.92
255	0.94	0.92
256	0.94	0.92
257	0.94	0.92
258	0.93	0.92
259	0.93	0.92
260	0.93	0.92
261	0.93	0.92
262	0.93	0.92
263	0.93	0.92
264	0.93	0.92
265	0.93	0.92
266	0.93	0.92
267	0.93	0.92
268	0.93	0.92
269	0.93	0.91
270	0.93	0.91
271	0.93	0.91
272	0.93	0.91
273	0.93	0.91
274	0.93	0.91
275	0.93	0.91
276	0.93	0.91
277	0.93	0.91
278	0.93	0.91
279	0.93	0.91
280	0.93	0.91
281	0.93	0.91
282	0.93	0.91
283	0.93	0.91
284	0.93	0.91
285	0.93	0.91
286	0.93	0.91
287	0.93	0.91
288	0.93	0.91
289	0.93	0.91
290	0.93	0.91
291	0.93	0.91
292	0.93	0.91
293	0.93	0.91
294	0.93	0.91
295	0.93	0.91
296	0.93	0.91
297	0.93	0.91
298	0.93	0.91
299	0.93	0.91
300	0.93	0.91
301	0.93	0.91
302	0.93	0.91
303	0.93	0.91
304	0.93	0.9
305	0.93	0.9
306	0.93	0.9
307	0.93	0.9
308	0.93	0.9
309	0.93	0.9
310	0.93	0.9
311	0.93	0.9
312	0.93	0.9
313	0.93	0.9
314	0.93	0.9
315	0.93	0.9
316	0.93	0.9
317	0.92	0.9
318	0.92	0.9
319	0.92	0.9
320	0.92	0.9
321	0.92	0.9
322	0.92	0.9
323	0.92	0.9
324	0.92	0.9
325	0.92	0.9
326	0.92	0.9
327	0.92	0.9
328	0.92	0.9
329	0.92	0.9
330	0.92	0.9
331	0.92	0.9
332	0.92	0.9
333	0.92	0.9
334	0.92	0.9
335	0.92	0.9
336	0.92	0.9
337	0.92	0.9
338	0.92	0.9
339	0.92	0.9
340	0.92	0.89
341	0.92	0.89
342	0.92	0.89
343	0.92	0.89
344	0.92	0.89
345	0.92	0.89
346	0.92	0.89
347	0.92	0.89
348	0.92	0.89
349	0.92	0.89
350	0.91	0.89
351	0.91	0.89
352	0.91	0.89
353	0.91	0.89
354	0.91	0.89
355	0.91	0.89
356	0.91	0.89
357	0.91	0.89
358	0.91	0.89
359	0.91	0.89
360	0.91	0.89
361	0.91	0.89
362	0.91	0.89
363	0.91	0.88
364	0.91	0.88
365	0.91	0.88
366	0.91	0.88
367	0.91	0.88
368	0.91	0.88
369	0.91	0.88
370	0.91	0.88
371	0.91	0.88
372	0.91	0.88
373	0.91	0.88
374	0.91	0.88
375	0.91	0.88
376	0.91	0.88
377	0.91	0.88
378	0.91	0.88
379	0.91	0.88
380	0.91	0.88
381	0.91	0.88
382	0.91	0.88
383	0.91	0.88
384	0.91	0.88
385	0.91	0.88
386	0.91	0.88
387	0.91	0.88
388	0.91	0.88
389	0.91	0.88
390	0.91	0.88
391	0.91	0.88
392	0.91	0.88
393	0.91	0.88
394	0.91	0.88
395	0.91	0.88
396	0.9	0.88
397	0.9	0.88
398	0.9	0.87
399	0.9	0.87
400	0.9	0.87
401	0.9	0.87
402	0.9	0.87
403	0.9	0.87
404	0.9	0.87
405	0.9	0.87
406	0.9	0.87
407	0.9	0.87
408	0.9	0.87
409	0.9	0.87
410	0.9	0.87
411	0.9	0.87
412	0.9	0.87
413	0.9	0.87
414	0.9	0.87
415	0.9	0.87
416	0.9	0.87
417	0.9	0.87
418	0.9	0.87
419	0.9	0.87
420	0.9	0.87
421	0.9	0.87
422	0.9	0.86
423	0.9	0.86
424	0.9	0.86
425	0.9	0.86
426	0.9	0.86
427	0.9	0.86
428	0.9	0.86
429	0.9	0.86
430	0.9	0.86
431	0.9	0.86
432	0.9	0.86
433	0.9	0.86
434	0.9	0.86
435	0.9	0.86
436	0.9	0.86
437	0.9	0.86
438	0.9	0.86
439	0.9	0.86
440	0.9	0.86
441	0.9	0.86
442	0.9	0.86
443	0.9	0.86
444	0.9	0.86
445	0.9	0.86
446	0.9	0.86
447	0.9	0.86
448	0.9	0.86
449	0.9	0.86
450	0.9	0.86
451	0.9	0.86
452	0.9	0.86
453	0.9	0.86
454	0.9	0.86
455	0.9	0.86
456	0.89	0.86
457	0.89	0.86
458	0.89	0.86
459	0.89	0.86
460	0.89	0.86
461	0.89	0.86
462	0.89	0.86
463	0.89	0.86
464	0.89	0.86
465	0.89	0.86
466	0.89	0.86
467	0.89	0.85
468	0.89	0.85
469	0.89	0.85
470	0.89	0.85
471	0.89	0.85
472	0.89	0.85
473	0.89	0.85
474	0.89	0.85
475	0.89	0.85
476	0.89	0.85
477	0.89	0.85
478	0.89	0.85
479	0.89	0.85
480	0.89	0.85
481	0.88	0.84
482	0.88	0.84
483	0.88	0.84
484	0.88	0.84
485	0.88	0.84
486	0.88	0.84
487	0.88	0.84
488	0.88	0.84
489	0.88	0.84
490	0.88	0.84
491	0.88	0.84
492	0.88	0.84
493	0.88	0.84
494	0.88	0.84
495	0.88	0.84
496	0.88	0.84
497	0.88	0.84
498	0.88	0.84
499	0.88	0.84
500	0.88	0.84
501	0.88	0.84
502	0.88	0.84
503	0.88	0.84
504	0.88	0.84
505	0.88	0.84
506	0.88	0.84
507	0.88	0.84
508	0.88	0.84
509	0.88	0.84
510	0.88	0.84
511	0.88	0.84
512	0.88	0.84
513	0.88	0.83
514	0.88	0.83
515	0.88	0.83
516	0.88	0.83
517	0.88	0.83
518	0.88	0.83
519	0.88	0.83
520	0.88	0.83
521	0.88	0.83
522	0.88	0.83
523	0.88	0.83
524	0.88	0.83
525	0.88	0.83
526	0.88	0.83
527	0.88	0.83
528	0.88	0.83
529	0.88	0.83
530	0.87	0.83
531	0.87	0.83
532	0.87	0.83
533	0.87	0.83
534	0.87	0.83
535	0.87	0.82
536	0.87	0.82
537	0.87	0.82
538	0.87	0.82
539	0.87	0.82
540	0.87	0.82
541	0.87	0.82
542	0.87	0.82
543	0.87	0.82
544	0.87	0.82
545	0.87	0.82
546	0.87	0.82
547	0.87	0.82
548	0.87	0.82
549	0.87	0.82
550	0.87	0.82
551	0.87	0.82
552	0.87	0.82
553	0.87	0.82
554	0.87	0.82
555	0.87	0.82
556	0.87	0.82
557	0.87	0.82
558	0.87	0.82
559	0.87	0.82
560	0.87	0.82
561	0.87	0.82
562	0.87	0.82
563	0.87	0.82
564	0.87	0.82
565	0.87	0.82
566	0.86	0.82
567	0.86	0.82
568	0.86	0.82
569	0.86	0.82
570	0.86	0.82
571	0.86	0.81
572	0.86	0.81
573	0.86	0.81
574	0.86	0.81
575	0.86	0.81
576	0.86	0.81
577	0.86	0.81
578	0.86	0.81
579	0.86	0.81
580	0.86	0.81
581	0.86	0.81
582	0.86	0.81
583	0.86	0.81
584	0.86	0.81
585	0.86	0.81
586	0.86	0.81
587	0.86	0.81
588	0.86	0.81
589	0.86	0.81
590	0.86	0.81
591	0.86	0.81
592	0.86	0.81
593	0.86	0.81
594	0.86	0.81
595	0.86	0.81
596	0.86	0.81
597	0.86	0.81
598	0.86	0.81
599	0.86	0.81
600	0.86	0.8
601	0.86	0.8
602	0.86	0.8
603	0.86	0.8
604	0.86	0.8
605	0.86	0.8
606	0.86	0.8
607	0.86	0.8
608	0.86	0.8
609	0.86	0.8
610	0.86	0.8
611	0.86	0.8
612	0.86	0.8
613	0.86	0.8
614	0.86	0.8
615	0.86	0.8
616	0.86	0.8
617	0.86	0.8
618	0.86	0.8
619	0.86	0.8
620	0.86	0.8
621	0.85	0.8
622	0.85	0.8
623	0.85	0.8
624	0.85	0.8
625	0.85	0.79
626	0.85	0.79
627	0.85	0.79
628	0.85	0.79
629	0.85	0.79
630	0.85	0.79
631	0.85	0.79
632	0.85	0.79
633	0.85	0.79
634	0.85	0.79
635	0.85	0.79
636	0.85	0.79
637	0.85	0.79
638	0.85	0.79
639	0.85	0.79
640	0.85	0.79
641	0.85	0.79
642	0.85	0.79
643	0.85	0.79
644	0.85	0.79
645	0.85	0.79
646	0.85	0.79
647	0.85	0.79
648	0.85	0.79
649	0.85	0.79
650	0.85	0.79
651	0.85	0.79
652	0.85	0.79
653	0.85	0.79
654	0.85	0.79
655	0.85	0.79
656	0.84	0.79
657	0.84	0.79
658	0.84	0.79
659	0.84	0.79
660	0.84	0.79
661	0.84	0.78
662	0.84	0.78
663	0.84	0.78
664	0.84	0.78
665	0.84	0.78
666	0.84	0.78
667	0.84	0.78
668	0.84	0.78
669	0.84	0.78
670	0.84	0.78
671	0.84	0.78
672	0.84	0.78
673	0.84	0.78
674	0.84	0.78
675	0.84	0.78
676	0.84	0.78
677	0.84	0.78
678	0.84	0.78
679	0.84	0.78
680	0.84	0.78
681	0.84	0.78
682	0.84	0.78
683	0.84	0.78
684	0.84	0.78
685	0.84	0.78
686	0.84	0.78
687	0.84	0.78
688	0.84	0.78
689	0.84	0.78
690	0.84	0.78
691	0.84	0.78
692	0.84	0.78
693	0.84	0.77
694	0.84	0.77
695	0.84	0.77
696	0.84	0.77
697	0.84	0.77
698	0.84	0.77
699	0.84	0.77
700	0.83	0.77
701	0.83	0.77
702	0.83	0.77
703	0.83	0.77
704	0.83	0.77
705	0.83	0.77
706	0.83	0.77
707	0.83	0.77
708	0.83	0.77
709	0.83	0.77
710	0.83	0.77
711	0.83	0.77
712	0.83	0.77
713	0.83	0.77
714	0.83	0.77
715	0.83	0.76
716	0.83	0.76
717	0.83	0.76
718	0.83	0.76
719	0.83	0.76
720	0.83	0.76
721	0.83	0.76
722	0.83	0.76
723	0.83	0.76
724	0.83	0.76
725	0.83	0.76
726	0.83	0.76
727	0.83	0.76
728	0.83	0.76
729	0.83	0.76
730	0.82	0.76
731	0.82	0.76
732	0.82	0.76
733	0.82	0.76
734	0.82	0.76
735	0.82	0.76
736	0.82	0.76
737	0.82	0.76
738	0.82	0.76
739	0.82	0.75
740	0.82	0.75
741	0.82	0.75
742	0.82	0.75
743	0.82	0.75
744	0.82	0.75
745	0.82	0.75
746	0.82	0.75
747	0.82	0.75
748	0.82	0.75
749	0.82	0.75
750	0.82	0.75
751	0.82	0.75
752	0.82	0.75
753	0.82	0.75
754	0.82	0.75
755	0.82	0.75
756	0.82	0.75
757	0.82	0.75
758	0.82	0.75
759	0.82	0.75
760	0.82	0.75
761	0.82	0.75
762	0.82	0.75
763	0.82	0.75
764	0.82	0.75
765	0.82	0.75
766	0.82	0.75
767	0.82	0.75
768	0.82	0.75
769	0.82	0.75
770	0.82	0.75
771	0.82	0.74
772	0.82	0.74
773	0.82	0.74
774	0.82	0.74
775	0.82	0.74
776	0.82	0.74
777	0.82	0.74
778	0.82	0.74
779	0.82	0.74
780	0.82	0.74
781	0.82	0.74
782	0.82	0.74
783	0.82	0.74
784	0.82	0.74
785	0.82	0.74
786	0.82	0.74
787	0.82	0.74
788	0.82	0.74
789	0.82	0.74
790	0.81	0.74
791	0.81	0.74
792	0.81	0.74
793	0.81	0.74
794	0.81	0.74
795	0.81	0.73
796	0.81	0.73
797	0.81	0.73
798	0.81	0.73
799	0.81	0.73
800	0.81	0.73
801	0.81	0.73
802	0.81	0.73
803	0.81	0.73
804	0.81	0.73
805	0.81	0.73
806	0.81	0.73
807	0.81	0.73
808	0.81	0.73
809	0.81	0.73
810	0.81	0.73
811	0.81	0.73
812	0.81	0.73
813	0.81	0.73
814	0.81	0.73
815	0.81	0.73
816	0.81	0.73
817	0.81	0.73
818	0.81	0.73
819	0.81	0.73
820	0.81	0.73
821	0.81	0.73
822	0.8	0.73
823	0.8	0.73
824	0.8	0.73
825	0.8	0.73
826	0.8	0.72
827	0.8	0.72
828	0.8	0.72
829	0.8	0.72
830	0.8	0.72
831	0.8	0.72
832	0.8	0.72
833	0.8	0.72
834	0.8	0.72
835	0.8	0.72
836	0.8	0.72
837	0.8	0.72
838	0.8	0.72
839	0.8	0.72
840	0.8	0.72
841	0.8	0.72
842	0.8	0.72
843	0.8	0.72
844	0.8	0.72
845	0.8	0.72
846	0.8	0.72
847	0.8	0.72
848	0.8	0.72
849	0.8	0.71
850	0.8	0.71
851	0.8	0.71
852	0.8	0.71
853	0.8	0.71
854	0.8	0.71
855	0.8	0.71
856	0.8	0.71
857	0.8	0.71
858	0.8	0.71
859	0.8	0.71
860	0.8	0.71
861	0.8	0.71
862	0.79	0.71
863	0.79	0.71
864	0.79	0.71
865	0.79	0.71
866	0.79	0.71
867	0.79	0.71
868	0.79	0.71
869	0.79	0.71
870	0.79	0.71
871	0.79	0.71
872	0.79	0.71
873	0.79	0.71
874	0.79	0.71
875	0.79	0.71
876	0.79	0.71
877	0.79	0.71
878	0.79	0.71
879	0.79	0.71
880	0.79	0.71
881	0.79	0.71
882	0.79	0.71
883	0.79	0.71
884	0.79	0.7
885	0.79	0.7
886	0.79	0.7
887	0.79	0.7
888	0.79	0.7
889	0.79	0.7
890	0.79	0.7
891	0.79	0.7
892	0.79	0.7
893	0.79	0.7
894	0.79	0.7
895	0.79	0.7
896	0.79	0.7
897	0.79	0.7
898	0.79	0.7
899	0.79	0.7
900	0.79	0.7
901	0.79	0.7
902	0.79	0.7
903	0.79	0.7
904	0.79	0.7
905	0.79	0.7
906	0.79	0.7
907	0.79	0.7
908	0.79	0.7
909	0.79	0.7
910	0.79	0.7
911	0.79	0.7
912	0.79	0.7
913	0.79	0.7
914	0.79	0.7
915	0.79	0.7
916	0.79	0.7
917	0.79	0.69
918	0.79	0.69
919	0.79	0.69
920	0.79	0.69
921	0.78	0.69
922	0.78	0.69
923	0.78	0.69
924	0.78	0.69
925	0.78	0.69
926	0.78	0.69
927	0.78	0.69
928	0.78	0.69
929	0.78	0.69
930	0.78	0.69
931	0.78	0.69
932	0.78	0.69
933	0.78	0.69
934	0.78	0.69
935	0.78	0.69
936	0.78	0.68
937	0.78	0.68
938	0.78	0.68
939	0.78	0.68
940	0.78	0.68
941	0.78	0.68
942	0.78	0.68
943	0.78	0.68
944	0.78	0.68
945	0.78	0.68
946	0.77	0.68
947	0.77	0.68
948	0.77	0.68
949	0.77	0.68
950	0.77	0.68
951	0.77	0.68
952	0.77	0.68
953	0.77	0.68
954	0.77	0.68
955	0.77	0.68
956	0.77	0.68
957	0.77	0.68
958	0.77	0.68
959	0.77	0.68
960	0.77	0.68
961	0.77	0.68
962	0.77	0.68
963	0.77	0.68
964	0.77	0.68
965	0.77	0.68
966	0.77	0.68
967	0.77	0.68
968	0.77	0.68
969	0.77	0.68
970	0.77	0.67
971	0.77	0.67
972	0.77	0.67
973	0.77	0.67
974	0.77	0.67
975	0.77	0.67
976	0.77	0.67
977	0.77	0.67
978	0.77	0.67
979	0.77	0.67
980	0.77	0.67
981	0.77	0.67
982	0.77	0.67
983	0.77	0.67
984	0.77	0.67
985	0.77	0.67
986	0.77	0.67
987	0.77	0.67
988	0.77	0.67
989	0.77	0.67
990	0.77	0.67
991	0.77	0.66
992	0.77	0.66
993	0.77	0.66
994	0.77	0.66
995	0.76	0.66
996	0.76	0.66
997	0.76	0.66
998	0.76	0.66
999	0.76	0.66
1000	0.76	0.66
1001	0.76	0.66
1002	0.76	0.66
1003	0.76	0.66
1004	0.76	0.66
1005	0.76	0.66
1006	0.76	0.66
1007	0.76	0.66
1008	0.76	0.66
1009	0.76	0.66
1010	0.76	0.66
1011	0.76	0.66
1012	0.76	0.66
1013	0.76	0.66
1014	0.76	0.66
1015	0.76	0.66
1016	0.76	0.66
1017	0.76	0.66
1018	0.76	0.66
1019	0.76	0.66
1020	0.76	0.66
1021	0.76	0.65
1022	0.76	0.65
1023	0.76	0.65
1024	0.76	0.65
1025	0.76	0.65
1026	0.76	0.65
1027	0.76	0.65
1028	0.76	0.65
1029	0.76	0.65
1030	0.75	0.65
1031	0.75	0.65
1032	0.75	0.65
1033	0.75	0.65
1034	0.75	0.65
1035	0.75	0.65
1036	0.75	0.65
1037	0.75	0.65
1038	0.75	0.65
1039	0.75	0.65
1040	0.75	0.65
1041	0.75	0.65
1042	0.75	0.65
1043	0.75	0.65
1044	0.75	0.65
1045	0.75	0.64
1046	0.75	0.64
1047	0.75	0.64
1048	0.75	0.64
1049	0.75	0.64
1050	0.75	0.64
1051	0.75	0.64
1052	0.75	0.64
1053	0.75	0.64
1054	0.75	0.64
1055	0.75	0.64
1056	0.75	0.64
1057	0.75	0.64
1058	0.75	0.64
1059	0.75	0.64
1060	0.75	0.64
1061	0.75	0.64
1062	0.75	0.64
1063	0.75	0.64
1064	0.75	0.64
1065	0.75	0.64
1066	0.75	0.64
1067	0.75	0.64
1068	0.75	0.64
1069	0.75	0.64
1070	0.75	0.64
1071	0.75	0.64
1072	0.75	0.64
1073	0.75	0.64
1074	0.75	0.64
1075	0.75	0.64
1076	0.75	0.64
1077	0.74	0.63
1078	0.74	0.63
1079	0.74	0.63
1080	0.74	0.63
1081	0.74	0.63
1082	0.74	0.63
1083	0.74	0.63
1084	0.74	0.63
1085	0.74	0.63
1086	0.74	0.63
1087	0.74	0.63
1088	0.74	0.63
1089	0.74	0.63
1090	0.74	0.63
1091	0.74	0.63
1092	0.74	0.63
1093	0.74	0.63
1094	0.74	0.63
1095	0.74	0.63
1096	0.74	0.63
1097	0.74	0.63
1098	0.74	0.63
1099	0.74	0.63
1100	0.74	0.63
1101	0.74	0.62
1102	0.74	0.62
1103	0.74	0.62
1104	0.74	0.62
1105	0.74	0.62
1106	0.74	0.62
1107	0.74	0.62
1108	0.74	0.62
1109	0.74	0.62
1110	0.74	0.62
1111	0.74	0.62
1112	0.74	0.62
1113	0.73	0.62
1114	0.73	0.62
1115	0.73	0.62
1116	0.73	0.62
1117	0.73	0.62
1118	0.73	0.62
1119	0.73	0.62
1120	0.73	0.62
1121	0.73	0.62
1122	0.73	0.62
1123	0.73	0.62
1124	0.73	0.62
1125	0.73	0.62
1126	0.73	0.62
1127	0.73	0.62
1128	0.73	0.62
1129	0.73	0.62
1130	0.73	0.61
1131	0.73	0.61
1132	0.73	0.61
1133	0.73	0.61
1134	0.73	0.61
1135	0.73	0.61
1136	0.73	0.61
1137	0.73	0.61
1138	0.73	0.61
1139	0.73	0.61
1140	0.73	0.61
1141	0.73	0.61
1142	0.73	0.61
1143	0.73	0.61
1144	0.73	0.61
1145	0.73	0.61
1146	0.73	0.61
1147	0.73	0.61
1148	0.73	0.61
1149	0.73	0.6
1150	0.73	0.6
1151	0.73	0.6
1152	0.73	0.6
1153	0.73	0.6
1154	0.73	0.6
1155	0.73	0.6
1156	0.73	0.6
1157	0.73	0.6
1158	0.73	0.6
1159	0.73	0.6
1160	0.72	0.6
1161	0.72	0.6
1162	0.72	0.6
1163	0.72	0.6
1164	0.72	0.6
1165	0.72	0.6
1166	0.72	0.6
1167	0.72	0.6
1168	0.72	0.6
1169	0.72	0.6
1170	0.72	0.6
1171	0.72	0.6
1172	0.72	0.6
1173	0.72	0.6
1174	0.72	0.6
1175	0.72	0.6
1176	0.72	0.6
1177	0.72	0.6
1178	0.72	0.6
1179	0.72	0.6
1180	0.72	0.6
1181	0.72	0.6
1182	0.72	0.6
1183	0.72	0.6
1184	0.72	0.59
1185	0.72	0.59
1186	0.72	0.59
1187	0.72	0.59
1188	0.72	0.59
1189	0.72	0.59
1190	0.71	0.59
1191	0.71	0.59
1192	0.71	0.59
1193	0.71	0.59
1194	0.71	0.59
1195	0.71	0.59
1196	0.71	0.59
1197	0.71	0.59
1198	0.71	0.59
1199	0.71	0.59
1200	0.71	0.59
1201	0.71	0.59
1202	0.71	0.59
1203	0.71	0.59
1204	0.71	0.59
1205	0.71	0.59
1206	0.71	0.59
1207	0.71	0.59
1208	0.71	0.59
1209	0.71	0.59
1210	0.71	0.59
1211	0.71	0.59
1212	0.71	0.59
1213	0.71	0.59
1214	0.71	0.59
1215	0.71	0.59
1216	0.71	0.58
1217	0.71	0.58
1218	0.71	0.58
1219	0.71	0.58
1220	0.71	0.58
1221	0.71	0.58
1222	0.71	0.58
1223	0.71	0.58
1224	0.71	0.58
1225	0.71	0.58
1226	0.71	0.58
1227	0.71	0.58
1228	0.71	0.58
1229	0.71	0.58
1230	0.71	0.58
1231	0.71	0.58
1232	0.71	0.58
1233	0.71	0.58
1234	0.71	0.58
1235	0.71	0.57
1236	0.71	0.57
1237	0.71	0.57
1238	0.71	0.57
1239	0.71	0.57
1240	0.71	0.57
1241	0.71	0.57
1242	0.71	0.57
1243	0.71	0.57
1244	0.71	0.57
1245	0.71	0.57
1246	0.71	0.57
1247	0.71	0.57
1248	0.71	0.57
1249	0.7	0.57
1250	0.7	0.57
1251	0.7	0.57
1252	0.7	0.57
1253	0.7	0.57
1254	0.7	0.57
1255	0.7	0.57
1256	0.7	0.57
1257	0.7	0.57
1258	0.7	0.57
1259	0.7	0.57
1260	0.7	0.57
1261	0.7	0.57
1262	0.7	0.57
1263	0.7	0.57
1264	0.7	0.57
1265	0.7	0.57
1266	0.7	0.57
1267	0.7	0.57
1268	0.7	0.57
1269	0.7	0.57
1270	0.7	0.57
1271	0.7	0.56
1272	0.7	0.56
1273	0.7	0.56
1274	0.7	0.56
1275	0.7	0.56
1276	0.7	0.56
1277	0.7	0.56
1278	0.7	0.56
1279	0.7	0.56
1280	0.7	0.56
1281	0.7	0.56
1282	0.7	0.56
1283	0.7	0.56
1284	0.7	0.56
1285	0.7	0.56
1286	0.7	0.56
1287	0.7	0.56
1288	0.7	0.56
1289	0.7	0.55
1290	0.69	0.55
1291	0.69	0.55
1292	0.69	0.55
1293	0.69	0.55
1294	0.69	0.55
1295	0.69	0.55
1296	0.69	0.55
1297	0.69	0.55
1298	0.69	0.55
1299	0.69	0.55
1300	0.69	0.55
1301	0.69	0.55
1302	0.69	0.55
1303	0.69	0.55
1304	0.69	0.55
1305	0.69	0.55
1306	0.69	0.55
1307	0.69	0.55
1308	0.69	0.55
1309	0.69	0.55
1310	0.69	0.55
1311	0.69	0.55
1312	0.69	0.55
1313	0.69	0.55
1314	0.69	0.55
1315	0.69	0.55
1316	0.68	0.55
1317	0.68	0.55
1318	0.68	0.55
1319	0.68	0.55
1320	0.68	0.54
1321	0.68	0.54
1322	0.68	0.54
1323	0.68	0.54
1324	0.68	0.54
1325	0.68	0.54
1326	0.68	0.54
1327	0.68	0.54
1328	0.68	0.54
1329	0.68	0.54
1330	0.68	0.54
1331	0.68	0.54
1332	0.68	0.54
1333	0.68	0.54
1334	0.68	0.54
1335	0.68	0.54
1336	0.68	0.54
1337	0.68	0.54
1338	0.68	0.54
1339	0.68	0.54
1340	0.68	0.54
1341	0.68	0.54
1342	0.68	0.54
1343	0.68	0.54
1344	0.68	0.53
1345	0.68	0.53
1346	0.68	0.53
1347	0.68	0.53
1348	0.68	0.53
1349	0.68	0.53
1350	0.68	0.53
1351	0.68	0.53
1352	0.68	0.53
1353	0.68	0.53
1354	0.68	0.53
1355	0.68	0.53
1356	0.68	0.53
1357	0.68	0.53
1358	0.68	0.53
1359	0.68	0.53
1360	0.68	0.53
1361	0.68	0.53
1362	0.68	0.53
1363	0.68	0.53
1364	0.67	0.53
1365	0.67	0.53
1366	0.67	0.53
1367	0.67	0.53
1368	0.67	0.53
1369	0.67	0.53
1370	0.67	0.53
1371	0.67	0.53
1372	0.67	0.53
1373	0.67	0.53
1374	0.67	0.53
1375	0.67	0.52
1376	0.67	0.52
1377	0.67	0.52
1378	0.67	0.52
1379	0.67	0.52
1380	0.67	0.52
1381	0.67	0.52
1382	0.67	0.52
1383	0.67	0.52
1384	0.67	0.52
1385	0.67	0.52
1386	0.67	0.52
1387	0.67	0.52
1388	0.67	0.52
1389	0.67	0.52
1390	0.67	0.52
1391	0.67	0.52
1392	0.67	0.52
1393	0.67	0.52
1394	0.67	0.52
1395	0.67	0.52
1396	0.67	0.52
1397	0.67	0.52
1398	0.67	0.51
1399	0.67	0.51
1400	0.67	0.51
1401	0.67	0.51
1402	0.66	0.51
1403	0.66	0.51
1404	0.66	0.51
1405	0.66	0.51
1406	0.66	0.51
1407	0.66	0.51
1408	0.66	0.51
1409	0.66	0.51
1410	0.66	0.51
1411	0.66	0.51
1412	0.66	0.51
1413	0.66	0.51
1414	0.66	0.51
1415	0.66	0.51
1416	0.66	0.51
1417	0.66	0.51
1418	0.66	0.51
1419	0.66	0.51
1420	0.66	0.51
1421	0.66	0.51
1422	0.66	0.51
1423	0.66	0.51
1424	0.66	0.51
1425	0.66	0.51
1426	0.66	0.51
1427	0.66	0.51
1428	0.66	0.51
1429	0.66	0.51
1430	0.66	0.51
1431	0.66	0.51
1432	0.66	0.51
1433	0.66	0.51
1434	0.66	0.51
1435	0.66	0.5
1436	0.66	0.5
1437	0.66	0.5
1438	0.66	0.5
1439	0.66	0.5
1440	0.66	0.5
1441	0.65	0.5
1442	0.65	0.5
1443	0.65	0.5
1444	0.65	0.5
1445	0.65	0.5
1446	0.65	0.5
1447	0.65	0.5
1448	0.65	0.5
1449	0.65	0.5
1450	0.65	0.5
1451	0.65	0.5
1452	0.65	0.5
1453	0.65	0.5
1454	0.65	0.5
1455	0.65	0.5
1456	0.65	0.5
1457	0.65	0.5
1458	0.65	0.5
1459	0.65	0.5
1460	0.65	0.5
1461	0.65	0.5
1462	0.65	0.5
1463	0.65	0.49
1464	0.65	0.49
1465	0.65	0.49
1466	0.65	0.49
1467	0.65	0.49
1468	0.65	0.49
1469	0.65	0.49
1470	0.65	0.49
1471	0.65	0.49
1472	0.65	0.49
1473	0.65	0.49
1474	0.65	0.49
1475	0.65	0.49
1476	0.64	0.49
1477	0.64	0.49
1478	0.64	0.49
1479	0.64	0.49
1480	0.64	0.49
1481	0.64	0.49
1482	0.64	0.49
1483	0.64	0.49
1484	0.64	0.49
1485	0.64	0.49
1486	0.64	0.49
1487	0.64	0.48
1488	0.64	0.48
1489	0.64	0.48
1490	0.64	0.48
1491	0.64	0.48
1492	0.64	0.48
1493	0.64	0.48
1494	0.64	0.48
1495	0.64	0.48
1496	0.64	0.48
1497	0.64	0.48
1498	0.64	0.48
1499	0.64	0.48
1500	0.64	0.48
1501	0.64	0.48
1502	0.64	0.48
1503	0.64	0.48
1504	0.64	0.48
1505	0.64	0.48
1506	0.64	0.48
1507	0.64	0.48
1508	0.64	0.48
1509	0.64	0.48
1510	0.64	0.48
1511	0.64	0.48
1512	0.64	0.48
1513	0.64	0.48
1514	0.64	0.48
1515	0.64	0.48
1516	0.64	0.48
1517	0.64	0.48
1518	0.64	0.47
1519	0.64	0.47
1520	0.64	0.47
1521	0.64	0.47
1522	0.64	0.47
1523	0.64	0.47
1524	0.64	0.47
1525	0.64	0.47
1526	0.63	0.47
1527	0.63	0.47
1528	0.63	0.47
1529	0.63	0.47
1530	0.63	0.47
1531	0.63	0.47
1532	0.63	0.47
1533	0.63	0.47
1534	0.63	0.47
1535	0.63	0.47
1536	0.63	0.47
1537	0.63	0.47
1538	0.63	0.47
1539	0.63	0.46
1540	0.63	0.46
1541	0.63	0.46
1542	0.63	0.46
1543	0.63	0.46
1544	0.63	0.46
1545	0.63	0.46
1546	0.63	0.46
1547	0.63	0.46
1548	0.63	0.46
1549	0.63	0.46
1550	0.63	0.46
1551	0.63	0.46
1552	0.63	0.46
1553	0.63	0.46
1554	0.62	0.46
1555	0.62	0.46
1556	0.62	0.46
1557	0.62	0.46
1558	0.62	0.46
1559	0.62	0.46
1560	0.62	0.46
1561	0.62	0.46
1562	0.62	0.46
1563	0.62	0.46
1564	0.62	0.46
1565	0.62	0.46
1566	0.62	0.46
1567	0.62	0.46
1568	0.62	0.46
1569	0.62	0.46
1570	0.62	0.46
1571	0.62	0.46
1572	0.62	0.46
1573	0.62	0.46
1574	0.62	0.46
1575	0.62	0.46
1576	0.62	0.46
1577	0.62	0.46
1578	0.62	0.45
1579	0.62	0.45
1580	0.62	0.45
1581	0.62	0.45
1582	0.62	0.45
1583	0.62	0.45
1584	0.62	0.45
1585	0.62	0.45
1586	0.62	0.45
1587	0.62	0.45
1588	0.62	0.45
1589	0.62	0.45
1590	0.62	0.45
1591	0.62	0.45
1592	0.62	0.45
1593	0.62	0.45
1594	0.62	0.45
1595	0.62	0.44
1596	0.62	0.44
1597	0.62	0.44
1598	0.61	0.44
1599	0.61	0.44
1600	0.61	0.44
1601	0.61	0.44
1602	0.61	0.44
1603	0.61	0.44
1604	0.61	0.44
1605	0.61	0.44
1606	0.61	0.44
1607	0.61	0.44
1608	0.61	0.44
1609	0.61	0.44
1610	0.61	0.44
1611	0.61	0.44
1612	0.61	0.44
1613	0.61	0.44
1614	0.61	0.44
1615	0.61	0.44
1616	0.61	0.44
1617	0.61	0.44
1618	0.61	0.44
1619	0.61	0.44
1620	0.61	0.44
1621	0.61	0.44
1622	0.61	0.44
1623	0.61	0.44
1624	0.6	0.44
1625	0.6	0.44
1626	0.6	0.44
1627	0.6	0.43
1628	0.6	0.43
1629	0.6	0.43
1630	0.6	0.43
1631	0.6	0.43
1632	0.6	0.43
1633	0.6	0.43
1634	0.6	0.43
1635	0.6	0.43
1636	0.6	0.43
1637	0.6	0.43
1638	0.6	0.43
1639	0.6	0.43
1640	0.6	0.43
1641	0.6	0.43
1642	0.6	0.43
1643	0.6	0.43
1644	0.6	0.43
1645	0.6	0.43
1646	0.6	0.43
1647	0.6	0.43
1648	0.6	0.43
1649	0.6	0.43
1650	0.6	0.43
1651	0.6	0.42
1652	0.6	0.42
1653	0.6	0.42
1654	0.6	0.42
1655	0.6	0.42
1656	0.6	0.42
1657	0.6	0.42
1658	0.6	0.42
1659	0.6	0.42
1660	0.6	0.42
1661	0.6	0.42
1662	0.6	0.42
1663	0.6	0.42
1664	0.6	0.42
1665	0.6	0.42
1666	0.6	0.42
1667	0.6	0.42
1668	0.6	0.42
1669	0.6	0.42
1670	0.6	0.42
1671	0.6	0.42
1672	0.6	0.42
1673	0.59	0.42
1674	0.59	0.42
1675	0.59	0.42
1676	0.59	0.42
1677	0.59	0.42
1678	0.59	0.42
1679	0.59	0.42
1680	0.59	0.42
1681	0.59	0.42
1682	0.59	0.42
1683	0.59	0.41
1684	0.59	0.41
1685	0.59	0.41
1686	0.59	0.41
1687	0.59	0.41
1688	0.59	0.41
1689	0.59	0.41
1690	0.59	0.41
1691	0.59	0.41
1692	0.59	0.41
1693	0.59	0.41
1694	0.59	0.41
1695	0.59	0.41
1696	0.59	0.41
1697	0.59	0.41
1698	0.59	0.41
1699	0.59	0.41
1700	0.59	0.41
1701	0.59	0.41
1702	0.59	0.41
1703	0.59	0.41
1704	0.59	0.41
1705	0.59	0.41
1706	0.59	0.41
1707	0.59	0.4
1708	0.59	0.4
1709	0.59	0.4
1710	0.59	0.4
1711	0.59	0.4
1712	0.59	0.4
1713	0.59	0.4
1714	0.59	0.4
1715	0.59	0.4
1716	0.59	0.4
1717	0.59	0.4
1718	0.58	0.4
1719	0.58	0.4
1720	0.58	0.4
1721	0.58	0.4
1722	0.58	0.4
1723	0.58	0.4
1724	0.58	0.4
1725	0.58	0.4
1726	0.58	0.4
1727	0.58	0.4
1728	0.58	0.4
1729	0.58	0.4
1730	0.58	0.4
1731	0.58	0.4
1732	0.58	0.4
1733	0.58	0.4
1734	0.58	0.4
1735	0.58	0.4
1736	0.58	0.4
1737	0.58	0.4
1738	0.58	0.4
1739	0.58	0.39
1740	0.58	0.39
1741	0.58	0.39
1742	0.57	0.39
1743	0.57	0.39
1744	0.57	0.39
1745	0.57	0.39
1746	0.57	0.39
1747	0.57	0.39
1748	0.57	0.39
1749	0.57	0.39
1750	0.57	0.39
1751	0.57	0.39
1752	0.57	0.39
1753	0.57	0.39
1754	0.57	0.39
1755	0.57	0.39
1756	0.57	0.39
1757	0.57	0.39
1758	0.57	0.39
1759	0.57	0.39
1760	0.57	0.39
1761	0.57	0.39
1762	0.57	0.39
1763	0.57	0.39
1764	0.57	0.39
1765	0.57	0.39
1766	0.57	0.39
1767	0.57	0.39
1768	0.57	0.39
1769	0.57	0.39
1770	0.57	0.39
1771	0.57	0.38
1772	0.57	0.38
1773	0.57	0.38
1774	0.57	0.38
1775	0.57	0.38
1776	0.57	0.38
1777	0.57	0.38
1778	0.57	0.38
1779	0.57	0.38
1780	0.57	0.38
1781	0.57	0.38
1782	0.57	0.38
1783	0.57	0.38
1784	0.57	0.38
1785	0.57	0.38
1786	0.57	0.38
1787	0.57	0.38
1788	0.57	0.38
1789	0.57	0.38
1790	0.57	0.38
1791	0.57	0.38
1792	0.56	0.38
1793	0.56	0.37
1794	0.56	0.37
1795	0.56	0.37
1796	0.56	0.37
1797	0.56	0.37
1798	0.56	0.37
1799	0.56	0.37
1800	0.56	0.37
1801	0.56	0.37
1802	0.56	0.37
1803	0.56	0.37
1804	0.56	0.37
1805	0.56	0.37
1806	0.56	0.37
1807	0.56	0.37
1808	0.56	0.37
1809	0.56	0.37
1810	0.56	0.37
1811	0.56	0.37
1812	0.56	0.37
1813	0.56	0.37
1814	0.56	0.37
1815	0.56	0.37
1816	0.56	0.37
1817	0.56	0.37
1818	0.56	0.37
1819	0.56	0.37
1820	0.56	0.37
1821	0.56	0.37
1822	0.56	0.37
1823	0.56	0.37
1824	0.56	0.37
1825	0.55	0.37
1826	0.55	0.36
1827	0.55	0.36
1828	0.55	0.36
1829	0.55	0.36
1830	0.55	0.36
1831	0.55	0.36
1832	0.55	0.36
1833	0.55	0.36
1834	0.55	0.36
1835	0.55	0.36
1836	0.55	0.36
1837	0.55	0.36
1838	0.55	0.36
1839	0.55	0.36
1840	0.55	0.36
1841	0.55	0.36
1842	0.55	0.36
1843	0.55	0.36
1844	0.55	0.35
1845	0.55	0.35
1846	0.55	0.35
1847	0.55	0.35
1848	0.55	0.35
1849	0.55	0.35
1850	0.55	0.35
1851	0.55	0.35
1852	0.55	0.35
1853	0.55	0.35
1854	0.55	0.35
1855	0.55	0.35
1856	0.55	0.35
1857	0.55	0.35
1858	0.55	0.35
1859	0.54	0.35
1860	0.54	0.35
1861	0.54	0.35
1862	0.54	0.35
1863	0.54	0.35
1864	0.54	0.35
1865	0.54	0.35
1866	0.54	0.35
1867	0.54	0.35
1868	0.54	0.35
1869	0.54	0.35
1870	0.54	0.35
1871	0.54	0.35
1872	0.54	0.35
1873	0.54	0.35
1874	0.54	0.35
1875	0.54	0.35
1876	0.54	0.35
1877	0.54	0.35
1878	0.54	0.35
1879	0.54	0.35
1880	0.54	0.34
1881	0.54	0.34
1882	0.54	0.34
1883	0.54	0.34
1884	0.54	0.34
1885	0.54	0.34
1886	0.54	0.34
1887	0.54	0.34
1888	0.54	0.34
1889	0.54	0.34
1890	0.54	0.34
1891	0.54	0.34
1892	0.54	0.34
1893	0.54	0.34
1894	0.54	0.34
1895	0.53	0.34
1896	0.53	0.34
1897	0.53	0.33
1898	0.53	0.33
1899	0.53	0.33
1900	0.53	0.33
1901	0.53	0.33
1902	0.53	0.33
1903	0.53	0.33
1904	0.53	0.33
1905	0.53	0.33
1906	0.53	0.33
1907	0.53	0.33
1908	0.53	0.33
1909	0.53	0.33
1910	0.53	0.33
1911	0.53	0.33
1912	0.53	0.33
1913	0.53	0.33
1914	0.53	0.33
1915	0.53	0.33
1916	0.53	0.33
1917	0.53	0.33
1918	0.53	0.33
1919	0.53	0.33
1920	0.53	0.33
1921	0.53	0.33
1922	0.53	0.33
1923	0.53	0.33
1924	0.53	0.33
1925	0.53	0.33
1926	0.53	0.33
1927	0.53	0.32
1928	0.53	0.32
1929	0.53	0.32
1930	0.53	0.32
1931	0.53	0.32
1932	0.53	0.32
1933	0.53	0.32
1934	0.53	0.32
1935	0.53	0.32
1936	0.53	0.32
1937	0.53	0.32
1938	0.53	0.32
1939	0.53	0.32
1940	0.53	0.32
1941	0.53	0.32
1942	0.52	0.32
1943	0.52	0.32
1944	0.52	0.32
1945	0.52	0.32
1946	0.52	0.32
1947	0.52	0.32
1948	0.52	0.32
1949	0.52	0.32
1950	0.52	0.32
1951	0.52	0.31
1952	0.52	0.31
1953	0.52	0.31
1954	0.52	0.31
1955	0.52	0.31
1956	0.52	0.31
1957	0.52	0.31
1958	0.52	0.31
1959	0.52	0.31
1960	0.52	0.31
1961	0.52	0.31
1962	0.52	0.31
1963	0.52	0.31
1964	0.52	0.31
1965	0.52	0.31
1966	0.51	0.31
1967	0.51	0.31
1968	0.51	0.31
1969	0.51	0.31
1970	0.51	0.31
1971	0.51	0.31
1972	0.51	0.31
1973	0.51	0.31
1974	0.51	0.31
1975	0.51	0.31
1976	0.51	0.31
1977	0.51	0.31
1978	0.51	0.31
1979	0.51	0.31
1980	0.51	0.3
1981	0.51	0.3
1982	0.51	0.3
1983	0.51	0.3
1984	0.51	0.3
1985	0.51	0.3
1986	0.51	0.3
1987	0.51	0.3
1988	0.51	0.3
1989	0.51	0.3
1990	0.51	0.3
1991	0.51	0.3
1992	0.51	0.3
1993	0.51	0.3
1994	0.51	0.3
1995	0.51	0.3
1996	0.51	0.3
1997	0.51	0.3
1998	0.51	0.3
1999	0.51	0.3
2000	0.51	0.3
2001	0.51	0.3
2002	0.51	0.3
2003	0.51	0.3
2004	0.51	0.3
2005	0.51	0.3
2006	0.51	0.3
2007	0.51	0.3
2008	0.51	0.3
2009	0.51	0.29
2010	0.51	0.29
2011	0.51	0.29
2012	0.51	0.29
2013	0.51	0.29
2014	0.51	0.29
2015	0.51	0.29
2016	0.5	0.29
2017	0.5	0.29
2018	0.5	0.29
2019	0.5	0.29
2020	0.5	0.29
2021	0.5	0.29
2022	0.5	0.29
2023	0.5	0.29
2024	0.5	0.29
2025	0.5	0.29
2026	0.5	0.29
2027	0.5	0.29
2028	0.5	0.29
2029	0.5	0.29
2030	0.5	0.29
2031	0.5	0.28
2032	0.5	0.28
2033	0.5	0.28
2034	0.5	0.28
2035	0.5	0.28
2036	0.5	0.28
2037	0.5	0.28
2038	0.5	0.28
2039	0.5	0.28
2040	0.5	0.28
2041	0.5	0.28
2042	0.5	0.28
2043	0.5	0.28
2044	0.5	0.28
2045	0.5	0.28
2046	0.5	0.28
2047	0.5	0.28
2048	0.5	0.28
2049	0.5	0.28
2050	0.5	0.28
2051	0.5	0.28
2052	0.5	0.28
2053	0.5	0.28
2054	0.5	0.28
2055	0.5	0.28
2056	0.5	0.28
2057	0.5	0.28
2058	0.5	0.28
2059	0.5	0.28
2060	0.5	0.27
2061	0.5	0.27
2062	0.5	0.27
2063	0.5	0.27
2064	0.5	0.27
2065	0.5	0.27
2066	0.5	0.27
2067	0.5	0.27
2068	0.5	0.27
2069	0.49	0.27
2070	0.49	0.27
2071	0.49	0.27
2072	0.49	0.27
2073	0.49	0.27
2074	0.49	0.27
2075	0.49	0.27
2076	0.49	0.27
2077	0.49	0.27
2078	0.49	0.27
2079	0.49	0.27
2080	0.49	0.27
2081	0.49	0.27
2082	0.49	0.27
2083	0.49	0.27
2084	0.49	0.26
2085	0.49	0.26
2086	0.49	0.26
2087	0.49	0.26
2088	0.49	0.26
2089	0.49	0.26
2090	0.49	0.26
2091	0.49	0.26
2092	0.49	0.26
2093	0.48	0.26
2094	0.48	0.26
2095	0.48	0.26
2096	0.48	0.26
2097	0.48	0.26
2098	0.48	0.26
2099	0.48	0.26
2100	0.48	0.26
2101	0.48	0.26
2102	0.48	0.26
2103	0.48	0.26
2104	0.48	0.26
2105	0.48	0.26
2106	0.48	0.26
2107	0.48	0.26
2108	0.48	0.26
2109	0.48	0.26
2110	0.48	0.26
2111	0.48	0.26
2112	0.48	0.25
2113	0.48	0.25
2114	0.48	0.25
2115	0.48	0.25
2116	0.48	0.25
2117	0.48	0.25
2118	0.48	0.25
2119	0.48	0.25
2120	0.48	0.25
2121	0.48	0.25
2122	0.48	0.25
2123	0.48	0.25
2124	0.48	0.25
2125	0.48	0.25
2126	0.48	0.25
2127	0.48	0.24
2128	0.48	0.24
2129	0.48	0.24
2130	0.48	0.24
2131	0.48	0.24
2132	0.48	0.24
2133	0.48	0.24
2134	0.48	0.24
2135	0.48	0.24
2136	0.48	0.24
2137	0.48	0.24
2138	0.48	0.24
2139	0.48	0.24
2140	0.48	0.24
2141	0.48	0.24
2142	0.48	0.24
2143	0.48	0.24
2144	0.48	0.24
2145	0.48	0.24
2146	0.48	0.24
2147	0.48	0.24
2148	0.48	0.24
2149	0.47	0.24
2150	0.47	0.24
2151	0.47	0.24
2152	0.47	0.24
2153	0.47	0.24
2154	0.47	0.24
2155	0.47	0.24
2156	0.47	0.24
2157	0.47	0.24
2158	0.47	0.24
2159	0.47	0.24
2160	0.47	0.24
2161	0.47	0.24
2162	0.47	0.24
2163	0.47	0.23
2164	0.47	0.23
2165	0.47	0.23
2166	0.47	0.23
2167	0.47	0.23
2168	0.47	0.23
2169	0.46	0.23
2170	0.46	0.23
2171	0.46	0.23
2172	0.46	0.23
2173	0.46	0.23
2174	0.46	0.23
2175	0.46	0.23
2176	0.46	0.23
2177	0.46	0.23
2178	0.46	0.23
2179	0.46	0.23
2180	0.46	0.22
2181	0.46	0.22
2182	0.46	0.22
2183	0.46	0.22
2184	0.46	0.22
2185	0.46	0.22
2186	0.46	0.22
2187	0.46	0.22
2188	0.46	0.22
2189	0.46	0.22
2190	0.46	0.22
2191	0.46	0.22
2192	0.46	0.22
2193	0.46	0.22
2194	0.46	0.22
2195	0.46	0.22
2196	0.46	0.22
2197	0.46	0.22
2198	0.46	0.22
2199	0.46	0.22
2200	0.46	0.22
2201	0.46	0.22
2202	0.46	0.22
2203	0.46	0.22
2204	0.46	0.22
2205	0.46	0.22
2206	0.46	0.22
2207	0.46	0.22
2208	0.46	0.22
2209	0.46	0.21
2210	0.46	0.21
2211	0.46	0.21
2212	0.46	0.21
2213	0.46	0.21
2214	0.46	0.21
2215	0.46	0.21
2216	0.46	0.21
2217	0.46	0.21
2218	0.46	0.21
2219	0.46	0.21
2220	0.46	0.21
2221	0.46	0.21
2222	0.46	0.21
2223	0.46	0.21
2224	0.46	0.21
2225	0.46	0.21
2226	0.46	0.21
2227	0.46	0.21
2228	0.45	0.21
2229	0.45	0.21
2230	0.45	0.21
2231	0.45	0.21
2232	0.45	0.21
2233	0.45	0.2
2234	0.45	0.2
2235	0.45	0.2
2236	0.45	0.2
2237	0.45	0.2
2238	0.45	0.2
2239	0.45	0.2
2240	0.45	0.2
2241	0.45	0.2
2242	0.45	0.2
2243	0.45	0.2
2244	0.45	0.2
2245	0.45	0.2
2246	0.45	0.2
2247	0.45	0.2
2248	0.45	0.2
2249	0.45	0.2
2250	0.45	0.2
2251	0.45	0.2
2252	0.45	0.2
2253	0.45	0.2
2254	0.45	0.2
2255	0.45	0.2
2256	0.44	0.2
2257	0.44	0.2
2258	0.44	0.2
2259	0.44	0.2
2260	0.44	0.2
2261	0.44	0.2
2262	0.44	0.2
2263	0.44	0.2
2264	0.44	0.2
2265	0.44	0.2
2266	0.44	0.2
2267	0.44	0.2
2268	0.44	0.2
2269	0.44	0.2
2270	0.44	0.19
2271	0.44	0.19
2272	0.44	0.19
2273	0.44	0.19
2274	0.44	0.19
2275	0.44	0.19
2276	0.44	0.19
2277	0.44	0.19
2278	0.44	0.19
2279	0.44	0.19
2280	0.44	0.19
2281	0.44	0.19
2282	0.44	0.19
2283	0.44	0.19
2284	0.44	0.19
2285	0.44	0.19
2286	0.44	0.19
2287	0.44	0.19
2288	0.44	0.19
2289	0.44	0.19
2290	0.44	0.19
2291	0.44	0.19
2292	0.44	0.19
2293	0.44	0.19
2294	0.44	0.18
2295	0.44	0.18
2296	0.43	0.18
2297	0.43	0.18
2298	0.43	0.18
2299	0.43	0.18
2300	0.43	0.18
2301	0.43	0.18
2302	0.43	0.18
2303	0.43	0.18
2304	0.43	0.18
2305	0.43	0.18
2306	0.43	0.18
2307	0.43	0.18
2308	0.43	0.18
2309	0.43	0.18
2310	0.43	0.18
2311	0.43	0.18
2312	0.43	0.18
2313	0.43	0.18
2314	0.43	0.18
2315	0.43	0.18
2316	0.43	0.18
2317	0.43	0.18
2318	0.43	0.17
2319	0.43	0.17
2320	0.43	0.17
2321	0.43	0.17
2322	0.43	0.17
2323	0.43	0.17
2324	0.43	0.17
2325	0.43	0.17
2326	0.43	0.17
2327	0.43	0.17
2328	0.43	0.17
2329	0.43	0.17
2330	0.43	0.17
2331	0.42	0.17
2332	0.42	0.17
2333	0.42	0.17
2334	0.42	0.17
2335	0.42	0.17
2336	0.42	0.17
2337	0.42	0.17
2338	0.42	0.17
2339	0.42	0.17
2340	0.42	0.17
2341	0.42	0.17
2342	0.42	0.17
2343	0.42	0.17
2344	0.42	0.17
2345	0.42	0.17
2346	0.42	0.17
2347	0.42	0.17
2348	0.42	0.17
2349	0.42	0.17
2350	0.42	0.17
2351	0.42	0.16
2352	0.42	0.16
2353	0.42	0.16
2354	0.42	0.16
2355	0.42	0.16
2356	0.42	0.16
2357	0.42	0.16
2358	0.42	0.16
2359	0.42	0.16
2360	0.42	0.16
2361	0.42	0.16
2362	0.42	0.16
2363	0.42	0.16
2364	0.42	0.16
2365	0.42	0.16
2366	0.42	0.16
2367	0.42	0.16
2368	0.42	0.16
2369	0.42	0.16
2370	0.42	0.16
2371	0.42	0.16
2372	0.42	0.16
2373	0.42	0.16
2374	0.42	0.16
2375	0.42	0
2376	0.41	0
2377	0.41	0
2378	0.41	0
2379	0.41	0
2380	0.41	0
2381	0.41	0
2382	0.41	0
2383	0.41	0
2384	0.41	0
2385	0.41	0
2386	0.41	0
2387	0.41	0
2388	0.41	0
2389	0.41	0
2390	0.41	0
2391	0.41	0
2392	0.41	0
2393	0.41	0
2394	0.41	0
2395	0.41	0
2396	0.41	0
2397	0.41	0
2398	0.41	0
2399	0.41	0
2400	0.41	0
2401	0.41	0
2402	0.41	0
2403	0.41	0
2404	0.41	0
2405	0.41	0
2406	0.41	0
2407	0.41	0
2408	0.41	0
2409	0.41	0
2410	0.41	0
2411	0.4	0
2412	0.4	0
2413	0.4	0
2414	0.4	0
2415	0.4	0
2416	0.4	0
2417	0.4	0
2418	0.4	0
2419	0.4	0
2420	0.4	0
2421	0.4	0
2422	0.4	0
2423	0.4	0
2424	0.4	0
2425	0.4	0
2426	0.4	0
2427	0.4	0
2428	0.4	0
2429	0.4	0
2430	0.4	0
2431	0.4	0
2432	0.4	0
2433	0.4	0
2434	0.4	0
2435	0.4	0
2436	0.4	0
2437	0.4	0
2438	0.4	0
2439	0.4	0
2440	0.4	0
2441	0.4	0
2442	0.4	0
2443	0.4	0
2444	0.4	0
2445	0.4	0
2446	0.4	0
2447	0.4	0
2448	0.4	0
2449	0.4	0
2450	0.4	0
2451	0.4	0
2452	0.4	0
2453	0.4	0
2454	0.4	0
2455	0.4	0
2456	0.4	0
2457	0.4	0
2458	0.4	0
2459	0.39	0
2460	0.39	0
2461	0.39	0
2462	0.39	0
2463	0.39	0
2464	0.39	0
2465	0.39	0
2466	0.39	0
2467	0.39	0
2468	0.39	0
2469	0.39	0
2470	0.39	0
2471	0.39	0
2472	0.39	0
2473	0.39	0
2474	0.39	0
2475	0.39	0
2476	0.39	0
2477	0.39	0
2478	0.39	0
2479	0.39	0
2480	0.39	0
2481	0.39	0
2482	0.39	0
2483	0.39	0
2484	0.39	0
2485	0.39	0
2486	0.39	0
2487	0.39	0
2488	0.39	0
2489	0.39	0
2490	0.39	0
2491	0.39	0
2492	0.39	0
2493	0.39	0
2494	0.39	0
2495	0.39	0
2496	0.39	0
2497	0.39	0
2498	0.39	0
2499	0.39	0
2500	0.39	0
2501	0.39	0
2502	0.39	0
2503	0.39	0
2504	0.39	0
2505	0.39	0
2506	0.39	0
2507	0.38	0
2508	0.38	0
2509	0.38	0
2510	0.38	0
2511	0.38	0
2512	0.38	0
2513	0.38	0
2514	0.38	0
2515	0.38	0
2516	0.38	0
2517	0.38	0
2518	0.38	0
2519	0.38	0
2520	0.38	0
2521	0.38	0
2522	0.38	0
2523	0.38	0
2524	0.38	0
2525	0.38	0
2526	0.38	0
2527	0.38	0
2528	0.38	0
2529	0.38	0
2530	0.38	0
2531	0.38	0
2532	0.38	0
2533	0.38	0
2534	0.38	0
2535	0.38	0
2536	0.38	0
2537	0.38	0
2538	0.38	0
2539	0.38	0
2540	0.38	0
2541	0.38	0
2542	0.37	0
2543	0.37	0
2544	0.37	0
2545	0.37	0
2546	0.37	0
2547	0.37	0
2548	0.37	0
2549	0.37	0
2550	0.37	0
2551	0.37	0
2552	0.37	0
2553	0.37	0
2554	0.37	0
2555	0.37	0
2556	0.37	0
2557	0.37	0
2558	0.37	0
2559	0.37	0
2560	0.37	0
2561	0.37	0
2562	0.37	0
2563	0.37	0
2564	0.37	0
2565	0.37	0
2566	0.37	0
2567	0.37	0
2568	0.37	0
2569	0.37	0
2570	0.37	0
2571	0.37	0
2572	0.37	0
2573	0.37	0
2574	0.37	0
2575	0.37	0
2576	0.37	0
2577	0.37	0
2578	0.37	0
2579	0.37	0
2580	0.37	0
2581	0.37	0
2582	0.37	0
2583	0.37	0
2584	0.37	0
2585	0.36	0
2586	0.36	0
2587	0.36	0
2588	0.36	0
2589	0.36	0
2590	0.36	0
2591	0.36	0
2592	0.36	0
2593	0.36	0
2594	0.36	0
2595	0.36	0
2596	0.36	0
2597	0.36	0
2598	0.36	0
2599	0.36	0
2600	0.36	0
2601	0.36	0
2602	0.36	0
2603	0.36	0
2604	0.36	0
2605	0.36	0
2606	0.36	0
2607	0.36	0
2608	0.36	0
2609	0.36	0
2610	0.36	0
2611	0.36	0
2612	0.35	0
2613	0.35	0
2614	0.35	0
2615	0.35	0
2616	0.35	0
2617	0.35	0
2618	0.35	0
2619	0.35	0
2620	0.35	0
2621	0.35	0
2622	0.35	0
2623	0.35	0
2624	0.35	0
2625	0.35	0
2626	0.35	0
2627	0.35	0
2628	0.35	0
2629	0.35	0
2630	0.35	0
2631	0.35	0
2632	0.35	0
2633	0.35	0
2634	0.35	0
2635	0.35	0
2636	0.35	0
2637	0.35	0
2638	0.35	0
2639	0.35	0
2640	0.35	0
2641	0.35	0
2642	0.35	0
2643	0.35	0
2644	0.35	0
2645	0.35	0
2646	0.35	0
2647	0.35	0
2648	0.35	0
2649	0.35	0
2650	0.35	0
2651	0.35	0
2652	0.35	0
2653	0.35	0
2654	0.35	0
2655	0.35	0
2656	0.35	0
2657	0.35	0
2658	0.35	0
2659	0.35	0
2660	0.35	0
2661	0.35	0
2662	0.34	0
2663	0.34	0
2664	0.34	0
2665	0.34	0
2666	0.34	0
2667	0.34	0
2668	0.34	0
2669	0.34	0
2670	0.34	0
2671	0.34	0
2672	0.34	0
2673	0.34	0
2674	0.34	0
2675	0.34	0
2676	0.34	0
2677	0.34	0
2678	0.34	0
2679	0.34	0
2680	0.34	0
2681	0.34	0
2682	0.34	0
2683	0.34	0
2684	0.34	0
2685	0.34	0
2686	0.34	0
2687	0.34	0
2688	0.34	0
2689	0.34	0
2690	0.34	0
2691	0.34	0
2692	0.34	0
2693	0.34	0
2694	0.34	0
2695	0.33	0
2696	0.33	0
2697	0.33	0
2698	0.33	0
2699	0.33	0
2700	0.33	0
2701	0.33	0
2702	0.33	0
2703	0.33	0
2704	0.33	0
2705	0.33	0
2706	0.33	0
2707	0.33	0
2708	0.33	0
2709	0.33	0
2710	0.33	0
2711	0.33	0
2712	0.33	0
2713	0.33	0
2714	0.33	0
2715	0.33	0
2716	0.33	0
2717	0.33	0
2718	0.33	0
2719	0.33	0
2720	0.33	0
2721	0.33	0
2722	0.33	0
2723	0.33	0
2724	0.33	0
2725	0.33	0
2726	0.33	0
2727	0.33	0
2728	0.33	0
2729	0.33	0
2730	0.33	0
2731	0.32	0
2732	0.32	0
2733	0.32	0
2734	0.32	0
2735	0.32	0
2736	0.32	0
2737	0.32	0
2738	0.32	0
2739	0.32	0
2740	0.32	0
2741	0.32	0
2742	0.32	0
2743	0.32	0
2744	0.32	0
2745	0.32	0
2746	0.32	0
2747	0.32	0
2748	0.32	0
2749	0.32	0
2750	0.32	0
2751	0.32	0
2752	0.32	0
2753	0.32	0
2754	0.32	0
2755	0.32	0
2756	0.32	0
2757	0.32	0
2758	0.32	0
2759	0.32	0
2760	0.32	0
2761	0.32	0
2762	0.32	0
2763	0.32	0
2764	0.32	0
2765	0.32	0
2766	0.32	0
2767	0.32	0
2768	0.32	0
2769	0.31	0
2770	0.31	0
2771	0.31	0
2772	0.31	0
2773	0.31	0
2774	0.31	0
2775	0.31	0
2776	0.31	0
2777	0.31	0
2778	0.31	0
2779	0.31	0
2780	0.31	0
2781	0.31	0
2782	0.31	0
2783	0.31	0
2784	0.31	0
2785	0.31	0
2786	0.31	0
2787	0.31	0
2788	0.31	0
2789	0.31	0
2790	0.31	0
2791	0.31	0
2792	0.31	0
2793	0.31	0
2794	0.31	0
2795	0.31	0
2796	0.31	0
2797	0.31	0
2798	0.31	0
2799	0.31	0
2800	0.31	0
2801	0.31	0
2802	0.31	0
2803	0.31	0
2804	0.31	0
2805	0.31	0
2806	0.31	0
2807	0.31	0
2808	0.31	0
2809	0.31	0
2810	0.31	0
2811	0.31	0
2812	0.31	0
2813	0.3	0
2814	0.3	0
2815	0.3	0
2816	0.3	0
2817	0.3	0
2818	0.3	0
2819	0.3	0
2820	0.3	0
2821	0.3	0
2822	0.3	0
2823	0.3	0
2824	0.3	0
2825	0.3	0
2826	0.3	0
2827	0.3	0
2828	0.3	0
2829	0.3	0
2830	0.3	0
2831	0.3	0
2832	0.3	0
2833	0.3	0
2834	0.3	0
2835	0.3	0
2836	0.3	0
2837	0.3	0
2838	0.3	0
2839	0.3	0
2840	0.3	0
2841	0.3	0
2842	0.3	0
2843	0.29	0
2844	0.29	0
2845	0.29	0
2846	0.29	0
2847	0.29	0
2848	0.29	0
2849	0.29	0
2850	0.29	0
2851	0.29	0
2852	0.29	0
2853	0.29	0
2854	0.29	0
2855	0.29	0
2856	0.29	0
2857	0.29	0
2858	0.29	0
2859	0.29	0
2860	0.29	0
2861	0.29	0
2862	0.29	0
2863	0.29	0
2864	0.29	0
2865	0.29	0
2866	0.29	0
2867	0.29	0
2868	0.29	0
2869	0.29	0
2870	0.29	0
2871	0.29	0
2872	0.29	0
2873	0.29	0
2874	0.29	0
2875	0.29	0
2876	0.28	0
2877	0.28	0
2878	0.28	0
2879	0.28	0
2880	0.28	0
2881	0.28	0
2882	0.28	0
2883	0.28	0
2884	0.28	0
2885	0.28	0
2886	0.28	0
2887	0.28	0
2888	0.28	0
2889	0.28	0
2890	0.28	0
2891	0.28	0
2892	0.28	0
2893	0.28	0
2894	0.28	0
2895	0.28	0
2896	0.28	0
2897	0.28	0
2898	0.28	0
2899	0.28	0
2900	0.28	0
2901	0.28	0
2902	0.28	0
2903	0.28	0
2904	0.28	0
2905	0.28	0
2906	0.28	0
2907	0.28	0
2908	0.28	0
2909	0.28	0
2910	0.28	0
2911	0.28	0
2912	0.28	0
2913	0.28	0
2914	0.28	0
2915	0.28	0
2916	0.28	0
2917	0.28	0
2918	0.28	0
2919	0.28	0
2920	0.28	0
2921	0.28	0
2922	0.27	0
2923	0.27	0
2924	0.27	0
2925	0.27	0
2926	0.27	0
2927	0.27	0
2928	0.27	0
2929	0.27	0
2930	0.27	0
2931	0.27	0
2932	0.27	0
2933	0.27	0
2934	0.27	0
2935	0.27	0
2936	0.27	0
2937	0.27	0
2938	0.27	0
2939	0.27	0
2940	0.27	0
2941	0.27	0
2942	0.27	0
2943	0.27	0
2944	0.27	0
2945	0.27	0
2946	0.26	0
2947	0.26	0
2948	0.26	0
2949	0.26	0
2950	0.26	0
2951	0.26	0
2952	0.26	0
2953	0.26	0
2954	0.26	0
2955	0.26	0
2956	0.26	0
2957	0.26	0
2958	0.26	0
2959	0.26	0
2960	0.26	0
2961	0.26	0
2962	0.26	0
2963	0.26	0
2964	0.26	0
2965	0.26	0
2966	0.26	0
2967	0.26	0
2968	0.26	0
2969	0.26	0
2970	0.26	0
2971	0.26	0
2972	0.26	0
2973	0.26	0
2974	0.26	0
2975	0.26	0
2976	0.26	0
2977	0.26	0
2978	0.26	0
2979	0.26	0
2980	0.26	0
2981	0.26	0
2982	0.26	0
2983	0.25	0
2984	0.25	0
2985	0.25	0
2986	0.25	0
2987	0.25	0
2988	0.25	0
2989	0.25	0
2990	0.25	0
2991	0.25	0
2992	0.25	0
2993	0.25	0
2994	0.25	0
2995	0.25	0
2996	0.25	0
2997	0.25	0
2998	0.25	0
2999	0.25	0
3000	0.25	0
3001	0.25	0
3002	0.25	0
3003	0.25	0
3004	0.25	0
3005	0.25	0
3006	0.25	0
3007	0.25	0
3008	0.25	0
3009	0.25	0
3010	0.25	0
3011	0.25	0
3012	0.25	0
3013	0.24	0
3014	0.24	0
3015	0.24	0
3016	0.24	0
3017	0.24	0
3018	0.24	0
3019	0.24	0
3020	0.24	0
3021	0.24	0
3022	0.24	0
3023	0.24	0
3024	0.24	0
3025	0.24	0
3026	0.24	0
3027	0.24	0
3028	0.24	0
3029	0.24	0
3030	0.24	0
3031	0.24	0
3032	0.24	0
3033	0.24	0
3034	0.24	0
3035	0.24	0
3036	0.24	0
3037	0.24	0
3038	0.24	0
3039	0.24	0
3040	0.24	0
3041	0.24	0
3042	0.24	0
3043	0.24	0
3044	0.24	0
3045	0.24	0
3046	0.24	0
3047	0.24	0
3048	0.24	0
3049	0.24	0
3050	0.24	0
3051	0.24	0
3052	0.24	0
3053	0.24	0
3054	0.24	0
3055	0.24	0
3056	0.24	0
3057	0.24	0
3058	0.24	0
3059	0.24	0
3060	0.23	0
3061	0.23	0
3062	0.23	0
3063	0.23	0
3064	0.23	0
3065	0.23	0
3066	0.23	0
3067	0.23	0
3068	0.23	0
3069	0.23	0
3070	0.23	0
3071	0.23	0
3072	0.23	0
3073	0.23	0
3074	0.23	0
3075	0.23	0
3076	0.23	0
3077	0.23	0
3078	0.23	0
3079	0.23	0
3080	0.23	0
3081	0.23	0
3082	0.23	0
3083	0.23	0
3084	0.23	0
3085	0.23	0
3086	0.23	0
3087	0.23	0
3088	0.23	0
3089	0.23	0
3090	0.23	0
3091	0.22	0
3092	0.22	0
3093	0.22	0
3094	0.22	0
3095	0.22	0
3096	0.22	0
3097	0.22	0
3098	0.22	0
3099	0.22	0
3100	0.22	0
3101	0.22	0
3102	0.22	0
3103	0.22	0
3104	0.22	0
3105	0.22	0
3106	0.22	0
3107	0.22	0
3108	0.22	0
3109	0.22	0
3110	0.22	0
3111	0.22	0
3112	0.22	0
3113	0.22	0
3114	0.22	0
3115	0.22	0
3116	0.22	0
3117	0.22	0
3118	0.22	0
3119	0.22	0
3120	0.22	0
3121	0.22	0
3122	0.22	0
3123	0.22	0
3124	0.22	0
3125	0.22	0
3126	0.22	0
3127	0.22	0
3128	0.22	0
3129	0.22	0
3130	0.22	0
3131	0.22	0
3132	0.22	0
3133	0.22	0
3134	0.22	0
3135	0.21	0
3136	0.21	0
3137	0.21	0
3138	0.21	0
3139	0.21	0
3140	0.21	0
3141	0.21	0
3142	0.21	0
3143	0.21	0
3144	0.21	0
3145	0.21	0
3146	0.21	0
3147	0.21	0
3148	0.21	0
3149	0.21	0
3150	0.21	0
3151	0.21	0
3152	0.21	0
3153	0.21	0
3154	0.21	0
3155	0.21	0
3156	0.21	0
3157	0.21	0
3158	0.21	0
3159	0.21	0
3160	0.21	0
3161	0.21	0
3162	0.21	0
3163	0.21	0
3164	0.21	0
3165	0.21	0
3166	0.21	0
3167	0.21	0
3168	0.21	0
3169	0.21	0
3170	0.21	0
3171	0.2	0
3172	0.2	0
3173	0.2	0
3174	0.2	0
3175	0.2	0
3176	0.2	0
3177	0.2	0
3178	0.2	0
3179	0.2	0
3180	0.2	0
3181	0.2	0
3182	0.2	0
3183	0.2	0
3184	0.2	0
3185	0.2	0
3186	0.2	0
3187	0.2	0
3188	0.2	0
3189	0.2	0
3190	0.2	0
3191	0.2	0
3192	0.2	0
3193	0.2	0
3194	0.2	0
3195	0.2	0
3196	0.2	0
3197	0.2	0
3198	0.2	0
3199	0.2	0
3200	0.2	0
3201	0.2	0
3202	0.2	0
3203	0.2	0
3204	0.2	0
3205	0.2	0
3206	0.2	0
3207	0.2	0
3208	0.2	0
3209	0.2	0
3210	0.2	0
3211	0.2	0
3212	0.2	0
3213	0.2	0
3214	0.2	0
3215	0.2	0
3216	0.2	0
3217	0.2	0
3218	0.2	0
3219	0.2	0
3220	0.2	0
3221	0.2	0
3222	0.19	0
3223	0.19	0
3224	0.19	0
3225	0.19	0
3226	0.19	0
3227	0.19	0
3228	0.19	0
3229	0.19	0
3230	0.19	0
3231	0.19	0
3232	0.19	0
3233	0.19	0
3234	0.19	0
3235	0.19	0
3236	0.19	0
3237	0.19	0
3238	0.19	0
3239	0.19	0
3240	0.19	0
3241	0.19	0
3242	0.19	0
3243	0.19	0
3244	0.19	0
3245	0.19	0
3246	0.19	0
3247	0.19	0
3248	0.19	0
3249	0.19	0
3250	0.19	0
3251	0.19	0
3252	0.19	0
3253	0.19	0
3254	0.19	0
3255	0.19	0
3256	0.19	0
3257	0.19	0
3258	0.19	0
3259	0.19	0
3260	0.19	0
3261	0.19	0
3262	0.19	0
3263	0.19	0
3264	0.19	0
3265	0.19	0
3266	0.18	0
3267	0.18	0
3268	0.18	0
3269	0.18	0
3270	0.18	0
3271	0.18	0
3272	0.18	0
3273	0.18	0
3274	0.18	0
3275	0.18	0
3276	0.18	0
3277	0.18	0
3278	0.18	0
3279	0.18	0
3280	0.18	0
3281	0.18	0
3282	0.18	0
3283	0.18	0
3284	0.18	0
3285	0.18	0
3286	0.18	0
3287	0.18	0
3288	0.18	0
3289	0.18	0
3290	0.18	0
3291	0.18	0
3292	0.18	0
3293	0.18	0
3294	0.18	0
3295	0.18	0
3296	0.18	0
3297	0.18	0
3298	0.18	0
3299	0.18	0
3300	0.18	0
3301	0.17	0
3302	0.17	0
3303	0.17	0
3304	0.17	0
3305	0.17	0
3306	0.17	0
3307	0.17	0
3308	0.17	0
3309	0.17	0
3310	0.17	0
3311	0.17	0
3312	0.17	0
3313	0.17	0
3314	0.17	0
3315	0.17	0
3316	0.17	0
3317	0.17	0
3318	0.17	0
3319	0.17	0
3320	0.17	0
3321	0.17	0
3322	0.17	0
3323	0.17	0
3324	0.17	0
3325	0.17	0
3326	0.17	0
3327	0.17	0
3328	0.17	0
3329	0.17	0
3330	0.17	0
3331	0.17	0
3332	0.17	0
3333	0.17	0
3334	0.17	0
3335	0.17	0
3336	0.17	0
3337	0.17	0
3338	0.17	0
3339	0.17	0
3340	0.17	0
3341	0.17	0
3342	0.17	0
3343	0.17	0
3344	0.17	0
3345	0.17	0
3346	0.17	0
3347	0.17	0
3348	0.17	0
3349	0.17	0
3350	0.17	0
3351	0.17	0
3352	0.17	0
3353	0.17	0
3354	0.17	0
3355	0.17	0
3356	0.17	0
3357	0.16	0
3358	0.16	0
3359	0.16	0
3360	0.16	0
3361	0.16	0
3362	0.16	0
3363	0.16	0
3364	0.16	0
3365	0.16	0
3366	0.16	0
3367	0.16	0
3368	0.16	0
3369	0.16	0
3370	0.16	0
3371	0.16	0
3372	0.16	0
3373	0.16	0
3374	0.16	0
3375	0.16	0
3376	0.16	0
3377	0.16	0
3378	0.16	0
3379	0.16	0
3380	0.16	0
3381	0.16	0
3382	0.16	0
3383	0.16	0
3384	0.16	0
3385	0.16	0
3386	0.16	0
3387	0.16	0
3388	0.16	0
3389	0.16	0
3390	0.16	0
3391	0.16	0
