task	reward	total_reward	total_reward_dev	joules
0	3.5430032083934635	45.94244937656824	7.293470952134	45.94244937656824
1	5.242501121048421	105.19101563505275	24.497154889685792	59.2485662584845
2	5.069888505818031	158.29186809587475	37.271092987729816	53.100852460822
3	3.9118579475443576	206.77319634637274	35.07977767302121	48.481328250498
4	7.8711351477116995	264.95242402101024	37.48518824217827	58.179227674637495
5	4.481745285266834	323.022122817533	37.281692935307845	58.069698796522744
6	7.736966068303699	387.575455523038	22.22165135369378	64.55333270550499
7	1.9002210010918201	448.13557501417296	18.07863653754103	60.560119491135
8	18.437179726282714	555.4393684167122	16.354129540914528	107.30379340253924
9	15.709090514061732	655.1272461018012	18.30601728997794	99.687877685089
10	7.807872216152595	721.7401041728123	12.032462186521505	66.612858071011
11	7.421833102265191	787.7864148051292	28.6868666001841	66.04631063231699
12	9.11981711990394	863.6535332846178	42.683719671664136	75.86711847948851
13	9.393462893720056	924.6020560075802	22.843525691889344	60.9485227229625
14	6.478523150216029	978.3004134843804	36.745957494613954	53.698357476800254
15	4.730616079773131	1036.2761568703465	51.4160533138213	57.975743385966
16	2.1298582362491354	1086.870284179151	45.89353686337407	50.594127308804495
17	6.764475889635493	1151.4388908576407	55.68630162930449	64.56860667848974
18	5.668434475792537	1204.8148707784371	52.36746157290881	53.375979920796496
19	2.8934588545541797	1252.7266450735694	46.798226397942116	47.91177429513224
20	6.01988060068812	1291.7544783966482	47.57147329873385	39.027833323078994
21	8.940859528379818	1367.7304995284912	54.89294714319185	75.97602113184298
22	4.480179387589615	1424.9202949600144	64.03765054619892	57.189795431522995
23	11.157836831201552	1497.4892182638853	86.39040036336401	72.568923303871
24	6.4166386416657915	1549.9867564882163	69.40848365715522	52.497538224330995
25	3.893411728786957	1594.950982078686	73.31803413822831	44.964225590469745
26	2.6436050287416704	1648.4972830741335	70.26226551519811	53.546300995447496
27	12.016204525831167	1722.3316622069756	95.5731755250854	73.83437913284199
28	5.918155201660238	1761.643478935674	93.13518621621292	39.3118167286985
29	6.5646463848102705	1820.4018052254721	92.16136345194815	58.758326289798
30	6.9243748158501175	523.6150573624644	793.6745269534332	63.102556470687745
31	9.978810637479313	589.4484240470747	813.6899709511496	65.83336668461024
32	5.78363427064952	650.3987528869953	809.2015409490526	60.95032883992074
33	5.747761251666597	707.7434155500241	803.8320803770686	57.34466266302876
34	9.902113409104894	766.0613134752206	792.6942467248602	58.3178979251965
35	7.173691499503224	285.5448952643325	124.67940371614534	53.4964798018415
36	3.926914905740299	330.65390764189345	129.70170382457968	45.109012377561
37	3.4946435077179085	378.101359941099	138.27634044948584	47.44745229920551
38	10.552179193978658	447.7641768750477	158.64007910646868	69.66281693394875
39	5.627730733639764	519.3082585064587	145.697623641777	71.544081631411
40	6.911126224780924	590.7584375794755	128.70343142344026	71.45017907301676
41	6.799628243598324	654.9980076128135	108.22397960954997	64.239570033338
42	10.802322757098718	722.0238947471927	137.34481952218766	67.02588713437925
43	15.013417115396086	810.7790273126213	153.18793298720846	88.75513256542874
44	8.073154021457643	883.9961775597333	154.10770386950486	73.21715024711175
45	4.9190149150638485	939.6373458406049	162.2280398581485	55.641168280871746
46	3.5402177513588677	997.7062952038565	169.2593712234825	58.0689493632515
47	6.364518562625433	1047.7434207020585	181.86367355295243	50.037125498202
48	8.216238733701195	1101.1679109087058	190.0014198565218	53.4244902066475
49	6.680417712530657	1151.9366699731677	179.5249064934006	50.76875906446175
50	10.032673066892242	1219.9281062536952	179.8646731538728	67.9914362805275
51	5.400980764300925	1272.7282619322284	165.4090396814568	52.80015567853326
52	5.5893242000205365	1325.2038734744044	157.72628091274873	52.475611542176
53	8.67872779706961	1382.3401577840043	181.92202959838724	57.1362843096
54	5.124505743884119	1436.6625122921969	176.3650717945835	54.322354508192504
55	7.096514929707462	1492.9201047467377	198.26806224320796	56.257592454541
56	11.010936003648625	1569.127266954899	192.2596476394235	76.20716220816125
57	4.334711306119043	1619.966374966106	202.4663107553296	50.839108011207
58	5.392944909171224	1673.907792293193	199.81795442146273	53.941417327087
59	5.391744172292331	1735.3239404674457	207.0306723348513	61.416148174252754
60	3.6167521765820005	1272.3773296638128	713.7793389111312	45.73656684037525
61	9.000223060739465	1338.0972480816026	730.3821644523165	65.71991841779
62	6.7822252345321505	502.3350917804439	725.399349508646	50.552649418113745
63	8.548476470277821	558.9816223362117	713.9485779172255	56.646530555767754
64	5.392505221833018	610.7400065352062	729.2672452897152	51.7583841989945
65	4.00900077137403	655.3815460484536	724.927779668484	44.641539513247494
66	7.4003211033025105	241.66887110606777	136.78266788706145	63.1581504649505
67	5.08308997326221	296.2986630247108	123.33184136312873	54.629791918643
68	6.56441422082791	348.7440884675555	123.73872987517271	52.445425442844744
69	9.99118099034039	432.4694687322558	120.00710248894698	83.72538026470025
70	11.316048853397643	502.13068130108957	135.13227925502494	69.66121256883375
71	8.259707206849434	569.7218662083155	146.92047419598364	67.59118490722601
72	9.579828183205796	634.563965663229	166.7178229129888	64.8420994549135
73	7.023618388761791	703.5721542614551	173.821659252425	69.008188598226
74	6.643971169748656	756.6959533629721	156.21533786728236	53.123799101516994
75	11.839457419581251	837.377397068851	162.13786604441583	80.68144370587899
76	7.534846079266628	894.978156203738	139.27565026736082	57.600759134887
77	8.232017828169493	962.0757237738094	160.29429972217673	67.0975675700715
78	5.36346506414588	1014.7138421066641	143.63660407476527	52.638118332854745
79	4.676388176573553	1073.0633076624576	151.62233443567106	58.3494655557935
80	5.650813725733849	1124.9511780444195	138.56700040768035	51.887870381962
81	6.903270948842866	1186.122036823998	139.74249755020088	61.1708587795785
82	3.914843751965879	1231.1465375086934	147.04085796699835	45.024500684695255
83	18.922607010426443	1320.4516025994428	152.95398618697	89.3050650907495
84	5.109187029037132	1377.0410565162838	165.93830022669079	56.589453916841
85	4.637923191618568	1419.9268542730154	170.64041454369521	42.8857977567315
86	11.300629315623464	1480.7442713327398	178.41366926865862	60.8174170597245
87	10.328155686179462	1547.959682705527	203.28310245298832	67.21541137278699
88	8.548168887812357	1616.3048413614572	195.75069341901576	68.3451586559305
89	4.556041841891136	1659.4192245528445	189.11063825560313	43.11438319138724
90	5.602943714774835	1704.1933698981948	178.7711370523036	44.77414534535025
91	9.208295945594507	1772.3955319270767	177.5330173888332	68.202162028882
92	6.146715152102628	1338.771751532714	768.266126020503	38.673753533713494
93	5.7828293118803895	1389.1946228998934	770.0325191043023	50.42287136717924
94	5.618546683651106	1429.3428467413673	770.4415395116064	40.148223841474
95	4.3755520365521505	1472.9610973059926	767.4987400959054	43.61825056462525
96	6.9984962136780595	984.4781165001943	840.4095186487447	49.49295379368124
97	8.268671287929193	1038.7865843915133	856.0737261753741	54.308467891319
98	4.872305145140119	644.9960774395735	805.9445992399085	58.4026551820305
99	3.6374273831989563	690.6749259948097	812.3717167668458	45.67884855523625
100	4.060265707476118	754.2857346720602	814.2730657829917	63.61080867725049
101	7.4118143045426566	810.5361571301198	806.4943153875867	56.25042245805975
102	8.560398559301374	873.905538092124	794.834596639106	63.36938096200399
103	4.219476915998033	922.1690056290514	792.1573977702308	48.2634675369275
104	4.911318901084063	989.5072498978044	797.5847511344348	67.33824426875302
105	11.965165380649434	1061.5094588566312	779.7074150631169	72.002208958827
106	6.816383315768478	1116.8771777533943	770.1600209724083	55.367718896762995
107	8.191720034553194	1177.4700763933054	762.2431422277413	60.592898639911
108	6.9093429898470164	1228.3679454931594	754.2165842118659	50.89786909985375
109	4.57373647918615	1271.432931155431	753.1275859925111	43.064985662272
110	5.990107357795733	1310.5438814482516	755.3432838512842	39.11095029282025
111	3.9994747844423557	1355.2120143416832	758.0221929600696	44.668132893431746
112	11.698167314358862	1419.4814824233506	800.1436345326805	64.2694680816675
113	7.488665638495315	1469.4396625740558	821.0127452712652	49.958180150705246
114	7.016097295092418	1519.353990639251	840.3662649405192	49.914328065194994
115	7.973556425920268	1573.288066264664	830.0189413995258	53.93407562541326
116	6.920649490637254	1628.197464604995	833.2372799109139	54.909398340330995
117	9.93763345394182	1690.891578492312	831.8311958637653	62.69411388731675
118	2.822964659753671	1749.0175020488712	832.7875941655518	58.125923556559
119	14.022228663340867	1839.618628465164	818.9774981878627	90.60112641629324
120	12.477170493906776	1930.284062760654	795.7186569237602	90.66543429548975
