task	r0_energy	r0_config	r0_reward	r0_rate	r0_avgrate	r0_rollrate	r1_energy	r1_config	r1_reward	r1_rate	r1_avgrate	r1_rollrate	r2_energy	r2_config	r2_reward	r2_rate	r2_avgrate	r2_rollrate	r3_energy	r3_config	r3_reward	r3_rate	r3_avgrate	r3_rollrate	c0	c1	c2	c3	c4	c5	c6	c7	c8	c9	c10	c11
0	6.5221043378512285	0	37.62579205683199	13.477895662148772	13.477895662148772	13.477895662148772	0.44191014581205934	0	54.599667509608	19.55808985418794	19.55808985418794	19.55808985418794	5.701994936979704	0	39.915264134264994	14.298005063020296	14.298005063020296	14.298005063020296	1.5060034129308626	0	51.629073805568	18.493996587069137	18.493996587069137	18.493996587069137	4	0	0	0	0	0	0	0	0	0	0	0
1	3.6229281742894344	0	83.345117570274	16.377071825710566	14.927483743929669	14.927483743929669	11.587495272856717	0	142.781425146333	31.587495272856717	25.572792563522327	25.572792563522327	4.415340031878213	0	83.42243987860499	15.584659968121787	14.941332515571041	14.941332515571041	1.3442410051693194	0	111.215079944999	21.34424100516932	19.91911879611923	19.91911879611923	4	0	0	0	0	0	0	0	0	0	0	0
2	0.8450633422471654	1	136.819315739834	19.154936657752835	16.336634715204056	16.336634715204056	8.182178774613018	1	221.456674225461	28.182178774613018	26.442587967219225	26.442587967219225	4.544064899456716	1	126.57025870095498	15.455935100543284	15.11286671056179	15.11286671056179	6.708247006955224	1	148.321223717249	13.291752993044776	17.709996861761077	17.709996861761077	0	4	0	0	0	0	0	0	0	0	0	0
3	4.334889410941376	1	180.55108280095598	15.665110589058624	16.1687536836677	16.1687536836677	3.6181471572771287	1	267.189346744729	16.38185284272287	23.92740418609514	23.92740418609514	2.556607776042508	1	189.540788742407	22.556607776042508	16.97380197693197	16.97380197693197	5.137787445916418	1	189.811567097399	14.862212554083582	16.998050784841702	16.998050784841702	0	4	0	0	0	0	0	0	0	0	0	0
4	3.9366579822384473	2	225.39457926720698	16.063342017761553	16.14767135048647	16.14767135048647	4.691419148942085	2	309.925801620599	15.308580851057915	22.203639519087695	22.203639519087695	17.422911017551755	2	294.013081999739	37.422911017551755	21.063623785055928	21.063623785055928	5.433552442114509	2	230.476233196496	14.56644755788549	16.51173013945046	16.51173013945046	0	0	4	0	0	0	0	0	0	0	0	0
5	5.453813376995223	2	266.002683589762	14.546186623004777	15.88075722923952	15.88075722923952	0.2826071125588072	2	364.970190098039	19.717392887441193	21.789265080479947	21.789265080479947	1.62489780884394	2	345.310242283383	18.37510219115606	20.615536852739282	20.615536852739282	10.565662842669369	2	315.805375298948	30.56566284266937	18.854052256653613	18.854052256653613	0	0	4	0	0	0	0	0	0	0	0	0
6	19.25010668940596	3	375.57589809768695	39.25010668940596	19.219235723549012	19.219235723549012	4.021563949813016	3	409.576657404811	15.978436050186984	20.95914664758095	20.95914664758095	2.4709891765184437	3	408.041753734497	22.470989176518444	20.880601470422018	20.880601470422018	5.205204457477377	3	357.107512855157	14.794795542522623	18.274158440349186	18.274158440349186	0	0	0	4	0	0	0	0	0	0	0	0
7	0.12485105196298463	3	431.06068891095697	19.875148948037015	19.30122487661001	19.30122487661001	1.317609125532062	3	469.088316213588	21.317609125532062	21.00395445732484	21.00395445732484	0.2892366879149826	3	463.067634647401	19.710763312085017	20.734371700629893	20.734371700629893	5.869187138957251	3	429.325660284746	25.86918713895725	19.223537027675192	19.223537027675192	0	0	0	4	0	0	0	0	0	0	0	0
8	15.90914817412645	4	531.30706089706	35.90914817412645	21.14654968744517	21.14654968744517	13.078525148410627	4	561.432532252901	33.07852514841063	22.34557342300104	22.34557342300104	20.628444156894325	4	576.488707918731	40.628444156894325	22.944824195770384	22.944824195770384	24.132601425699463	4	552.529172598157	44.13260142569946	21.99121084967789	21.99121084967789	0	0	0	0	4	0	0	0	0	0	0	0
9	18.677206350450156	4	639.2809286254	38.677206350450156	22.899615353745666	22.899615353745666	12.406863907153664	4	651.901693993705	32.406863907153664	23.351702471416303	23.351702471416303	19.171236538540896	4	685.8417432554911	39.171236538540896	24.567465430047434	24.567465430047434	12.581055260102211	4	643.4846185326089	32.58105526010221	23.05019529072032	23.05019529072032	0	0	0	0	4	0	0	0	0	0	0	0
10	11.231053025202147	1	726.467618320756	31.231053025202147	23.657018778423527	24.323900934533622	2.2375774066059684	2	701.48845706693	17.76242259339403	22.843586118868824	23.965719093356096	5.655522437512236	2	725.8867431174361	14.344477562487764	23.63810289663292	24.070991550300395	12.107335995290029	1	733.1175981861269	32.10733599529003	23.873571718408474	25.795503894421035	0	2	2	0	0	0	0	0	0	0	0	0
11	6.642051403846686	0	763.7585581516839	13.357948596153314	22.798762929901013	25.674653998247823	0.8848549446954053	2	754.851570346322	19.115145055304595	22.532882696905137	24.52960221951134	11.689589059359996	3	814.3535125748161	31.689589059359996	24.309060076860177	26.21908157119508	10.470837001158678	4	818.1820181476949	30.470837001158678	24.423343825304325	26.679246557415222	1	0	1	1	1	0	0	0	0	0	0	0
12	10.802690461766925	4	849.74940235745	30.802690461766925	23.414449663121466	25.346255461021972	3.8870717470400002	3	799.833495052502	16.11292825296	22.039040047370897	23.69944276030775	11.36046640045851	3	901.9014812760961	31.36046640045851	24.851475947906202	23.712384097833386	10.429039870350326	4	903.1297544524228	30.429039870350326	24.885320444154015	24.979045825529013	0	0	0	2	2	0	0	0	0	0	0	0
13	11.924483918500528	4	938.871919963264	31.924483918500528	24.0223092527914	26.73704646113029	10.527055163002267	4	885.05485738255	30.527055163002267	22.645326841344566	26.579018377901512	7.46128825624597	1	936.9053848940761	12.53871174375403	23.971992790466764	26.497094692661584	7.6610242371314605	0	937.5760617904308	12.33897576286854	23.989152966919338	25.81947776341798	1	1	0	0	2	0	0	0	0	0	0	0
14	11.42751135843821	4	1026.607055838904	31.42751135843821	24.515989393167853	25.7932699933258	5.939914588905072	2	924.30592915519	14.060085411094928	22.072977412661256	24.152194834319424	1.1998909991327729	1	989.389022521497	18.800109000867227	23.627200537826795	22.951936688229452	7.346775654388059	1	972.8996464219308	12.65322434561194	23.23342439216551	22.605966297494646	0	2	1	0	1	0	0	0	0	0	0	0
15	9.368075574114858	3	1108.592933483308	29.368075574114858	24.819244779477042	22.406727214860286	5.008193888475699	3	966.1580545498621	14.991806111524301	21.630404206340195	20.863003838977683	1.6280175186607764	3	1049.767238094425	21.628017518660776	23.50225159912892	19.83335719899371	2.9181773378411897	1	1020.5864013537908	17.08182266215881	22.848949284040092	18.488833948909363	0	1	0	3	0	0	0	0	0	0	0	0
16	6.406673021380065	2	1146.5409712986218	13.593326978619935	24.15889667354427	18.594295472395952	0.09338138636035609	1	1021.7306981796061	19.906618613639644	21.5290050538284	19.35105975747306	0.5062554400000003	0	1107.013867864425	20.50625544	23.326016530944866	18.25893416562924	1.5131230972561198	3	1072.195599373951	18.48687690274388	22.592356791022667	18.701613314794137	1	1	1	1	0	0	0	0	0	0	0	0
17	11.12042036910006	3	1233.4188114956928	31.12042036910006	24.54564798996404	19.93364445161742	0.39570587645134125	1	1076.459352607846	19.60429412354866	21.422076668812856	20.628751429411093	6.875139625692658	1	1143.6541030760332	13.124860374307342	22.75928563335389	19.00442990943034	8.666637687297914	3	1152.2232962509909	28.666637687297914	22.929816840815736	20.371913067007704	0	2	0	2	0	0	0	0	0	0	0	0
18	7.05556519698173	0	1269.555358654119	12.94443480301827	23.93505782223005	19.503554795443453	0.4427860322512238	1	1131.056574934478	19.557213967748776	21.3239260003358	19.751093926002447	5.599009719393436	0	1183.8568676093932	14.400990280606564	22.319375351630345	19.83186025620111	9.576376954543761	4	1234.7906819157588	29.57637695454376	23.27963579416984	20.798836090291523	2	1	0	0	1	0	0	0	0	0	0	0
19	3.72316620295463	1	1314.9948530042038	16.27683379704537	23.552146620970817	20.37589392599606	0.26180180101731665	1	1186.159044906638	19.738198198982683	21.244639610268145	20.50102605561994	0.11177093547175687	0	1240.0022281375852	20.111770935471757	22.20899513082242	19.400161112257106	7.477096478773015	0	1269.7504542458507	12.522903521226985	22.741799180522698	18.692022052024942	2	2	0	0	0	0	0	0	0	0	0	0
20	4.67017126491773	1	1357.7906248896418	15.32982873508227	23.160607674023744	18.912518888102433	5.707487309188776	1	1226.058976168486	14.292512690811224	20.91358594743686	17.475106388453767	6.430815644465673	3	1277.8828677967851	13.569184355534327	21.797575570094416	17.537581343705373	7.271048184180302	3	1305.2854447316806	12.728951815819698	22.26499692506065	16.854755128512465	0	2	0	2	0	0	0	0	0	0	0	0
21	0.5164015390786858	1	1412.1823372597137	19.483598460921314	22.99347089161	17.36301594654394	2.9347352142710434	1	1273.699507028646	17.065264785728957	20.73866225826832	16.111904729662463	21.68980670665743	4	1394.2669115195372	41.68980670665743	22.70176789448364	18.653202020623663	10.62249465351211	3	1390.7732423060686	30.62249465351211	22.644883185444808	19.741631666076607	0	2	0	1	1	0	0	0	0	0	0	0
22	2.739825361568002	1	1460.3669914586696	17.260174638431998	22.744197141471822	19.45647203637263	5.248739671624602	1	1314.880108778694	14.751260328375398	20.478340435229498	19.679307717087475	0.2886422627572536	1	1450.906037836401	20.288642262757254	22.596849388756407	20.175189069854973	9.643510254408604	3	1473.5280417662925	29.643510254408604	22.949171318878015	21.71028882621471	0	3	0	1	0	0	0	0	0	0	0	0
23	4.738444003634628	1	1502.9721686151897	15.261555996365372	22.432420427092385	21.87952599029781	5.587553261965375	1	1355.1148559223739	14.412446738034625	20.225594864513045	22.047875482519302	24.631352815829963	4	1575.501897780593	44.63135281582996	23.514953698217806	24.56265091801017	9.673997243376242	4	1556.3679507373845	29.673997243376242	23.22937239906544	25.8235241637749	0	2	0	0	2	0	0	0	0	0	0	0
24	5.140750721936719	1	1544.4542395164497	14.859249278063281	22.129493581131225	23.140468420915486	10.443453921658264	4	1440.1028314536698	30.443453921658264	20.634309226798855	23.1225643477301	2.7784483908470463	0	1623.578729356145	17.221551609152954	23.263217614655208	23.1187020448022	7.303901532221136	1	1591.8112256266004	12.696098467778864	22.808041441813977	22.913185858742544	1	2	0	0	1	0	0	0	0	0	0	0
25	1.5290867011222673	1	1596.0188724758166	18.470913298877733	21.9887789548907	22.73141296235459	6.2136763114564815	1	1478.5896517508538	13.786323688543519	20.37092516763519	21.14569430576808	0.42091417420991206	1	1678.237010619809	19.579085825790088	23.121520238160397	21.57744728871055	7.409969728359167	1	1626.9583934682644	12.590030271640833	22.415041012191928	21.395205642071172	0	4	0	0	0	0	0	0	0	0	0	0
26	1.4283057722727186	1	1647.8648521948885	18.57169422772728	21.86222026129206	18.789239783260907	2.4666554700260264	0	1541.30906493801	22.466655470026026	20.44854480846448	18.068505605925886	1.182083658822684	1	1737.3703275006892	21.182083658822684	23.049689253740482	18.700789044001827	5.4973752138452525	2	1667.4448876629465	14.502624786154747	22.12198855937574	17.10670613045147	1	2	1	0	0	0	0	0	0	0	0	0
27	17.579632171339945	4	1752.7746586732126	37.579632171339945	22.42355640093663	19.14251418667017	5.5597171286376135	1	1581.6215212872298	14.440282871362387	20.233964024996546	19.316932627028525	19.349048497880837	4	1847.2197545572733	39.34904849788084	23.631809226745496	21.404746146928836	5.5764203054662715	1	1707.7107143101864	14.423579694533728	21.847045385631382	21.468471747527854	0	2	0	0	2	0	0	0	0	0	0	0
28	5.336340603573248	1	1793.7107078215706	14.663659396426752	22.1559737456087	20.976929104591523	4.23128181417648	0	1625.6425262226537	15.76871818582352	20.079990030542305	21.29479789600979	7.0017247275658505	1	1883.5066063594852	12.99827527243415	23.26513564211407	20.737456000480478	7.103273661325375	3	1743.7140753389865	12.896726338674625	21.53841369435701	19.78046308734534	1	2	0	1	0	0	0	0	0	0	0	0
29	5.384821287880596	1	1834.5114150595707	14.615178712119404	21.904613911159057	19.12377259267501	2.4204778624195846	0	1674.7186921900657	17.579522137580415	19.99664110077691	19.431462327817577	3.228476277375524	0	1930.3271100851453	16.771523722624476	23.048681911464417	17.350651482946027	15.224810111565375	4	1842.0500035671066	35.224810111565375	21.994626908263957	19.429104206966326	2	1	0	0	1	0	0	0	0	0	0	0
30	6.74892717816585	0	36.992578294287	13.25107282183415	21.62546742440664	16.819306639361663	1.7557451154560049	0	50.931878219351994	18.244254884543995	19.940112513156492	17.20137415836269	19.0565512823422	0	109.03287232987198	39.0565512823422	23.56506479439596	19.640663346954234	0.1362756874364166	2	1897.5029006063467	19.863724312563583	21.925888114854267	20.050163959628243	3	0	1	0	0	0	0	0	0	0	0	0
31	5.7069765461403	0	76.893935436312	14.2930234538597	21.39632855032705	20.179638777770794	11.103218554526567	0	137.761696684072	31.103218554526567	20.28895957694931	22.000287999355983	7.086441730888598	0	145.08322249780798	12.913558269111402	23.232205215480814	21.830125955055188	16.01860571836179	1	1998.0548415701066	36.01860571836179	22.366285539963876	23.674034313133323	3	1	0	0	0	0	0	0	0	0	0	0
32	6.514030431133014	1	114.54226714939901	13.485969568866986	21.156620702404016	23.345478897757573	11.696710911135991	1	226.24834797766	31.69671091113599	20.6346490113186	22.992668977714636	3.5364648587629866	1	210.78918689518798	23.536464858762987	23.241425204671184	24.02120818140752	1.3873308815660899	3	2050.0152095257345	18.61266911843391	22.252539587796303	24.058049604796512	0	3	0	1	0	0	0	0	0	0	0	0
33	12.578265903712001	1	205.489926130595	32.578265903712	21.492551443618957	23.41022106693349	3.203736384316418	1	273.13791723811	16.796263615683582	20.52175532321169	23.103474997245492	4.888897313884774	1	252.974348560593	15.111102686115226	23.00229807177248	23.185282920471046	2.3201454047531946	3	2099.3714702707985	17.679854595246805	22.118048852721316	21.84294652454307	0	3	0	1	0	0	0	0	0	0	0	0
34	6.553606575535998	2	243.02777444055698	13.446393424464002	21.26266121450024	21.89623004007833	21.584213391484894	2	389.227179622672	41.584213391484894	21.123539839448068	22.452790807390638	4.609781769740181	2	295.938707786735	15.39021823025982	22.78481007630069	22.643215673529923	6.860851899658506	2	2136.0515920509183	13.139148100341494	21.861508831224747	20.787459392450472	0	0	4	0	0	0	0	0	0	0	0	0
35	6.325847232032	2	281.20145091780097	13.674152767968	21.051869313207682	19.801228183370974	4.265526663840477	2	433.152584352784	15.734473336159523	20.973843547690052	19.513408605143532	5.430172827187821	2	336.612808644169	14.569827172812179	22.556616106759343	17.71256473205355	12.6732192749526	0	91.212737142576	32.6732192749526	22.161834121328297	19.30026029798045	1	0	3	0	0	0	0	0	0	0	0	0
36	5.322271409024001	3	322.17677656760895	14.677728590975999	20.87959523963385	19.256922888466526	0.1707342013750477	3	489.462550664956	20.170734201375048	20.952137889681538	19.506010849079352	4.68046751356418	3	379.37983683546895	15.31953248643582	22.361019252156005	19.693324755276535	5.534186498997968	0	131.59646649954	14.465813501002032	21.953833564022183	16.981484766228256	1	0	0	3	0	0	0	0	0	0	0	0
37	4.848366842767993	3	364.475085798215	15.151633157232007	20.72885939536012	16.95762625892547	0.9814916477024518	3	548.035881514792	20.981491647702452	20.952910356997876	17.741860613661565	0.9304426948331894	3	432.61568431239294	19.06955730516681	22.274401832498395	18.28140106738145	7.218272845568	1	167.27878813899602	12.781727154432	21.712462342717178	17.986126449208697	0	1	0	3	0	0	0	0	0	0	0	0
38	5.2339556946975545	4	405.696959483851	14.766044305302445	20.57596670074326	18.00574816245772	0.6342403337708689	4	605.639802446569	20.63424033377087	20.944739330761287	16.801850268339546	30.377807797910926	4	573.253731081561	50.377807797910926	22.99500198545769	20.37185818903304	5.962712949535282	1	206.46621448821003	14.037287050464718	21.515662976249164	19.75851347394201	0	1	0	0	3	0	0	0	0	0	0	0
39	0.7970456870567197	4	463.755378693551	20.79704568705672	20.581493675401095	20.306264794004097	0.49769016280322376	4	662.862520817728	20.497690162803224	20.933563101562335	20.909452460184216	5.570235236392005	4	644.6373044498221	25.570235236392005	23.05938281673105	21.951312668100215	15.645951848307107	2	305.977830064734	35.64595184830711	21.868920198050613	23.41775868816068	0	0	1	0	3	0	0	0	0	0	0	0
40	13.296528916817785	3	556.708188586334	33.296528916817785	20.891616486167354	24.840455849325778	2.488889199558205	2	711.7477051356279	17.511110800441795	20.85008865519354	25.31339421392676	0.1451752573946301	2	700.065356856262	19.85482474260537	22.981222863703593	25.82227225765705	11.713911525353076	2	394.512499739678	31.713911525353076	22.10904193774092	26.930239376815273	0	0	3	1	0	0	0	0	0	0	0	0
41	4.780135280608233	3	599.196977594636	15.219864719391767	20.756574777434604	23.414445068963357	0.6921348318208942	3	765.6488287301279	19.307865168179106	20.813369048359863	23.941502880734795	2.1046078434208972	1	750.023326626712	17.895392156579103	22.860131656391104	23.651337527687033	19.621635018543273	3	505.122897499778	39.62163501854327	22.526008439664785	25.56373201326104	0	1	0	3	0	0	0	0	0	0	0	0
42	6.361880214515583	2	637.27006199578	13.638119785484417	20.59102931250553	24.370520468170284	13.801485696733494	3	860.0113096335089	33.801485696733494	21.115418272740648	24.186073853012918	15.821705824183404	2	850.025588719224	35.821705824183404	23.16156361378162	24.438591543749478	7.224219292962388	3	540.7886186402579	12.775780707037612	22.299258957510663	23.96505853440906	0	0	2	2	0	0	0	0	0	0	0	0
43	6.441067616753671	3	675.122081565676	13.55893238324633	20.431208927749637	23.335469298473157	21.154195199954025	4	974.9001045667138	41.154195199954025	21.570845021086406	24.279497665933253	16.407755459169188	3	951.663906042738	36.40775545916919	23.46261342844952	26.398286739910997	16.05065018570746	4	641.4300170753579	36.05065018570746	22.61179057633332	28.072565241663824	0	0	0	2	2	0	0	0	0	0	0	0
44	2.085904143622333	3	725.132265831397	17.914095856377667	20.37527308171915	28.074435611643686	13.868400966329077	4	1069.4493905977158	33.86840096632908	21.8441240420918	27.499112206422268	1.6063261103173758	4	1003.0129123181019	18.393673889682624	23.349970327588032	27.97466761684209	14.731984865561792	4	738.3901414917179	34.73198486556179	22.88112822720506	28.067717533724913	0	0	0	1	3	0	0	0	0	0	0	0
45	1.1008312492357	3	777.8924452606141	18.8991687507643	20.343183857133173	26.375463826383005	9.700359344782083	4	1152.3628937685658	29.700359344782083	22.014911766063328	28.067921690157455	6.128503946433435	2	1041.737505467642	13.871496053566565	23.143916539022346	28.099178057189476	2.746365119804178	1	786.556538865598	17.253634880195822	22.758791415313556	25.709122025213656	0	1	1	1	1	0	0	0	0	0	0	0
46	0.6882524395520022	3	831.804407200198	19.311747560447998	20.321238404012213	23.99952123534154	8.682070867435229	4	1232.4336749401557	28.68207086743523	22.156766215028686	23.26266330351432	4.516847888353912	2	1084.961305112654	15.483152111646088	22.98092155120583	23.01956892904116	0.2736998100943282	0	841.625793562418	19.726300189905672	22.694270325411264	21.60535885139882	1	0	1	1	1	0	0	0	0	0	0	0
47	6.003133205549849	2	870.8789936680381	13.99686679445015	20.189480662146337	21.165678141875567	8.57653001948513	4	1312.2098212445517	28.57653001948513	22.290511294288194	20.550132657267902	7.2192775041282395	0	1120.640822080296	12.78072249587176	22.768417404219704	19.938288031778647	3.6591335213385108	0	887.244045815348	16.34086647866149	22.56190774527064	18.60233874516659	2	0	1	0	1	0	0	0	0	0	0	0
48	5.063801235486569	3	912.5758818856381	14.936198764513431	20.082270827500768	18.708809016261277	5.547147339439999	1	1352.5573682552817	14.452852660560001	22.130559077273332	18.4287307942977	14.706739107985676	1	1217.530468756756	34.706739107985676	23.012056622663906	19.968229949051462	7.547267251892537	0	922.0079247371481	12.452732748107463	22.355598051450986	18.345296137118684	1	2	0	1	0	0	0	0	0	0	0	0
49	4.706129014829852	2	955.271271719238	15.293870985170148	19.986502830654157	18.326368024471087	5.475720203420897	3	1393.1043160207319	14.524279796579103	21.978433491659448	17.80616598513843	6.807337921823045	1	1254.359983725	13.192662078176955	22.815668731774167	17.725745513511114	9.732483710048832	4	1005.0111084277011	29.732483710048832	22.503135764622943	17.841340882567486	0	1	1	1	1	0	0	0	0	0	0	0
50	11.455624081213134	3	1043.084888945958	31.455624081213134	20.211387561057272	19.708831041101625	4.361682018049912	3	1436.761287053676	15.638317981950088	21.85411750127299	19.63857619143048	17.32000476100896	3	1358.5449970161499	37.32000476100896	23.100067477445435	21.876956791080037	6.9933814072969565	0	1041.321251998997	13.006618592703044	22.31692954556569	21.73233338429434	1	0	0	3	0	0	0	0	0	0	0	0
51	0.2182011321695505	0	1099.527367106598	20.21820113216955	20.21151859127097	20.283479586712726	5.724286327838804	3	1476.6143210551259	14.275713672161196	21.708378966097765	20.465777679118098	7.2506979982317645	2	1394.1367984377528	12.749302001768235	22.901014295220875	20.21132078077791	8.410737598963582	3	1120.634561129437	28.410737598963582	22.43411816197719	21.599966561016355	1	0	1	2	0	0	0	0	0	0	0	0
52	4.5983577840792815	3	1142.52361829271	15.401642215920718	20.1207662068304	21.820864574790736	4.067019449528358	0	1521.0938917585258	15.932980550471642	21.599409184670858	20.44091425883302	4.9188031959192795	1	1436.2384728491447	15.08119680408072	22.753470568972947	18.803471531119776	8.773116370555229	0	1200.959510997237	28.77311637055523	22.55372190176168	20.116951369980292	2	1	0	1	0	0	0	0	0	0	0	0
53	6.780191351782689	3	1179.42891743565	13.219808648217311	19.992970696485713	17.706931758701124	18.29091300997205	3	1627.9893572446979	38.29091300997205	21.90851110736162	20.235361200428024	3.1245363146784477	3	1483.3491423040007	16.875463685321552	22.644618589646072	19.901087455743227	6.519270511845255	1	1238.593214151669	13.480729488154745	22.385703523731923	19.82158903734258	0	1	0	3	0	0	0	0	0	0	0	0
54	5.1285382047336086	3	1220.945081614102	14.871461795266391	19.899852352827182	20.033805016692394	4.917175800771343	4	1670.0955748008778	15.082824199228657	21.78440770903193	18.701013676718905	1.2857897749014953	1	1535.5929791824008	18.714210225098505	22.573156619381567	19.03227047763668	9.166519195130029	3	1320.016413571407	29.16651919513003	22.508991081393706	20.35562434210252	0	1	0	2	1	0	0	0	0	0	0	0
55	5.495958039730146	0	1261.435532086522	14.504041960269854	19.803498595817228	20.29790885772143	14.496976692518928	1	1766.3996347341597	34.49697669251893	22.011417869451343	20.870294889917805	0.43634251621946163	1	1590.2081896579548	19.56365748378054	22.519415563388694	21.504679773474127	7.956782470361311	0	1353.637062508315	12.043217529638689	22.32210226796951	18.87991022544079	2	2	0	0	0	0	0	0	0	0	0	0
56	26.192274245081776	3	1390.388964354042	46.19227424508178	20.266459572120116	21.81159128141681	10.425773672539947	4	1851.3382529033338	30.425773672539947	22.15903814669851	23.50609569985533	1.5509389553453126	3	1641.7118184076157	18.449061044654687	22.44800583498985	23.863855624794162	5.874757141627464	0	1393.070032154605	14.125242858372536	22.178297716923947	23.76809749070855	1	0	0	2	1	0	0	0	0	0	0	0
57	1.0673171752883555	3	1443.2427039063618	18.932682824711645	20.243463421302728	23.789944750669864	5.091470142655044	3	1921.3852737182458	25.091470142655044	22.209597319042587	23.382439845422365	3.341722602488357	3	1688.2161761423358	16.658277397511643	22.3481829308954	23.597863389146543	7.838335304044417	0	1427.021346097481	12.161664695955583	22.005597147596905	21.36433218949021	1	0	0	3	0	0	0	0	0	0	0	0
58	5.482398585633437	3	1483.7710078548018	14.517601414366563	20.14641491271059	20.85972658254881	0.6734776686973127	0	1979.098732210026	20.673477668697313	22.18356139276555	21.722752596454676	6.658893744646685	1	1725.4600977718637	13.341106255353315	22.195520614360788	18.437635797481825	8.757009637707462	4	1507.301331336081	28.757009637707462	22.12002786776827	18.270759393998578	1	1	0	1	1	0	0	0	0	0	0	0
59	6.71244906727212	3	1520.865420875334	13.28755093272788	20.032100513044213	17.754608382805895	0.07141073456429936	0	2034.732710576034	19.9285892654357	22.14597852397672	18.334943023512214	13.770289679800364	1	1819.7354897946398	33.770289679800364	22.388433432118113	19.818703709021086	1.0128272075325384	0	1565.962140623776	21.01282720753254	22.101574523431008	19.410839415508832	2	1	0	1	0	0	0	0	0	0	0	0
60	6.798300378316419	3	1557.720165652534	13.20169962168358	19.920126727939937	19.06518163792603	1.4216885943432835	0	51.864452674125	18.578311405656716	22.08749217777475	19.706846308896147	5.0121342091548655	0	1861.5766151274158	14.987865790845134	22.267112651113635	19.753872746543998	1.2348855245134338	0	1618.348085201176	18.765114475486566	22.046878457071266	19.563036427222922	3	0	0	1	0	0	0	0	0	0	0	0
61	5.177696902776836	3	1599.099095132282	14.822303097223164	19.837903766154184	19.711156111409913	5.739822591031643	0	91.674114607495	14.260177408968357	21.961245165374645	18.261472888536	10.298571683841914	1	1946.1601277448078	30.298571683841914	22.39665231293183	19.962574963647405	14.78480106530747	0	1715.455654841826	34.78480106530747	22.252328821720234	21.448196143634583	2	1	0	1	0	0	0	0	0	0	0	0
62	9.781273932787585	0	83.139389729032	29.781273932787585	19.99573503864043	21.049294568933306	5.005947517702685	1	133.532511120575	14.994052482297315	21.8506548053258	20.447417096409783	7.339200065668777	0	35.344733150008	12.660799934331223	22.242114973588965	20.393327127674546	5.002479421969555	0	1757.3237331221608	14.997520578030445	22.13717313531246	20.035248044911917	3	1	0	0	0	0	0	0	0	0	0	0
63	17.679541995434036	0	188.32811113295202	37.679541995434036	20.272044522340327	22.304415665370804	4.473790512466861	1	176.87651260660502	15.526209487533139	21.75183534723529	21.980525166575468	4.933887457274265	0	77.404297331784	15.066112542725735	22.129989935606726	22.004906111125727	7.10668591593612	1	1793.3175682735057	12.89331408406388	21.9927378376367	21.868219778635275	2	2	0	0	0	0	0	0	0	0	0	0
64	0.825658200308542	1	241.85648199042402	19.174341799691458	20.25515678814573	20.75579679022023	5.738789632104121	2	216.689058216981	14.26121036789588	21.63659496293776	18.70343772047907	7.13992915525731	1	113.305328440024	12.86007084474269	21.98737579574728	17.01131741167458	7.865643899662096	0	1871.1091574933957	27.865643899662096	22.083090238590934	18.298476553411056	1	2	1	0	0	0	0	0	0	0	0	0
65	1.159034752197254	1	294.45417664054	18.840965247802746	20.23372964359508	18.916493084758212	1.341675252575044	2	268.776881470209	18.658324747424956	21.591469656642115	19.282573501697662	6.564837248825313	1	150.81182445372	13.435162751174687	21.85779681022345	16.858135577271728	6.970455831898507	0	1907.4833016293458	13.029544168101493	21.945915298128973	16.608469045328558	1	2	1	0	0	0	0	0	0	0	0	0
66	9.466634327250155	2	376.71519747078	29.466634327250155	20.37153419111232	18.048521223781	10.5816380632	3	354.150621063309	30.5816380632	21.72565127465044	19.817353621694615	2.5619600441198855	2	199.493019330552	17.438039955880114	21.791830290009372	19.64372343731348	6.991051978640002	0	36.316646559629994	13.008948021359998	21.812527726833917	19.51849720265989	1	0	2	1	0	0	0	0	0	0	0	0
67	1.5447263122951647	2	428.236169848956	18.455273687704835	20.343353889591622	20.078017486956107	6.338983330723822	3	392.287625931705	13.661016669276178	21.607053706924347	18.657554763917517	3.1447089289552252	2	246.547373570552	16.855291071044775	21.7192341250246	18.45898734624172	9.303941321074625	0	118.12348274762999	29.303941321074625	21.922695573808046	19.523549003606686	1	0	2	1	0	0	0	0	0	0	0	0
68	3.9946774744511053	3	472.91769523278003	16.005322525548895	20.280483869822888	19.780564981044108	4.380996029889076	4	435.890678681598	15.619003970110924	21.520270377405314	20.03951096124505	10.701670549962504	3	332.256203855864	30.701670549962504	21.84941436306718	20.163014583516286	7.180312829008956	1	153.91177609998	12.819687170991044	21.790767915796206	18.386819494295388	0	1	0	2	1	0	0	0	0	0	0	0
69	2.37940322990746	3	535.3935292496051	22.37940322990746	20.31046843210981	18.880955821698127	12.273225847570622	4	525.986767506066	32.27322584757062	21.673884026979103	20.807383604319188	15.603173777970156	3	431.648397319364	35.603173777970156	22.045896640422935	22.522173613345718	9.708921105913316	1	236.849180853988	29.708921105913316	21.903884389940735	24.126964057009427	0	1	0	2	1	0	0	0	0	0	0	0
70	11.163117102147822	4	622.3905644931011	31.163117102147822	20.463322638730066	25.557746660119737	5.689739852643349	3	565.93624375077	14.31026014735665	21.570171014590056	24.058378542747935	21.375520952468655	4	547.155059978339	41.375520952468655	22.31814487017006	26.59539838543991	7.035817506330746	2	273.040856982148	12.964182493669254	21.777973095627054	26.32991623779575	0	0	1	1	2	0	0	0	0	0	0	0
71	9.401838196869729	4	704.4706961260291	29.40183819686973	20.58746868814867	26.19993300248647	5.870888136287043	2	605.380014370302	14.129111863712957	21.466822970827874	26.330875471758663	15.541111672752244	4	646.373996731439	35.541111672752244	22.50179718687259	27.647046316043145	2.224990821488717	2	322.662757605492	17.775009178511283	21.722376374556	26.197224649137205	0	0	2	0	2	0	0	0	0	0	0	0
72	6.344006180845138	0	778.0143800475552	26.34400618084514	20.666325366130813	25.271307889424705	5.844306456600844	3	644.897992178958	14.155693543399156	21.366670512917892	23.715985133173287	19.2696915861015	2	756.0018857426389	39.2696915861015	22.731494370423672	24.526642581568655	6.861308509275702	3	359.341604683764	13.138691490724298	21.60479165011995	24.40948571590542	1	0	1	2	0	0	0	0	0	0	0	0
73	3.2384009162603036	2	842.8882492721152	23.238400916260304	20.70108314383527	22.595773712284583	4.608534498197489	1	687.86583337149	15.39146550180251	21.28592449925417	22.838502013097912	16.556239737573726	4	858.0547216766989	36.556239737573726	22.918315253763538	23.55394216716831	3.6912984030156437	3	425.479812725516	23.691298403015644	21.632987687321243	24.510160821098577	0	1	1	1	1	0	0	0	0	0	0	0
74	4.985213026720954	0	884.8045295725192	15.014786973279046	20.625265861561186	22.45752835115126	5.793103584011941	0	727.5267525327899	14.206896415988059	21.191537458143955	22.10071707489894	4.450784581408959	0	901.4629480535989	15.549215418591041	22.82006058929457	21.021237998673534	11.346783486852768	4	512.98958329298	31.346783486852768	21.76250496464833	22.740346993018893	3	0	0	0	1	0	0	0	0	0	0	0
75	9.963761035051935	0	968.4533624620392	29.963761035051935	20.748140798054486	21.809753937913932	5.877283527488004	1	766.9526693518859	14.122716472511996	21.098526655701427	21.908156436092703	18.3470275421397	4	1008.5150666087388	38.3470275421397	23.02436278604253	23.419019098680643	13.16975757364537	4	605.5884898527399	33.16975757364537	21.91260039371408	25.196848305864926	1	1	0	0	2	0	0	0	0	0	0	0
76	6.741278232549256	0	1005.4672940628392	13.258721767450744	20.650875615838853	22.867096508852633	1.930074704110332	0	817.3978774695779	18.069925295889668	21.059194170509066	22.304959198140033	5.13212372225313	0	1050.0212212174488	14.86787627774687	22.918434389830903	22.290268128586813	16.335907658153793	2	707.0262320650859	36.33590765815379	22.099916072473036	24.50316925280339	3	0	1	0	0	0	0	0	0	0	0	0
77	24.529295465074625	0	1129.7782439028392	44.529295465074625	20.957009203649566	27.401177257451742	0.0046393459424507455	0	873.2441623103339	20.00463934594245	21.045674236860776	26.266962843360716	1.7253148586089573	1	1101.0380505704989	18.274685141391043	22.858899143056032	25.098055253994623	6.66882164305194	3	744.2424383115658	13.33117835694806	21.987496358171434	25.018901442438235	2	1	0	1	0	0	0	0	0	0	0	0
78	6.692141028244777	0	1166.9293501989891	13.307858971755223	20.86018451716989	22.514984585399787	0.01554610571558257	2	929.1208951887899	20.015546105715583	21.032634640264003	21.19956343860681	6.323898354121194	1	1139.2171676652438	13.676101645878806	22.74266120005379	21.241301426449613	8.422274768501968	3	823.5879553736338	28.422274768501968	22.06894924944144	22.276536373710844	1	1	1	1	0	0	0	0	0	0	0	0
79	8.61025779552239	2	1246.7996532114892	28.61025779552239	20.957060433149298	23.650774525488394	2.545120746849907	0	992.0593572737458	22.545120746849907	21.051540716596328	22.271695834358006	3.153836313264481	1	1186.2460412907137	16.84616368673552	22.66895498113731	19.503382656524092	4.396337850657433	4	867.1481788738818	15.603662149342567	21.988133160690204	19.063284936864104	1	1	1	0	1	0	0	0	0	0	0	0
80	6.752562117791044	2	1283.7820839659892	13.247437882208956	20.861879907829046	18.560560210945898	4.361535588223285	0	1035.7167370899558	15.638464411776715	20.98471261406769	18.791288816428764	3.014130068823878	0	1233.6649281819136	16.985869931176122	22.598793437310626	19.159089912370852	8.475027128097192	4	946.6409629398197	28.475027128097192	22.068218271398933	20.005038014609017	2	0	1	0	1	0	0	0	0	0	0	0
81	10.008233001014922	4	1367.5550677604892	30.008233001014922	20.973420799209364	21.638251150122628	4.127327790575759	0	1080.0279470079317	15.872672209424241	20.922370657913504	20.383290894214856	5.855315279949258	1	1273.1521730253887	14.144684720050742	22.495694550514774	18.936733586667692	7.622207723831526	4	1023.7529595021826	27.622207723831526	22.135949850087137	19.444442284365856	1	1	0	0	2	0	0	0	0	0	0	0
82	0.08604620341492364	0	1423.6286134116892	20.086046203414924	20.96272953901907	19.768430536033794	5.62238543089194	0	1120.1654543466918	14.37761456910806	20.843518174915847	19.64582577801034	3.0790970984107418	0	1320.3896936256588	16.92090290158926	22.42852838606989	20.01317227994837	6.871846275145911	1	1060.4023886507337	13.128153724854089	22.027422185927705	19.762141211256107	3	1	0	0	0	0	0	0	0	0	0	0
83	16.475002845423994	4	1525.4546630218313	36.475002845423994	21.14739945933341	21.711054502680895	45.349959300144945	0	1302.6007573929298	65.34995930014495	21.373356759740005	25.398547719885674	6.9843565742175535	0	1356.7250315226347	13.015643425782446	22.31647023178075	23.69928876236242	6.8811093219192845	2	1097.0259584603757	13.118890678080716	21.921368239405716	23.42391060922807	2	0	1	0	1	0	0	0	0	0	0	0
84	10.760072386557372	0	1611.3265317676373	30.760072386557372	21.26048972906546	25.08544937587873	4.147990286065195	0	1346.8542845109978	15.852009713934805	21.30839973567171	23.908429574889063	2.9085619898204165	1	1404.4386293010527	17.091438010179584	22.2549992644678	23.608968755565527	2.6201234537055456	2	1145.5447804854477	17.379876546294454	21.867938925369113	23.909194953284167	2	1	1	0	0	0	0	0	0	0	0	0
85	0.5847599673253754	2	1665.5274101921873	19.415240032674625	21.23903333724696	24.158628666392705	5.7281656719235805	0	1386.6964886768778	14.27183432807642	21.226579207676416	24.272996726714936	6.826858794654569	1	1441.2136484993086	13.17314120534543	22.14939626378033	21.94281056270708	5.411908332570746	0	1186.2698697236876	14.588091667429254	21.783289538648884	16.86662379943551	2	1	1	0	0	0	0	0	0	0	0	0
86	6.275281566834389	2	1703.8422491514414	13.724718433165611	21.152661901567864	16.937531300173827	5.788714836057075	0	1426.3696597595517	14.211285163942925	21.14594364395534	17.046770748760046	26.17194548000478	0	1570.1103296309886	46.17194548000478	22.42551751913923	18.58795805810479	6.966575379597614	4	1222.6548467889777	13.033424620402386	21.682716378669042	18.306099548751547	2	0	1	0	1	0	0	0	0	0	0	0
87	11.146554067268298	4	1790.7930459225654	31.146554067268298	21.26622885799628	19.711611154460417	5.48886914272024	0	1466.8799000694578	14.51113085727976	21.070548044106754	19.42473658555895	17.66408187066937	0	1675.2558915199406	37.66408187066937	22.59868302313389	21.249620769358426	7.013117664059942	1	1258.9098933101436	12.986882335940058	21.58390008272894	21.12112557014479	2	1	0	0	1	0	0	0	0	0	0	0
88	8.132642022122267	0	1823.9227536108074	11.867357977877733	21.160623567208425	20.99054724739802	3.1707289931271667	0	1531.5648518419378	23.170728993127167	21.09414558285979	21.848810979967812	15.124726193124772	2	1773.3124188090806	35.12472619312477	22.739425081223676	23.988811755963724	7.764578342875225	3	1336.4193411840035	27.764578342875225	21.653345905876648	25.344141073856957	2	0	1	1	0	0	0	0	0	0	0	0
89	6.5504816329520015	0	1861.4693257188164	13.449518367047999	21.074944620539977	22.071898362561278	2.8719609725134347	0	1579.3806274603378	17.128039027486565	21.05007773224453	22.48135980326969	7.350829028974331	0	1808.6246877698607	12.649170971025669	22.62731114666592	20.63162149364543	1.4508957331247778	3	1388.2022572623634	18.549104266875222	21.618854332109965	21.035418834604975	3	0	0	1	0	0	0	0	0	0	0	0
90	6.267561104419105	0	1899.8057176356465	13.732438895580895	20.994257744441526	18.64225453709613	5.454041840835702	0	1619.9880939880047	14.545958159164298	20.97860389078211	18.798162119418556	7.407284833894687	0	1843.7793509419046	12.592715166105313	22.517040861165253	18.87069783824131	3.2828870799498446	1	1453.2003170272235	23.282887079949845	21.637140406262052	18.88191364692358	3	1	0	0	0	0	0	0	0	0	0	0
91	13.62485979009552	4	1993.6751178829966	33.62485979009552	21.13154689711168	18.73192700662066	5.821891250939226	0	1659.5686475791326	14.178108749060774	20.90468546532862	17.373280047239213	3.733450231498505	0	1889.1901357123045	16.266549768501495	22.449100740592822	17.654983187384563	13.652982509844776	1	1547.1482265338734	33.652982509844776	21.76774738564882	19.307477535620382	2	1	0	0	1	0	0	0	0	0	0	0
92	6.497415469705556	0	2031.3698330300685	13.502584530294444	21.049515043705043	19.39281889154726	5.109627098887643	0	1701.1376052614046	14.890372901112357	20.840015437756403	19.026945754970974	6.09857838813612	0	38.80813533312	13.90142161186388	22.35719021232692	19.043844026599267	6.881239651681193	4	1583.7714325062634	13.118760348318807	21.67474752503237	18.90112424551472	3	0	0	0	1	0	0	0	0	0	0	0
93	6.079872749669855	0	2070.2301882705738	13.920127250330145	20.97367049271169	19.033865453937203	4.855192920295641	0	1743.4168583589126	15.144807079704359	20.779428114798403	18.220057453912652	4.506744810144477	0	82.0601394048	15.493255189855523	22.284169626981477	16.406896993888655	7.689506767411583	1	1661.0713055652875	27.689506767411583	21.738734325483215	17.758036795723733	3	1	0	0	0	0	0	0	0	0	0	0
94	5.286033640646448	0	2111.3066776904357	14.713966359353552	20.90777887025529	17.60277845480894	4.450631941967766	0	1786.8255108542526	15.549368058032234	20.72437485104297	15.79241700962769	5.754389899691944	1	121.82913426816	14.245610100308056	22.199553210911233	15.86671956662905	6.983131252298268	2	1697.4100641526215	13.016868747701732	21.646925214138143	15.679369151287986	2	1	1	0	0	0	0	0	0	0	0	0
95	5.457769298812064	0	2151.9037383979185	14.542230701187936	20.841471076827506	15.743450060220393	2.6162147165793463	0	1835.3552447704685	17.383785283420654	20.689577043046903	16.169952553730575	2.4893407002746244	1	170.71305814656	17.510659299725376	22.150710566003045	16.529005758670102	6.9388834305425675	3	1733.8723479090236	13.061116569457432	21.557489707422718	16.320636707645406	2	1	0	1	0	0	0	0	0	0	0	0
96	9.454630966112827	0	82.22751144706498	29.454630966112827	20.930266539603643	17.716774285271136	5.662169063989017	0	1875.3816894668325	14.337830936010983	20.624095124417668	16.381606702131077	5.932780670548061	2	209.98404544128	14.06721932945194	22.067375604801487	16.316931999140916	6.944404154062331	2	1770.3192196455996	13.055595845937669	21.46984131709813	16.06755477793146	2	0	2	0	0	0	0	0	0	0	0	0
97	6.724115510856837	0	119.28935564592298	13.275884489143163	20.85216060031323	15.97058221681497	15.44490166217647	0	1974.3320399404085	35.44490166217647	20.775327844190716	18.213385508262444	4.680030566247165	2	252.75229344384	15.319969433752835	21.998524521423438	18.291159381518938	6.225637412436297	3	1808.7726485358817	13.774362587563703	21.391316023939616	17.930217111933242	2	0	1	1	0	0	0	0	0	0	0	0
98	4.745666275328	1	161.874370627299	15.254333724672	20.795616894498668	17.704584554427903	0.3569751911403003	0	2029.1688175318086	19.6430248088597	20.763890439793435	18.36277537836813	11.585318480391638	3	340.92797420159997	31.58531848039164	22.09536082403928	18.57584412979601	2.8012606337005366	0	48.013147397586	17.198739366299463	21.348966764771532	18.861934972824855	2	1	0	1	0	0	0	0	0	0	0	0
99	6.593256894426384	1	199.301528463692	13.406743105573616	20.72172815660942	18.795887350437024	0.25645454651510846	0	2084.2862152561206	19.74354545348489	20.753686989930348	19.464682311191744	0.14410859963224354	3	396.35900436095994	19.855891400367756	22.072966129802566	20.122683002314208	7.555889492222089	0	82.75295589846601	12.44411050777791	21.259918202201597	17.822603886874354	2	1	0	1	0	0	0	0	0	0	0	0
100	2.5486087805041215	2	248.019995618118	17.45139121949588	20.68934858297463	18.035746065448656	4.258918355973734	0	2152.0090289998807	24.258918355973734	20.788392250980284	19.084201642289663	2.207462725234624	4	458.35483780223996	22.207462725234624	22.074297779262288	19.779514542345925	7.226072968191993	1	158.759076268002	27.226072968191993	21.31898904146883	20.537819358279148	1	1	1	0	1	0	0	0	0	0	0	0
101	15.122438728292295	2	346.07013706793396	35.122438728292295	20.830849466752255	20.891531383069218	4.866538098888119	0	2194.2566101404846	15.13346190111188	20.732951757354122	20.685003636550455	2.5300473004779676	4	507.125122421739	17.469952699522032	22.029157141225618	21.091324595945295	7.128233090512243	1	194.69275889032198	12.871766909487757	21.236173138214113	20.404146741545585	1	1	1	0	1	0	0	0	0	0	0	0
102	20.193741065624117	3	458.27766420946796	40.19374106562412	21.018838705576254	22.43793170807122	5.572333775819944	0	2234.5338450163204	14.427666224180056	20.671735392954375	22.636287279711436	2.326015548145673	2	569.451915826979	22.326015548145673	22.032039261681152	23.123749712576416	6.149503847615765	2	233.35872731572798	13.850496152384235	21.164467536409937	22.082907492217466	1	0	2	1	0	0	0	0	0	0	0	0
103	1.1966038863715873	3	510.77047836001395	18.803396113628413	20.99753637296137	21.742500831056848	5.408757794793075	0	2275.2677295058566	14.591242205206925	20.613269112302955	20.47901775475834	3.01576639576502	1	633.704263681823	23.01576639576502	22.04149817643196	19.268350521505614	7.256779587062448	2	268.93355096851195	12.743220412937552	21.08349400637655	19.02932637268818	1	1	1	1	0	0	0	0	0	0	0	0
104	9.862761252844894	4	594.137353524206	29.862761252844894	21.08196708610312	20.268607228020464	6.979959918672243	0	2350.5867842788166	26.979959918672243	20.673904262839805	21.67942652893891	1.2222408828919455	0	692.9496861465631	21.222240882891946	22.033695726017296	19.782276510665696	1.580313549927169	3	320.35517564163194	18.41968645007283	21.05812441060223	20.181478533254978	2	0	0	1	1	0	0	0	0	0	0	0
105	6.645530774585316	4	631.4185801118219	13.354469225414684	21.009066162889074	19.28432390098187	5.701127896807645	0	2390.5044689002284	14.298872103192355	20.613762450012945	19.32916149606269	21.105658333435215	2	807.7029823274031	41.105658333435215	22.213619901558975	21.559387718043364	14.408344517769564	3	416.41180408707197	34.408344517769564	21.184069883311352	23.54109794929963	1	0	1	1	1	0	0	0	0	0	0	0
106	4.808862752401202	1	673.8271715947019	15.191137247598798	20.954692995456455	22.758635034483007	4.265838853362384	0	2434.4290021012584	15.734161146637616	20.56815869951411	23.057729107853014	4.8916395474954015	0	849.8804885906451	15.108360452504598	22.14721560764258	21.58228902781898	13.299192109814925	4	509.37204872697197	33.299192109814925	21.297295324680544	22.21421224693325	2	1	0	0	1	0	0	0	0	0	0	0
107	5.947783020054926	0	713.0562773303819	14.052216979945074	20.890781180498017	21.497209856638566	5.681756412162388	2	2474.4007654506386	14.318243587837612	20.510289115146733	21.087065570415042	19.793277900684416	0	960.970056063389	39.793277900684416	22.310605073318897	23.730946437942016	1.3440628053110473	4	561.453206728812	18.655937194688953	21.272838304958402	24.16665294709168	2	0	1	0	1	0	0	0	0	0	0	0
108	6.154460023670451	0	751.7084097643019	13.84553997632955	20.826145940092804	21.440641111381108	5.246192293056117	0	2515.5884786325237	14.753807706943883	20.457477359108175	19.475187430298543	5.953888636206566	1	1000.1821169539791	14.046111363793434	22.23478403011224	19.360684841918008	10.28283100645493	2	645.992776621832	30.28283100645493	21.355498788458373	20.81555182789974	2	1	1	0	0	0	0	0	0	0	0	0
109	6.256498699462689	3	790.075684228302	13.74350130053731	20.761758261551392	20.67906591270301	4.867468444192957	0	2557.8334625591515	15.132531555807043	20.409068760896346	18.862399857302222	5.902778184491938	0	1039.5368611889392	14.097221815508062	22.160806191797654	18.866900340858518	1.268200588597015	1	698.2857166453321	18.731799411402985	21.331646975939687	19.308255923215057	2	1	0	1	0	0	0	0	0	0	0	0
110	5.110725704444183	0	831.6415749700619	14.889274295555817	20.708853000596477	16.8178555627022	4.6216097526065685	0	2600.7648019997914	15.378390247393432	20.36374733284677	16.490100867972647	6.689688945511282	0	1076.6948128827203	13.310311054488718	22.08107200137145	16.436577975788563	7.538405028620899	3	733.0743359404321	12.461594971379101	21.251736597520225	16.207356702232083	3	0	0	1	0	0	0	0	0	0	0	0
111	4.770846637913312	2	874.1562947725539	15.229153362086688	20.659927110966926	16.325660902061408	2.957366999771221	0	2648.3421524587634	17.04263300022878	20.334094526305538	15.001641101438796	1.0729710892908635	0	1129.5327685917832	18.927028910709137	22.05291090234768	15.519993862455976	7.196714410794026	4	768.8168415436321	12.803285589205974	21.176303999231703	15.28706926579587	2	0	1	0	1	0	0	0	0	0	0	0
112	4.746141858494086	0	916.7399820842579	15.253858141505914	20.612085792653115	15.402732898395655	29.440132657375038	0	2786.3625227939356	49.44013265737504	20.59167008498757	18.47356622299286	5.621595070706622	0	1169.6724823527272	14.378404929293378	21.984994920285253	18.422479286366617	6.984799670859703	4	805.1509424624821	13.015200329140297	21.104081842859216	18.186160294541303	3	0	0	0	1	0	0	0	0	0	0	0
113	6.473273208148061	0	954.502094378178	13.526726791851939	20.549933520716262	18.20780186827762	10.768266310331704	0	2872.2572662436114	30.768266310331704	20.68093847292919	20.03846900217288	5.097924050135761	0	1211.2741110460981	14.902075949864239	21.922864052123668	20.00576126095064	7.615198985365733	1	839.7251786283362	12.384801014634267	21.027596923313382	19.539978062391192	3	1	0	0	0	0	0	0	0	0	0	0
114	6.39324190699176	0	992.4876273878259	13.60675809300824	20.489558082214455	19.0079509806211	9.791713204055881	0	2955.4257989382672	29.79171320405588	20.76016260102594	20.70679374210609	4.688580450163819	0	1254.0184906227241	15.311419549836181	21.865373230364643	20.712549882939115	7.19085361915821	2	875.4840456081862	12.80914638084179	20.956132135987545	17.04945125528579	3	0	1	0	0	0	0	0	0	0	0	0
115	6.1983200639288345	0	1031.017317209358	13.801679936071165	20.431903960264943	16.99177875596357	5.664967963456958	0	2995.4444300402834	14.335032036543042	20.70477354443557	17.123761926703843	5.444487062964656	0	1294.652630905281	14.555512937035344	21.802357193353185	17.226640541222185	14.586450613330626	4	972.0378869037341	34.586450613330626	21.073634881481883	17.608458971522076	3	0	0	0	1	0	0	0	0	0	0	0
116	6.586351563652778	0	1068.463752427494	13.413648436347222	20.37191887031693	17.459616220170375	0.5941303060847787	0	3049.6191496024635	19.40586969391522	20.69367180212343	18.161723088098473	13.179375404198204	0	1387.2783872420011	33.179375404198204	21.89959666524075	20.118984819217467	7.322740688613257	1	1007.4285691480221	12.677259311386743	21.001870987720388	18.407539429950553	3	1	0	0	0	0	0	0	0	0	0	0
117	5.89812705332967	0	1107.831481070282	14.10187294667033	20.318782887913144	18.28658476963397	2.7277674675594064	0	3097.8374654221934	17.272232532440594	20.66467655407527	18.732893384793847	24.79045297640907	0	1512.3184018011432	44.79045297640907	22.093586972962516	21.83177068882764	6.334186318469131	1	1045.5789656756292	13.665813681530869	20.93970101054929	21.76484885332642	3	1	0	0	0	0	0	0	0	0	0	0
118	4.003476622271048	0	1152.488442166442	15.996523377728952	20.282461379424202	21.90894989739578	0.13202360153074366	0	3154.0393646431335	20.132023601530744	20.660200478843805	20.463507196215794	6.761735016969553	0	1587.0282453901832	26.761735016969553	22.132815107786104	21.798315854278023	0.3946233982433398	2	1102.5139559957252	20.39462339824334	20.935120526412263	21.89719122471084	3	0	1	0	0	0	0	0	0	0	0	0
119	3.1361876553074666	0	1199.5665849620418	16.863812344692533	20.253972637468106	20.265634918760277	1.4106500676994642	0	3213.8107627487943	21.410650067699464	20.666454225417603	21.138973994391545	25.016631308656713	0	1712.6996744601831	45.01663130865671	22.32351357612669	24.230449830590185	26.525445621699824	1	1232.3974916896373	46.525445621699824	21.148373235539662	27.155771139516105	3	1	0	0	0	0	0	0	0	0	0	0
120	23.533389533619108	0	1321.0972974100619	43.53338953361911	20.446364512642905	27.03006479523711	0.8414123801085331	0	3271.9930389765973	20.841412380108533	20.667900160580338	27.74762466509488	4.022395384587462	3	1779.7621949088232	24.022395384587462	22.33755392165116	28.550211865780728	21.511484677312005	4	1348.2837197471333	41.511484677312005	21.316663412744393	30.68815797335885	2	0	0	1	1	0	0	0	0	0	0	0
