task	r0_energy	r0_config	r0_reward	r0_rate	r0_avgrate	r0_rollrate	r1_energy	r1_config	r1_reward	r1_rate	r1_avgrate	r1_rollrate	c0	c1	c2	c3	c4	c5	c6	c7	c8	c9	c10	c11	c12	c13	c14	c15	c16	c17	c18	c19
0	18.319899611853785	0	31.633605217895997	11.680100388146213	11.680100388146213	11.680100388146213	17.462182790779572	0	33.956588274972	12.53781720922043	12.53781720922043	12.53781720922043	2	0	0	0	0	0	0	0	0	0	0	0	0	0	0	0	0	0	0	0
1	16.663086686562462	1	67.754412108456	13.336913313437538	12.508506850791875	12.508506850791875	17.421307983866587	1	68.023879152	12.578692016133413	12.558254612676922	12.558254612676922	0	2	0	0	0	0	0	0	0	0	0	0	0	0	0	0	0	0	0	0
2	13.585124504586837	2	112.21136657519999	16.414875495413163	13.810629732332304	13.810629732332304	1.7373945121262757	2	144.568435681658	28.262605487873724	17.793038237742522	17.793038237742522	0	0	2	0	0	0	0	0	0	0	0	0	0	0	0	0	0	0	0	0
3	2.5519172328369244	3	186.54992406959997	27.448082767163076	17.219992991039998	17.219992991039998	18.290675600628184	3	176.28118926329	11.709324399371814	16.272109778149844	16.272109778149844	0	0	0	2	0	0	0	0	0	0	0	0	0	0	0	0	0	0	0	0
4	0.37866015890512017	4	266.774386139232	29.62133984109488	19.700262361050974	19.700262361050974	18.337603753778218	4	207.866845763474	11.662396246221782	15.35016707176423	15.35016707176423	0	0	0	0	2	0	0	0	0	0	0	0	0	0	0	0	0	0	0	0
5	16.361788383552003	5	303.711209267112	13.638211616447999	18.689920570283814	18.689920570283814	14.675199509538462	5	249.371513758474	15.324800490461538	15.345939308213781	15.345939308213781	0	0	0	0	0	2	0	0	0	0	0	0	0	0	0	0	0	0	0	0
6	15.9909671658432	6	341.65233985962	14.0090328341568	18.02122232226567	18.02122232226567	0.8820712900881169	6	333.010456835796	30.882071290088117	17.56538673419583	17.56538673419583	0	0	0	0	0	0	2	0	0	0	0	0	0	0	0	0	0	0	0	0
7	16.109001890814277	7	379.273793071998	13.890998109185723	17.504944295630676	17.504944295630676	13.960767570067201	7	376.450044666864	16.0392324299328	17.37461744616295	17.37461744616295	0	0	0	0	0	0	0	2	0	0	0	0	0	0	0	0	0	0	0	0
8	1.3145527990020902	8	464.084040235962	31.31455279900209	19.03934524044972	19.03934524044972	9.849317320488002	8	431.024810257209	20.150682679512	17.68306913875729	17.68306913875729	0	0	0	0	0	0	0	0	2	0	0	0	0	0	0	0	0	0	0	0
9	6.858980332039394	9	563.910445301902	36.858980332039394	20.821308749608686	20.821308749608686	13.92604744587323	9	474.558431757969	16.07395255412677	17.522157480294236	17.522157480294236	0	0	0	0	0	0	0	0	0	2	0	0	0	0	0	0	0	0	0	0
10	9.956731867849477	10	618.1942964931429	20.043268132150523	20.750577784385218	21.657625524009116	18.47695697577452	10	505.76667328191303	11.52304302422548	16.97678343883344	17.420680061794744	0	0	0	0	0	0	0	0	0	0	2	0	0	0	0	0	0	0	0	0
11	11.933554481995195	11	667.124253104406	18.066445518004805	20.526900095520183	22.130578744465847	18.472128689900305	11	536.9879914134331	11.527871310099695	16.52270742810563	17.31559799119137	0	0	0	0	0	0	0	0	0	0	0	2	0	0	0	0	0	0	0	0
12	11.881640135932063	12	716.19481106959	18.118359864067937	20.341627770023855	22.300927181331325	18.424907877526152	12	568.3371992451331	11.575092122473848	16.142121635364724	15.646846654651384	0	0	0	0	0	0	0	0	0	0	0	0	2	0	0	0	0	0	0	0
13	15.624199295429907	13	755.129271311134	14.375800704570093	19.915497265348588	20.99369897507202	12.654567433060436	13	615.3144124472611	17.345432566939564	16.228072416191498	16.21045747140816	0	0	0	0	0	0	0	0	0	0	0	0	0	2	0	0	0	0	0	0
14	16.7342336569344	14	791.05738849027	13.265766343065602	19.47218187052972	19.35814162526909	16.882462147140927	14	650.8410774654211	13.117537852859074	16.02070344530267	16.35597163207189	0	0	0	0	0	0	0	0	0	0	0	0	0	0	2	0	0	0	0	0
15	14.354687906265598	15	833.430108744134	15.645312093734402	19.233002509480013	19.558851672997733	14.91799374635077	15	691.6881777357211	15.08200625364923	15.96203487082433	16.331692208390656	0	0	0	0	0	0	0	0	0	0	0	0	0	0	0	2	0	0	0	0
16	0.42553928522732676	16	915.832610974958	30.425539285227327	19.891387025700443	21.20050231810479	9.835353446312858	16	746.3007621519571	20.16464655368714	16.209247322757435	15.25994973475056	0	0	0	0	0	0	0	0	0	0	0	0	0	0	0	0	2	0	0	0
17	0.48462582894277517	17	998.395139261678	30.484625828942775	20.479900292547242	22.85986509008049	13.989809402364553	17	789.6616950205531	16.010190597635447	16.198188615806217	15.257045551520823	0	0	0	0	0	0	0	0	0	0	0	0	0	0	0	0	0	2	0	0
18	14.542020045636924	18	1040.260501638078	15.457979954363076	20.215588695800704	21.274207805616594	0.5485455146732257	18	872.3973391227931	30.548545514673226	16.953470557851848	16.296831835036947	0	0	0	0	0	0	0	0	0	0	0	0	0	0	0	0	0	0	2	0
19	2.1656982043569286	19	1127.375934274878	32.16569820435693	20.813094171228517	20.804879592848344	0.648606480274708	19	955.4039816735371	30.648606480274708	17.63822735397299	17.75429722765174	0	0	0	0	0	0	0	0	0	0	0	0	0	0	0	0	0	0	0	2
20	14.721496436759631	8	1168.7552147586541	15.278503563240369	20.549542237514792	20.328403135957334	7.677371802748802	18	1015.8610997077592	22.3226281972512	17.861294060795764	18.834255744954312	0	0	0	0	0	0	0	0	1	0	0	0	0	0	0	0	0	0	1	0
21	16.602183362069166	7	1205.04096815305	13.397816637930834	20.224463801170067	19.86154024794994	18.56009198202092	11	1046.844183923119	11.439908017979077	17.56941287703137	18.825459415742248	0	0	0	0	0	0	0	1	0	0	0	1	0	0	0	0	0	0	0	0
22	17.6064941178624	4	1238.6067132505061	12.3935058821376	19.88398736990779	19.2890548497569	17.625429507603695	11	1080.358645673359	12.374570492396305	17.34355016465593	18.905407252734495	0	0	0	0	1	0	0	0	0	0	0	1	0	0	0	0	0	0	0	0
23	5.542526316345594	9	1304.84570447707	24.457473683654406	20.07454929964723	20.29722214766533	2.1676073089063337	12	1155.738042545071	27.832392691093666	17.78058526992417	19.954103265149907	0	0	0	0	0	0	0	0	0	1	0	0	1	0	0	0	0	0	0	0
24	13.800424870704003	10	1348.71955378558	16.199575129295997	19.919550332833182	20.59060302628837	15.061837462065233	15	1196.195566085311	14.938162537934767	17.66688836064459	20.136165733657478	0	0	0	0	0	0	0	0	0	0	1	0	0	0	0	1	0	0	0	0
25	18.4492060974912	1	1380.002953938208	11.550793902508799	19.597675085513014	20.181151207165808	14.993321406188308	18	1236.838653943551	15.006678593811692	17.564572600381787	20.128632967673724	0	1	0	0	0	0	0	0	0	0	0	0	0	0	0	0	0	0	1	0
26	0.13289851398720387	19	1460.8930204628261	29.867101486012796	19.978024211457452	20.125307427244355	18.561572664348557	2	1267.8177279776069	11.438427335651443	17.3376783313177	19.256011045870157	0	0	1	0	0	0	0	0	0	0	0	0	0	0	0	0	0	0	0	1
27	15.390542549424001	15	1500.460301058136	14.609457450575999	19.786289684283112	18.537790589407678	15.223265445982525	8	1307.8380507280708	14.776734554017475	17.24621605355698	19.132665441508358	0	0	0	0	0	0	0	0	1	0	0	0	0	0	0	1	0	0	0	0
28	1.3204565267999904	19	1585.2865374848861	31.32045652679999	20.184019575404385	20.124038246651374	1.1635748951556906	19	1392.2393994024508	31.16357489515569	17.72612497912935	19.194168379556608	0	0	0	0	0	0	0	0	0	0	0	0	0	0	0	0	0	0	0	2
29	14.892436308288001	18	1626.2028558166062	15.107563691711999	20.014804379281305	18.41822479538688	10.662163598518156	7	1444.6127063231309	19.337836401481844	17.779848693207764	18.063091371677316	0	0	0	0	0	0	0	1	0	0	0	0	0	0	0	0	0	0	1	0
30	0.4811954248449304	16	1706.1496182076512	29.51880457515507	20.321385030761103	19.842254896578346	13.02117773578486	3	1490.5970166220468	16.97882226421514	17.754009130982197	17.52871077837371	0	0	0	1	0	0	0	0	0	0	0	0	0	0	0	0	1	0	0	0
31	13.969886237344618	17	1749.5645096481762	16.030113762655382	20.187282803632797	20.1054846090508	0.6101263390272003	6	1573.4994421235788	30.6101263390272	18.1557627937336	19.445732610478522	0	0	0	0	0	0	1	0	0	0	0	0	0	0	0	0	0	1	0	0
32	16.728717402524307	11	1785.5075666830062	13.271282597475693	19.977707039809854	20.193262280584612	17.7256286484096	12	1606.7425312008027	12.2743713515904	17.97753881063835	19.435712696397935	0	0	0	0	0	0	0	0	0	0	0	1	1	0	0	0	0	0	0	0
33	17.59828478170523	1	1819.0955453992212	12.401715218294767	19.75488375094176	18.987686434048648	9.477988386372925	6	1662.3229793210426	20.522011613627075	18.052376246020373	18.70467458865127	0	1	0	0	0	0	1	0	0	0	0	0	0	0	0	0	0	0	0	0
34	15.696430504264614	16	1857.8343794501711	14.303569495735386	19.599131915078722	18.79808587069259	0.5809294274008643	19	1745.1463298535866	30.580929427400864	18.410334908345533	20.268951277597882	0	0	0	0	0	0	0	0	0	0	0	0	0	0	0	0	1	0	0	1
35	14.189146687476928	9	1900.6554405049212	15.810853312523072	19.493901953896618	19.224091811694016	17.00785316257403	3	1780.3333942049487	12.992146837425969	18.25982968415332	20.06749810195931	0	0	0	1	0	0	0	0	0	1	0	0	0	0	0	0	0	0	0	0
36	2.278115353602459	13	1988.0753362542612	32.27811535360246	19.839421234969752	19.465193198452983	1.8038767024349553	14	1856.6978948025208	28.196123297565045	18.528378160191473	21.743267698150667	0	0	0	0	0	0	0	0	0	0	0	0	0	1	1	0	0	0	0	0
37	11.514089447616001	0	2038.1413440003012	18.485910552384	19.803802532796443	19.852838508633784	1.3014212504344727	19	1941.4725773557807	31.301421250434473	18.864510873092605	23.39573636779237	1	0	0	0	0	0	0	0	0	0	0	0	0	0	0	0	0	0	0	1
38	8.26761680505156	19	2141.782806180649	38.26761680505156	20.277233667982472	20.54755453645894	0.20844849571273727	8	2023.2871253650028	30.208448495712737	19.155381068544404	23.30022372784807	0	0	0	0	0	0	0	0	1	0	0	0	0	0	0	0	0	0	0	1
39	5.350712082635809	9	2237.524318071121	35.35071208263581	20.654070628348805	22.57186937555132	15.27832899585231	9	2063.158317667903	14.72167100414769	19.044538316934485	22.838607188114658	0	0	0	0	0	0	0	0	0	2	0	0	0	0	0	0	0	0	0	0
40	1.1775965859744062	9	2321.963642158135	31.177596585974406	20.91074199316894	22.737748576633255	0.4563123385919994	19	2145.644163584923	30.456312338592	19.32287426868223	24.186356195552342	0	0	0	0	0	0	0	0	0	1	0	0	0	0	0	0	0	0	0	1
41	17.547619977174648	11	2355.688838053287	12.452380022825354	20.70935242244647	22.37997520265025	0.046614564054653584	19	2226.7679158072747	29.953385435945346	19.575981677426594	24.120682105244153	0	0	0	0	0	0	0	0	0	0	0	1	0	0	0	0	0	0	0	1
42	15.331921247627813	9	2395.414884674295	14.668078752372187	20.568857685933118	22.5196548181399	2.2165901299458426	19	2314.021180742545	32.21659012994584	19.869949315857273	26.114903983079707	0	0	0	0	0	0	0	0	0	1	0	0	0	0	0	0	0	0	0	1
43	17.495887186992004	3	2429.2801902095252	12.504112813007996	20.385568029730273	22.529894577611223	3.7009792267008024	19	2405.294666148193	33.7009792267008	20.18429090474008	27.432800744387073	0	0	0	1	0	0	0	0	0	0	0	0	0	0	0	0	0	0	0	1
44	16.699696836036924	5	2465.3018446119254	13.300303163963076	20.22811769937989	22.42956794443399	0.5434929937823973	19	2488.016626339687	30.543492993782397	20.414495395607688	27.429057101025233	0	0	0	0	0	1	0	0	0	0	0	0	0	0	0	0	0	0	0	1
45	18.63661174158277	2	2496.0776878118054	11.36338825841723	20.035406189793747	21.984821439023406	0.42703267845119797	19	2570.423173177159	30.427032678451198	20.632159249582546	29.172545685127755	0	0	1	0	0	0	0	0	0	0	0	0	0	0	0	0	0	0	0	1
46	18.485335061147076	14	2527.2632386878654	11.514664938852922	19.85411382275245	19.90847639754845	13.778344809926399	3	2614.356822650275	16.2216551900736	20.5383187376781	27.97509887437861	0	0	0	1	0	0	0	0	0	0	0	0	0	0	1	0	0	0	0	0
47	16.17511712052997	14	2564.7056298197635	13.82488287947003	19.7285048447674	19.442373630257055	15.189756500121598	15	2654.4678987957786	14.810243499878402	20.418983836890607	26.325981099323002	0	0	0	0	0	0	0	0	0	0	0	0	0	0	1	1	0	0	0	0
48	8.84601429769846	19	2669.9135852093636	38.84601429769846	20.118658098908853	19.500213379521746	0.381078876192003	19	2736.749987418799	30.381078876192003	20.622291898917165	26.343244137370924	0	0	0	0	0	0	0	0	0	0	0	0	0	0	0	0	0	0	0	2
49	2.390929559685418	9	2757.6390194335117	32.39092955968542	20.36410352812438	19.204235127226706	0.6829463927387067	19	2819.8496338991326	30.682946392738707	20.823504988793598	27.939371676230024	0	0	0	0	0	0	0	0	0	1	0	0	0	0	0	0	0	0	0	1
50	13.445330064377355	9	2802.4745838424897	16.554669935622645	20.289408751800817	17.741942462191535	18.302130204563078	3	2851.531364595108	11.697869795436924	20.644570965394447	26.063527421914518	0	0	0	1	0	0	0	0	0	1	0	0	0	0	0	0	0	0	0	0
51	12.566240932955079	9	2849.6910146490695	17.43375906704492	20.23449241170936	18.24008036661349	0.28176306981600163	19	2932.018256281023	29.718236930184	20.8190645416404	26.040012571338387	0	0	0	0	0	0	0	0	0	1	0	0	0	0	0	0	0	0	0	1
52	1.214370891668672	19	2934.2299358140053	31.214370891668672	20.441659930199158	19.89470958054314	0.34970017782498886	19	3012.321151632747	29.65029982217501	20.985691622405202	25.7833835405613	0	0	0	0	0	0	0	0	0	0	0	0	0	0	0	0	0	0	0	2
53	14.426023120037907	5	2976.4094565305695	15.573976879962093	20.35151765149107	20.201695987238544	0.26807371238399824	19	3092.845118661707	29.731926287616	21.147658931020217	25.386478246652825	0	0	0	0	0	1	0	0	0	0	0	0	0	0	0	0	0	0	0	1
54	16.74896566739077	4	3012.2976745147193	13.251034332609228	20.222417954784124	20.19676910410316	18.995765400297593	19	3225.541983287513	48.99576540029759	21.653988139552535	27.231705487304346	0	0	0	0	1	0	0	0	0	0	0	0	0	0	0	0	0	0	0	1
55	1.6531162901907734	19	3098.0248644673193	31.653116290190773	20.426537567916387	22.225741907280515	0.6394941730175958	19	3308.523946672769	30.639494173017596	21.814443604435837	27.252951636760987	0	0	0	0	0	0	0	0	0	0	0	0	0	0	0	0	0	0	0	2
56	12.025823788770463	5	3146.7049250393993	17.974176211229537	20.38351368446574	22.87169303451818	1.6601230078079965	19	3394.270113152249	31.660123007807996	21.987174822038856	28.796798418534422	0	0	0	0	0	1	0	0	0	0	0	0	0	0	0	0	0	0	0	1
57	10.03788697131322	19	3255.1408689200393	40.03788697131322	20.722382189411384	25.492993443702495	4.81959843886375	19	3488.573192257505	34.81959843886375	22.20842350508756	30.79773391243296	0	0	0	0	0	0	0	0	0	0	0	0	0	0	0	0	0	0	0	2
58	2.895246665203196	19	3344.2321619716313	32.895246665203196	20.92870192628921	24.89791668045297	2.1321315320595673	19	3575.597715156833	32.13213153205957	22.376621946222677	30.97283917801972	0	0	0	0	0	0	0	0	0	0	0	0	0	0	0	0	0	0	0	2
59	12.592250339878891	14	3391.3781506344594	17.40774966012111	20.87001938851974	23.39959869049654	0.42460888345550174	19	3657.997697549525	30.4246088834555	22.510755061843224	30.947005427091398	0	0	0	0	0	0	0	0	0	0	0	0	0	0	1	0	0	0	0	1
60	3.8494399302424647	10	3462.2025841567192	26.150560069757535	20.95658562919577	24.35918770391003	0.9639014477571735	19	3741.858263970534	30.963901447757173	22.64933123210411	32.87360859232342	0	0	0	0	0	0	0	0	0	0	1	0	0	0	0	0	0	0	0	1
61	11.720472352711383	19	3575.195530111979	41.72047235271138	21.29148702796215	26.78785903247668	8.656630104352615	19	3846.5533038364892	38.656630104352615	22.907513471979087	33.767447909740284	0	0	0	0	0	0	0	0	0	0	0	0	0	0	0	0	0	0	0	2
62	9.170190543958157	5	3631.609597388759	20.829809456041843	21.284158812534844	25.749402888913995	0.7500865327694726	19	3929.834788196073	30.750086532769473	23.0319987586583	33.87742658079973	0	0	0	0	0	1	0	0	0	0	0	0	0	0	0	0	0	0	0	1
63	7.38562000911692	19	3732.862318246784	37.38562000911692	21.535744143731442	27.930567201829472	0.5315230430473896	19	4012.524329770993	30.53152304304739	23.14917882560188	33.957386256342865	0	0	0	0	0	0	0	0	0	0	0	0	0	0	0	0	0	0	0	2
64	14.6912252279088	16	3774.323583254531	15.3087747720912	21.439944614936977	28.136341245777675	2.7792721271231926	19	4101.301525115285	32.77927212712319	23.297334107163746	32.33573692902543	0	0	0	0	0	0	0	0	0	0	0	0	0	0	0	0	1	0	0	1
65	1.7289197894104582	19	3860.256074350851	31.728919789410458	21.595838178186575	28.14392159569964	3.7637679804997006	19	4192.745063395805	33.7637679804997	23.45591643857793	32.648164309773634	0	0	0	0	0	0	0	0	0	0	0	0	0	0	0	0	0	0	0	2
66	0.4876867728040608	19	3942.826892693862	30.48768677280406	21.728552336315193	29.395272651857095	1.3954484848393847	19	4277.7744030422455	31.395448484839385	23.574416916880338	32.62169685747678	0	0	0	0	0	0	0	0	0	0	0	0	0	0	0	0	0	0	0	2
67	0.4065573030852896	19	4025.1779853897183	30.40655730308529	21.856170056414754	28.432139685034297	1.6605007020461535	19	4363.521592443621	31.660500702046154	23.693329913721012	32.30578708379501	0	0	0	0	0	0	0	0	0	0	0	0	0	0	0	0	0	0	0	2
68	1.4242906492238703	19	4110.285439231367	31.42429064922387	21.99483847080329	28.285044083436368	2.4068243563716933	19	4451.290075075461	32.40682435637169	23.81961244187537	32.33325636622622	0	0	0	0	0	0	0	0	0	0	0	0	0	0	0	0	0	0	0	2
69	1.6914570158532882	19	4196.116468649303	31.69145701585329	22.133361592875435	29.713414819009586	2.8732430571138394	19	4540.321775021811	32.87324305711384	23.94895002209306	32.578119783592065	0	0	0	0	0	0	0	0	0	0	0	0	0	0	0	0	0	0	0	2
70	0.8666697527276277	19	4279.713699229607	30.866669752727628	22.256365933155042	30.185025787306593	4.832096503011691	19	4634.658703050801	34.83209650301169	24.102233775345436	32.96493928911752	0	0	0	0	0	0	0	0	0	0	0	0	0	0	0	0	0	0	0	2
71	0.5866788413918798	19	4362.5526210917105	30.58667884139188	22.37206472354722	29.07164643617464	0.8048162267907628	19	4718.088413665026	30.804816226790763	24.195325198282177	32.17975790136133	0	0	0	0	0	0	0	0	0	0	0	0	0	0	0	0	0	0	0	2
72	1.0184316493535945	19	4446.560873475377	31.018431649353595	22.49050810609251	30.090508655505822	1.893312230750773	19	4804.466134289975	31.893312230750773	24.30077707543928	32.29408047115946	0	0	0	0	0	0	0	0	0	0	0	0	0	0	0	0	0	0	0	2
73	17.093150541314955	3	4481.516924092649	12.906849458685047	22.36099920545187	27.64263160046263	1.4300901523273843	19	4889.589295119195	31.430090152327384	24.397119144045877	32.383937182087465	0	0	0	1	0	0	0	0	0	0	0	0	0	0	0	0	0	0	0	1
74	6.107933518080003	19	4579.3092440374485	36.10793351808	22.544291662953576	29.722547475061514	0.6823205567630772	19	4972.687246627095	30.682320556763077	24.480921829548773	32.17424202505145	0	0	0	0	0	0	0	0	0	0	0	0	0	0	0	0	0	0	0	2
75	4.968164904959998	19	4674.014690655048	34.96816490496	22.707763679295766	30.046471986616467	0.14367174765488855	7	5053.548135643863	29.85632825234511	24.55165086142767	31.78349805223599	0	0	0	0	0	0	0	1	0	0	0	0	0	0	0	0	0	0	0	1
76	2.6574359188430776	19	4762.461912935248	32.65743591884308	22.83698020188729	30.263446901220373	14.075235761061412	16	5096.677705457655	15.924764238938588	24.439613372823917	30.236429627645908	0	0	0	0	0	0	0	0	0	0	0	0	0	0	0	0	1	0	0	1
77	18.567084897924182	4	4793.42605800337	11.432915102075816	22.690774239069196	28.366082681119423	0.8322882736570989	19	5180.181819532143	30.8322882736571	24.521570743347418	30.153608384807	0	0	0	0	1	0	0	0	0	0	0	0	0	0	0	0	0	0	0	1
78	1.4636761320465155	19	4878.640180860995	31.463676132046515	22.80182363011954	28.370021229401686	1.4310269467776067	19	5265.307517512999	31.431026946777607	24.609032214276915	30.056028643847593	0	0	0	0	0	0	0	0	0	0	0	0	0	0	0	0	0	0	0	2
79	0.07916566171569528	19	4960.104587861475	30.079165661715695	22.892790405514493	28.20879209398792	12.100944557745233	8	5313.784126002439	17.899055442254767	24.52515750462664	28.55860988236169	0	0	0	0	0	0	0	0	1	0	0	0	0	0	0	0	0	0	0	1
80	18.372554857778216	12	4991.595585121659	11.627445142221784	22.753712068930632	26.28486963293734	0.18822602367212582	19	5395.543904816551	30.188226023672126	24.595071930787693	28.09422283442773	0	0	0	0	0	0	0	0	0	0	0	0	1	0	0	0	0	0	0	1
81	2.3385324091510142	19	5079.179110396442	32.338532409151014	22.87060012186015	26.46005498971325	0.6653832430847935	19	5478.595984433239	30.665383243084793	24.669100117523026	28.080279536057134	0	0	0	0	0	0	0	0	0	0	0	0	0	0	0	0	0	0	0	2
82	2.119591072452913	19	5166.169669551003	32.11959107245291	22.982033747770906	26.57017093202318	0.6749554038941454	19	5561.673988652119	30.674955403894145	24.741459819768462	27.958443853371467	0	0	0	0	0	0	0	0	0	0	0	0	0	0	0	0	0	0	0	2
83	5.542298819174391	19	5262.430062186267	35.54229881917439	23.131560712906662	28.833715868072126	1.8839894544502194	19	5648.026460091255	31.88398945445022	24.826489934467055	28.00383378358375	0	0	0	0	0	0	0	0	0	0	0	0	0	0	0	0	0	0	0	2
84	8.03855462502645	19	5365.451147629046	38.03855462502645	23.306937111872777	29.026777978766766	1.0382570373120004	19	5732.088406233976	31.038257037312	24.899569547441704	28.039427431638643	0	0	0	0	0	0	0	0	0	0	0	0	0	0	0	0	0	0	0	2
85	6.046143113649229	19	5463.076118561847	36.04614311364923	23.455067414219013	29.13457579963569	18.559215692922095	14	5763.073863732311	11.440784307077907	24.743072044646777	26.19787303711193	0	0	0	0	0	0	0	0	0	0	0	0	0	0	1	0	0	0	0	1
86	6.13785956447704	19	5560.949488215639	36.13785956447704	23.600846634336918	29.482618164199085	1.4275957604307763	19	5848.190268916811	31.427595760430776	24.81990565057533	27.74815618926114	0	0	0	0	0	0	0	0	0	0	0	0	0	0	0	0	0	0	0	2
87	6.963196158096743	19	5661.058144477151	36.96319615809674	23.752691515288735	32.03564626980118	0.5350987424344638	19	5930.889494677571	30.535098742434464	24.884851026619184	27.71843723613888	0	0	0	0	0	0	0	0	0	0	0	0	0	0	0	0	0	0	0	2
88	1.3755023804543924	19	5746.0334634242145	31.375502380454392	23.838341075571492	32.02682889464197	0.7623423977723114	19	6014.204172004871	30.76234239777231	24.950890255508547	27.651568781238353	0	0	0	0	0	0	0	0	0	0	0	0	0	0	0	0	0	0	0	2
89	3.6281688455955745	19	5837.109754047702	33.628168845595575	23.94711693968287	32.381729213029956	9.402034584446767	19	6120.918015671081	39.40203458444677	25.111458525830084	29.80186669545755	0	0	0	0	0	0	0	0	0	0	0	0	0	0	0	0	0	0	0	2
90	0.3643494054971086	19	5919.34653368759	30.36434940549711	24.017635977768744	34.25541963935748	0.8759674595870734	19	6204.5404275407955	30.875967459587073	25.174804777849392	29.87064083904904	0	0	0	0	0	0	0	0	0	0	0	0	0	0	0	0	0	0	0	2
91	1.580311497484427	19	6004.876543993277	31.580311497484427	24.099838972548262	34.17959754819083	6.130589840833473	19	6302.394108359719	36.13058984083347	25.29388939809922	30.417161498823912	0	0	0	0	0	0	0	0	0	0	0	0	0	0	0	0	0	0	0	2
92	2.22207957762609	19	6092.144676182681	32.22207957762609	24.187174893032967	34.18984639870814	0.8972848177284902	19	6386.074254741067	30.89728481772849	25.354140961751153	30.439394440207344	0	0	0	0	0	0	0	0	0	0	0	0	0	0	0	0	0	0	0	2
93	3.3269199823174134	19	6182.405084468124	33.32691998231741	24.284406223770038	33.96830851502245	3.1367388762195674	19	6475.819589197496	33.13673887621957	25.43693455658592	30.564669382384277	0	0	0	0	0	0	0	0	0	0	0	0	0	0	0	0	0	0	0	2
94	2.625742439347192	19	6270.766470241356	32.62574243934719	24.372209762881376	33.42702729645451	0.8681272215847322	19	6559.420767089287	30.868127221584732	25.494105005691175	30.547656400811555	0	0	0	0	0	0	0	0	0	0	0	0	0	0	0	0	0	0	0	2
95	5.791033517468307	19	6367.700519351166	35.79103351746831	24.491155843658323	33.40151633683643	0.5298654890348296	19	6642.105819455423	30.52986548903483	25.54656084405934	32.45656451900725	0	0	0	0	0	0	0	0	0	0	0	0	0	0	0	0	0	0	0	2
96	1.5430669918146442	19	6453.129659120664	31.543066991814644	24.56385595858777	32.94203707957019	2.4911913263438734	19	6730.1027959642715	32.49119132634387	25.618154972742687	32.56292407559856	0	0	0	0	0	0	0	0	0	0	0	0	0	0	0	0	0	0	0	2
97	5.95854887480715	19	6550.5173956566	35.95854887480715	24.680128335283886	32.84157235124123	3.442037129740797	19	6820.674979857319	33.4420371297408	25.697990504956948	32.85361791432919	0	0	0	0	0	0	0	0	0	0	0	0	0	0	0	0	0	0	0	2
98	5.047608681021785	19	6645.438002501033	35.047608681021785	24.784850358978208	33.20878298129797	0.6612129385787178	19	6903.715764899303	30.661212938578718	25.748124064892522	32.84350496840983	0	0	0	0	0	0	0	0	0	0	0	0	0	0	0	0	0	0	0	2
99	0.47481806344911703	19	6725.402036912526	29.525181936550883	24.832253674753932	32.7984842903935	1.4341967530515731	19	6988.850047772152	31.434196753051573	25.804984791774114	32.046721185270314	0	0	0	0	0	0	0	0	0	0	0	0	0	0	0	0	0	0	0	2
100	0.052962789540920596	19	6806.795477800865	30.05296278954092	24.883943864009247	32.767345628797884	2.0471377960763064	19	7075.644379303192	32.047137796076306	25.866788286866214	32.16383821891924	0	0	0	0	0	0	0	0	0	0	0	0	0	0	0	0	0	0	0	2
101	8.781082087744984	19	6911.827575121842	38.781082087744984	25.020190317183125	33.48742268782394	6.96991725822425	19	7175.771238544216	36.96991725822425	25.97564249246776	32.247770960658315	0	0	0	0	0	0	0	0	0	0	0	0	0	0	0	0	0	0	0	2
102	1.1037871130783934	19	6996.066998553096	31.103787113078393	25.079254363745218	33.37559344136917	4.477311878584615	19	7269.147291548717	34.477311878584615	26.058182971944625	32.60577366674392	0	0	0	0	0	0	0	0	0	0	0	0	0	0	0	0	0	0	0	2
103	4.586430097580305	19	7089.738580067376	34.586430097580305	25.170669515032095	33.50154445289546	0.17814080570584778	19	7350.879756230836	30.178140805705848	26.097797951115407	32.30991385969254	0	0	0	0	0	0	0	0	0	0	0	0	0	0	0	0	0	0	0	2
104	6.537357834667198	19	7188.693924202933	36.5373578346672	25.278923689504808	33.89270599242745	2.676375639367393	19	7439.3782735874565	32.67637563936739	26.1604510719559	32.49073870147082	0	0	0	0	0	0	0	0	0	0	0	0	0	0	0	0	0	0	0	2
105	7.168105468809976	19	7289.35754318096	37.168105468809976	25.391085781762406	34.03041318756162	1.4964083759372286	19	7524.681046272287	31.49640837593723	26.210790291804784	32.58739299016106	0	0	0	0	0	0	0	0	0	0	0	0	0	0	0	0	0	0	0	2
106	8.9110997245824	19	7394.741771601704	38.9110997245824	25.51744105225605	34.767216460838405	0.6991733501952098	19	7607.824640762399	30.69917335019521	26.252737797023382	32.40819119254619	0	0	0	0	0	0	0	0	0	0	0	0	0	0	0	0	0	0	0	2
107	6.677234217688607	19	7494.075947607945	36.67723421768861	25.6207724704545	34.839084995126555	8.467016084840125	19	7712.006142658841	38.467016084840125	26.36583296635502	32.91068908805613	0	0	0	0	0	0	0	0	0	0	0	0	0	0	0	0	0	0	0	2
108	12.281317014559747	19	7608.587847855711	42.28131701455975	25.773621502969227	35.56245582848034	1.025584700522586	19	7796.033767889423	31.025584700522586	26.408582982264814	32.947126264250514	0	0	0	0	0	0	0	0	0	0	0	0	0	0	0	0	0	0	0	2
109	23.39771371751815	19	7753.206655840656	53.39771371751815	26.02474961401058	37.949709006577066	1.1786392420799991	19	7880.475915836723	31.17863924208	26.451947130081315	32.921570513153355	0	0	0	0	0	0	0	0	0	0	0	0	0	0	0	0	0	0	0	2
110	16.79024033370757	4	7788.983088270198	13.209759666292431	25.909299254121226	36.26538869425222	2.3874711705599907	19	7968.191983590324	32.38747117055999	26.505420319635178	32.95560385060172	0	0	0	0	1	0	0	0	0	0	0	0	0	0	0	0	0	0	0	1
111	0.06602237841969938	19	7870.054277661978	29.9339776215803	25.94523388240211	35.38067824763575	14.673993513600003	19	8089.184049356323	44.6739935136	26.66763972315272	33.726011476139306	0	0	0	0	0	0	0	0	0	0	0	0	0	0	0	0	0	0	0	2
112	3.6483435001580204	19	7961.185207974906	33.64834350015802	26.013402994063664	35.635133886343716	1.2374817334800028	19	8173.785562384498	31.237481733480003	26.70808080289013	33.402028461628845	0	0	0	0	0	0	0	0	0	0	0	0	0	0	0	0	0	0	0	2
113	2.9337468113937177	19	8050.380772255764	32.93374681139372	26.074107764391123	35.469865557725065	0.6451667922679327	19	8256.782889113558	30.645166792267933	26.742616644902217	33.448731060285056	0	0	0	0	0	0	0	0	0	0	0	0	0	0	0	0	0	0	0	2
114	1.8898021796411193	19	8136.748986492292	31.88980217964112	26.124679020175904	35.005109992222444	0.7059356182545287	19	8339.944798079663	30.70593561825453	26.777080288148756	33.251687058173765	0	0	0	0	0	0	0	0	0	0	0	0	0	0	0	0	0	0	0	2
115	6.901374102633596	19	8236.690208020258	36.901374102633596	26.217581563990198	34.97843685560481	3.361997161188924	19	8430.300207057882	33.361997161188924	26.83384681291634	33.438245936698934	0	0	0	0	0	0	0	0	0	0	0	0	0	0	0	0	0	0	0	2
116	1.3629461509986385	19	8321.631520512547	31.36294615099864	26.261559039092834	34.22362149824644	1.4139716063763643	19	8515.379713491819	31.413971606376364	26.872993178672413	33.509725762317046	0	0	0	0	0	0	0	0	0	0	0	0	0	0	0	0	0	0	0	2
117	7.53266380761378	19	8423.282484991501	37.53266380761378	26.3570768761142	34.30916445723896	5.640060381803075	19	8611.904877025869	35.640060381803075	26.947290358359957	33.227030192013345	0	0	0	0	0	0	0	0	0	0	0	0	0	0	0	0	0	0	0	2
118	4.228040890899685	19	8515.98342907102	34.228040890899685	26.423219430860293	33.50383684487295	6.603265647489231	19	8711.03872148782	36.60326564748923	27.028433007848438	33.78479828671001	0	0	0	0	0	0	0	0	0	0	0	0	0	0	0	0	0	0	0	2
119	1.112416759929598	19	8600.246224462497	31.112416759929598	26.462296075269204	31.275307149114088	1.2598608299999974	19	8795.70084456907	31.259860829999997	27.06369490636637	33.792920445502006	0	0	0	0	0	0	0	0	0	0	0	0	0	0	0	0	0	0	0	2
120	4.478004408866951	19	8693.624153069844	34.47800440886695	26.52854159868737	33.402131623371545	0.3960580255015387	19	8878.023501721469	30.39605802550154	27.0912350974336	33.593779130996154	0	0	0	0	0	0	0	0	0	0	0	0	0	0	0	0	0	0	0	2
