37.622227871466
34.52355332004
34.44540440796
53.25077456757
46.855512237359996
36.660991345968
50.79545675586
48.840366520512
88.829809255998
79.75621669972
66.191744562385
63.895555875709995
65.62899083223
36.248727462285
35.771342866767995
36.644518023079996
35.18295351384
37.645186507763995
36.76973651274
37.043344519104004
48.4667431083
48.46835769764999
57.786814065825
38.922498273375005
34.80810585525
42.469606774875004
36.3555516915
38.5232592864
130.76198089245
76.344112918425
133.92006554757603
80.980147941602
79.475891027456
48.897340280319995
52.85441739648
37.614821886108
51.511806433980006
61.54166189322
36.876712265208
35.28552426516
43.277890383468
34.949016013800005
66.85394226167999
35.197421899751994
35.543369632007995
75.461858326344
64.18473585829202
65.57263900832399
64.417676247792
83.05498729315198
38.559994448976
68.65853978528
66.92529249684
62.38775871860399
62.016985095155995
62.33534866658
37.941210635736006
33.033754365976
39.46723700188001
36.39224069039
34.240691446104
43.66283600577599
36.10477811730401
33.871546555392
34.530375281688
36.32130631701
46.01501190585
35.893835120519995
33.517592720639996
41.15698138944
43.440501778199994
94.94372342067199
78.90519832272
69.65137932552
62.83034941171199
74.35142383513598
63.04855277055999
64.666870812944
39.750174254544
33.70742790528
34.07819017152
34.082732416127996
37.67766960182399
34.28010720477
33.94803238344
44.579124833418
33.808285991568
34.353276151677996
34.21270786513799
33.700613892560995
37.252926482508
35.55079621409
34.01313406847999
35.51218859232
94.00099524102
63.525066987100004
63.90666855069
62.470575186199994
66.4342224617
73.88304699336
34.326507545000005
34.657753542678
