interaction	name	drain	joules
0	drain-1	100.0	32516.0
0	drain-2	100.0	32549.0
0	drain-3	100.0	86.20506538135699
0	drain-4	100.0	96.83657175354499
1	drain-1	100.0	32517.0
1	drain-2	100.0	32516.0
1	drain-3	100.0	87.664596278637
1	drain-4	100.0	91.345621897845
2	drain-1	100.0	32515.0
2	drain-2	100.0	32513.0
2	drain-3	100.0	89.64888067296
2	drain-4	100.0	89.10825204423999
3	drain-1	100.0	32509.0
3	drain-2	100.0	32517.0
3	drain-3	100.0	93.59034270105002
3	drain-4	100.0	100.53029037537001
4	drain-1	100.0	32516.0
4	drain-2	100.0	32517.0
4	drain-3	100.0	90.307221445719
4	drain-4	100.0	95.44484694354502
5	drain-1	100.0	32516.0
5	drain-2	100.0	32517.0
5	drain-3	100.0	88.68656480895199
5	drain-4	100.0	95.29621402020001
6	drain-1	100.0	32514.0
6	drain-2	100.0	32516.0
6	drain-3	100.0	90.62984741546101
6	drain-4	100.0	95.48058445478
7	drain-1	100.0	32515.0
7	drain-2	99.0	32519.0
7	drain-3	99.0	90.67374869747998
7	drain-4	100.0	86.64947105548502
8	drain-1	100.0	32515.0
8	drain-2	99.0	32518.0
8	drain-3	99.0	100.16504933924999
8	drain-4	98.0	99.605020810077
9	drain-1	100.0	32510.0
9	drain-2	99.0	32514.0
9	drain-3	99.0	114.60632311074
9	drain-4	98.0	86.500618383411
10	drain-1	100.0	32514.0
10	drain-2	99.0	32518.0
10	drain-3	99.0	102.42255294015
10	drain-4	98.0	89.13775137884099
11	drain-1	100.0	32517.0
11	drain-2	99.0	32513.0
11	drain-3	99.0	105.33228530697002
11	drain-4	98.0	99.19447908186598
12	drain-1	98.0	32518.0
12	drain-2	99.0	32518.0
12	drain-3	99.0	114.73447900349998
12	drain-4	98.0	100.298819438694
13	drain-1	98.0	32516.0
13	drain-2	99.0	32520.0
13	drain-3	99.0	104.04611224517998
13	drain-4	98.0	93.66133251554999
14	drain-1	98.0	32512.0
14	drain-2	97.0	32521.0
14	drain-3	97.0	101.12214795066001
14	drain-4	97.0	96.47383008311999
15	drain-1	98.0	32512.0
15	drain-2	97.0	32515.0
15	drain-3	97.0	101.71157251038
15	drain-4	97.0	99.2852276256
16	drain-1	98.0	32516.0
16	drain-2	97.0	32522.0
16	drain-3	97.0	103.79892464650801
16	drain-4	97.0	100.76133966173998
17	drain-1	98.0	32516.0
17	drain-2	97.0	32516.0
17	drain-3	97.0	96.201217540692
17	drain-4	97.0	112.3336577043
18	drain-1	97.0	32516.0
18	drain-2	97.0	32515.0
18	drain-3	96.0	92.70499285698
18	drain-4	96.0	99.91180165248002
19	drain-1	97.0	32514.0
19	drain-2	97.0	32516.0
19	drain-3	96.0	90.679065382005
19	drain-4	96.0	99.16033342101599
20	drain-1	97.0	32514.0
20	drain-2	97.0	32515.0
20	drain-3	95.0	90.25903847376001
20	drain-4	95.0	98.37443218371999
21	drain-1	97.0	32520.0
21	drain-2	96.0	32516.0
21	drain-3	95.0	88.56045329859
21	drain-4	95.0	96.367048240904
22	drain-1	97.0	32521.0
22	drain-2	96.0	32513.0
22	drain-3	95.0	90.185350403304
22	drain-4	95.0	90.84370642711
23	drain-1	97.0	32515.0
23	drain-2	96.0	32518.0
23	drain-3	95.0	91.44881194176001
23	drain-4	95.0	94.905715296287
24	drain-1	97.0	32517.0
24	drain-2	96.0	32514.0
24	drain-3	95.0	90.75693052171201
24	drain-4	95.0	88.844581541835
25	drain-1	95.0	32520.0
25	drain-2	96.0	32518.0
25	drain-3	95.0	98.98413961199401
25	drain-4	95.0	88.91418691428001
26	drain-1	95.0	32515.0
26	drain-2	96.0	32518.0
26	drain-3	94.0	105.76831677736503
26	drain-4	93.0	87.85459970267199
27	drain-1	95.0	32517.0
27	drain-2	96.0	32515.0
27	drain-3	94.0	89.64078290865001
27	drain-4	93.0	98.7949622844
28	drain-1	95.0	32537.0
28	drain-2	94.0	32519.0
28	drain-3	94.0	87.62845584256
28	drain-4	93.0	93.722861685814
29	drain-1	95.0	32514.0
29	drain-2	94.0	32515.0
29	drain-3	94.0	97.01164384138002
29	drain-4	93.0	102.42510882902599
30	drain-1	95.0	32514.0
30	drain-2	94.0	32513.0
30	drain-3	94.0	88.73090983516501
30	drain-4	93.0	96.276290192052
31	drain-1	93.0	32516.0
31	drain-2	94.0	32519.0
31	drain-3	94.0	88.53689833586
31	drain-4	93.0	86.9869888206
32	drain-1	93.0	32515.0
32	drain-2	94.0	32514.0
32	drain-3	92.0	99.25608922322103
32	drain-4	92.0	90.763340738
33	drain-1	93.0	32514.0
33	drain-2	94.0	32521.0
33	drain-3	92.0	96.306400007392
33	drain-4	92.0	86.7188648568
34	drain-1	93.0	32516.0
34	drain-2	93.0	32523.0
34	drain-3	92.0	87.51200885309301
34	drain-4	92.0	89.8099195917
35	drain-1	93.0	32517.0
35	drain-2	93.0	32518.0
35	drain-3	92.0	89.76957809472901
35	drain-4	92.0	86.4119067948
36	drain-1	92.0	32513.0
36	drain-2	92.0	32515.0
36	drain-3	92.0	96.57332761171199
36	drain-4	92.0	86.86658859479998
37	drain-1	92.0	32515.0
37	drain-2	92.0	32515.0
37	drain-3	91.0	92.64088035313999
37	drain-4	91.0	88.26331248000001
38	drain-1	92.0	32515.0
38	drain-2	92.0	32517.0
38	drain-3	91.0	93.70699355050199
38	drain-4	91.0	90.75692621998999
39	drain-1	92.0	32517.0
39	drain-2	92.0	32515.0
39	drain-3	91.0	89.75064104892
39	drain-4	90.0	98.81374928352001
40	drain-1	92.0	32514.0
40	drain-2	92.0	32521.0
40	drain-3	91.0	92.34671076756001
40	drain-4	90.0	84.495951047728
41	drain-1	92.0	32517.0
41	drain-2	91.0	32517.0
41	drain-3	91.0	92.79815720044799
41	drain-4	90.0	86.21667838086
42	drain-1	92.0	32517.0
42	drain-2	91.0	32517.0
42	drain-3	91.0	93.81407625609302
42	drain-4	90.0	89.37828643425601
43	drain-1	92.0	32518.0
43	drain-2	91.0	32513.0
43	drain-3	91.0	100.89492309234002
43	drain-4	90.0	104.91997636881601
44	drain-1	90.0	32516.0
44	drain-2	91.0	32515.0
44	drain-3	89.0	91.54268252431898
44	drain-4	90.0	89.07425245390802
45	drain-1	90.0	32520.0
45	drain-2	91.0	32518.0
45	drain-3	89.0	88.67843606855999
45	drain-4	89.0	95.84871402607801
46	drain-1	90.0	32517.0
46	drain-2	91.0	32516.0
46	drain-3	89.0	89.65584623728199
46	drain-4	89.0	101.76209202744
47	drain-1	90.0	32521.0
47	drain-2	91.0	32516.0
47	drain-3	89.0	86.624274318764
47	drain-4	89.0	98.37508727046
48	drain-1	90.0	32517.0
48	drain-2	90.0	32521.0
48	drain-3	89.0	86.69008088858
48	drain-4	89.0	96.76898559595799
49	drain-1	90.0	32517.0
49	drain-2	90.0	32515.0
49	drain-3	89.0	86.707662891096
49	drain-4	89.0	92.38467780126
50	drain-1	89.0	32517.0
50	drain-2	90.0	32514.0
50	drain-3	88.0	96.36236955898
50	drain-4	89.0	96.93054311694
51	drain-1	89.0	32516.0
51	drain-2	90.0	32517.0
51	drain-3	88.0	103.12016815170001
51	drain-4	87.0	95.13060302592001
52	drain-1	89.0	32517.0
52	drain-2	90.0	32517.0
52	drain-3	88.0	93.45841695120002
52	drain-4	87.0	98.79234790163198
53	drain-1	89.0	32512.0
53	drain-2	90.0	32518.0
53	drain-3	88.0	87.30435338296
53	drain-4	87.0	89.664219334976
54	drain-1	89.0	32513.0
54	drain-2	90.0	32514.0
54	drain-3	88.0	84.41788680948
54	drain-4	87.0	91.44308636390402
55	drain-1	88.0	32517.0
55	drain-2	88.0	32517.0
55	drain-3	87.0	90.661951674
55	drain-4	86.0	99.42230788761599
56	drain-1	88.0	32516.0
56	drain-2	88.0	32519.0
56	drain-3	87.0	86.58946008
56	drain-4	86.0	87.11438046393599
57	drain-1	87.0	32511.0
57	drain-2	88.0	32518.0
57	drain-3	86.0	83.35189077545199
57	drain-4	86.0	90.404761384
58	drain-1	87.0	32515.0
58	drain-2	88.0	32518.0
58	drain-3	86.0	95.377072171394
58	drain-4	86.0	94.820094142944
59	drain-1	87.0	32516.0
59	drain-2	88.0	32518.0
59	drain-3	86.0	111.583631395782
59	drain-4	86.0	91.89885822520802
60	drain-1	87.0	32514.0
60	drain-2	88.0	32518.0
60	drain-3	86.0	86.54960659878
60	drain-4	86.0	82.60203697555201
61	drain-1	87.0	32518.0
61	drain-2	88.0	32518.0
61	drain-3	86.0	88.20556214989999
61	drain-4	86.0	92.84869561110801
62	drain-1	87.0	32517.0
62	drain-2	86.0	32516.0
62	drain-3	86.0	91.011836411288
62	drain-4	86.0	100.76897715256001
63	drain-1	86.0	32517.0
63	drain-2	86.0	32519.0
63	drain-3	84.0	88.66159556060799
63	drain-4	84.0	94.543728978944
64	drain-1	86.0	32516.0
64	drain-2	86.0	32515.0
64	drain-3	84.0	89.26962274931199
64	drain-4	84.0	84.3945797856
65	drain-1	86.0	32518.0
65	drain-2	86.0	32519.0
65	drain-3	84.0	87.87739243680001
65	drain-4	84.0	86.452541572544
66	drain-1	86.0	32518.0
66	drain-2	86.0	32515.0
66	drain-3	84.0	117.93044922422402
66	drain-4	84.0	97.091655195408
67	drain-1	86.0	32518.0
67	drain-2	86.0	32513.0
67	drain-3	84.0	113.00965607734399
67	drain-4	84.0	83.7370071744
68	drain-1	86.0	32515.0
68	drain-2	86.0	32513.0
68	drain-3	84.0	98.9147148978
68	drain-4	84.0	91.06804971519999
69	drain-1	86.0	32518.0
69	drain-2	85.0	32518.0
69	drain-3	83.0	91.04774423499701
69	drain-4	84.0	85.301903131648
70	drain-1	84.0	32515.0
70	drain-2	85.0	32516.0
70	drain-3	83.0	84.563763512964
70	drain-4	82.0	86.55418106606999
71	drain-1	84.0	32517.0
71	drain-2	85.0	32515.0
71	drain-3	83.0	86.20635889117202
71	drain-4	82.0	85.26086206365
72	drain-1	84.0	32519.0
72	drain-2	85.0	32518.0
72	drain-3	83.0	98.01662379144001
72	drain-4	82.0	89.84882315111999
73	drain-1	84.0	32517.0
73	drain-2	84.0	32516.0
73	drain-3	82.0	87.30691136667
73	drain-4	82.0	85.4278318271
74	drain-1	84.0	32515.0
74	drain-2	84.0	32517.0
74	drain-3	82.0	84.69509784271202
74	drain-4	82.0	84.09815088
75	drain-1	84.0	32517.0
75	drain-2	84.0	32520.0
75	drain-3	81.0	83.77825983504002
75	drain-4	82.0	85.88705041200001
76	drain-1	82.0	32515.0
76	drain-2	83.0	32514.0
76	drain-3	81.0	86.01746264555399
76	drain-4	81.0	83.71982275761
77	drain-1	82.0	32516.0
77	drain-2	83.0	32520.0
77	drain-3	81.0	85.45792886039999
77	drain-4	81.0	87.81086432340001
78	drain-1	82.0	32514.0
78	drain-2	83.0	32516.0
78	drain-3	81.0	86.72505365306401
78	drain-4	81.0	82.80859694345
79	drain-1	82.0	32513.0
79	drain-2	83.0	32520.0
79	drain-3	81.0	86.75404223952002
79	drain-4	81.0	83.281822858715
80	drain-1	82.0	32513.0
80	drain-2	83.0	32516.0
80	drain-3	81.0	89.913994624944
80	drain-4	81.0	84.65757400548
81	drain-1	82.0	32516.0
81	drain-2	83.0	32524.0
81	drain-3	80.0	86.885556080472
81	drain-4	81.0	88.252384544385
82	drain-1	82.0	32515.0
82	drain-2	83.0	32520.0
82	drain-3	80.0	86.79326914397198
82	drain-4	79.0	88.694604382272
83	drain-1	81.0	32515.0
83	drain-2	82.0	32518.0
83	drain-3	80.0	103.299041286835
83	drain-4	79.0	85.37172810952801
84	drain-1	81.0	32513.0
84	drain-2	82.0	32518.0
84	drain-3	80.0	88.5253148406
84	drain-4	79.0	84.740468442056
85	drain-1	81.0	32518.0
85	drain-2	82.0	32513.0
85	drain-3	80.0	88.772443304736
85	drain-4	79.0	83.17915701312
86	drain-1	81.0	32516.0
86	drain-2	82.0	32523.0
86	drain-3	80.0	95.95233360449998
86	drain-4	79.0	89.396687333016
87	drain-1	81.0	32517.0
87	drain-2	82.0	32526.0
87	drain-3	78.0	105.490801929371
87	drain-4	79.0	84.34583417226399
88	drain-1	81.0	32519.0
88	drain-2	82.0	32517.0
88	drain-3	78.0	85.12390954176199
88	drain-4	78.0	81.07503572857
89	drain-1	81.0	32517.0
89	drain-2	82.0	32516.0
89	drain-3	78.0	89.58682161968402
89	drain-4	78.0	85.28911435616001
90	drain-1	79.0	32517.0
90	drain-2	80.0	32516.0
90	drain-3	78.0	98.06772074916101
90	drain-4	78.0	94.61696639109002
91	drain-1	79.0	32515.0
91	drain-2	80.0	32514.0
91	drain-3	78.0	94.09162940144901
91	drain-4	78.0	93.3906700571
92	drain-1	79.0	32515.0
92	drain-2	80.0	32515.0
92	drain-3	77.0	89.12488703724001
92	drain-4	77.0	88.06188612864999
93	drain-1	79.0	32516.0
93	drain-2	80.0	32514.0
93	drain-3	77.0	87.67347794141199
93	drain-4	77.0	94.35336957765
94	drain-1	79.0	32515.0
94	drain-2	80.0	32520.0
94	drain-3	77.0	88.230017098172
94	drain-4	76.0	84.797984601792
95	drain-1	79.0	32514.0
95	drain-2	80.0	32518.0
95	drain-3	77.0	90.073358268516
95	drain-4	76.0	103.22275126917602
96	drain-1	78.0	32520.0
96	drain-2	80.0	32517.0
96	drain-3	77.0	88.17936578396399
96	drain-4	76.0	87.35123638962
97	drain-1	78.0	32519.0
97	drain-2	79.0	32523.0
97	drain-3	77.0	86.070326636781
97	drain-4	76.0	84.78894420687598
98	drain-1	78.0	32518.0
98	drain-2	79.0	32519.0
98	drain-3	77.0	87.938337054447
98	drain-4	76.0	95.57891826865199
99	drain-1	78.0	32514.0
99	drain-2	79.0	32523.0
99	drain-3	75.0	101.168040591324
99	drain-4	76.0	89.74677108490799
100	drain-1	78.0	32521.0
100	drain-2	79.0	32513.0
100	drain-3	75.0	87.62103957096
100	drain-4	75.0	89.1090554463
101	drain-1	78.0	32520.0
101	drain-2	79.0	32515.0
101	drain-3	75.0	96.63623920015802
101	drain-4	75.0	85.98857051484002
102	drain-1	78.0	32520.0
102	drain-2	79.0	32519.0
102	drain-3	75.0	86.461135104498
102	drain-4	75.0	84.771488862
103	drain-1	76.0	32517.0
103	drain-2	79.0	32519.0
103	drain-3	75.0	90.797813667736
103	drain-4	75.0	84.51805432320002
104	drain-1	76.0	32509.0
104	drain-2	77.0	32515.0
104	drain-3	75.0	88.81199273508801
104	drain-4	75.0	100.87326704568
105	drain-1	76.0	32510.0
105	drain-2	77.0	32520.0
105	drain-3	73.0	102.02984980155
105	drain-4	75.0	86.01432856014002
106	drain-1	76.0	32511.0
106	drain-2	77.0	32519.0
106	drain-3	73.0	89.62180010157
106	drain-4	73.0	86.0435291496
107	drain-1	76.0	32513.0
107	drain-2	77.0	32518.0
107	drain-3	73.0	90.635075097435
107	drain-4	73.0	84.14692428766801
108	drain-1	76.0	32519.0
108	drain-2	77.0	32520.0
108	drain-3	73.0	101.62605903252
108	drain-4	73.0	86.1988941
109	drain-1	75.0	32511.0
109	drain-2	77.0	32517.0
109	drain-3	73.0	104.97224581624
109	drain-4	73.0	81.01819685718
110	drain-1	75.0	32519.0
110	drain-2	76.0	32517.0
110	drain-3	72.0	89.973407970798
110	drain-4	72.0	89.6680257472
111	drain-1	75.0	32515.0
111	drain-2	75.0	32518.0
111	drain-3	72.0	88.612440562224
111	drain-4	72.0	86.631477104128
112	drain-1	75.0	32512.0
112	drain-2	75.0	32511.0
112	drain-3	72.0	87.735563417124
112	drain-4	72.0	82.217914636736
113	drain-1	75.0	32511.0
113	drain-2	75.0	32519.0
113	drain-3	72.0	87.0465259689
113	drain-4	71.0	87.43780408330801
114	drain-1	75.0	32517.0
114	drain-2	75.0	32517.0
114	drain-3	72.0	92.20289383176001
114	drain-4	71.0	85.24133121735
115	drain-1	75.0	32519.0
115	drain-2	75.0	32517.0
115	drain-3	72.0	86.51300538403599
115	drain-4	71.0	83.755050333696
116	drain-1	73.0	32519.0
116	drain-2	75.0	32518.0
116	drain-3	70.0	88.04051558063999
116	drain-4	71.0	83.64011924834999
117	drain-1	73.0	32516.0
117	drain-2	75.0	32519.0
117	drain-3	70.0	85.9430951784
117	drain-4	71.0	99.52279819965
118	drain-1	73.0	32518.0
118	drain-2	74.0	32515.0
118	drain-3	70.0	90.84923540409599
118	drain-4	71.0	85.505726974626
119	drain-1	73.0	32515.0
119	drain-2	74.0	32520.0
119	drain-3	70.0	87.067594956672
119	drain-4	70.0	88.453592449244
120	drain-1	73.0	32515.0
120	drain-2	74.0	32522.0
120	drain-3	70.0	89.460489167712
120	drain-4	70.0	85.027797293824
121	drain-1	73.0	32514.0
121	drain-2	74.0	32522.0
121	drain-3	70.0	87.89235485702399
121	drain-4	70.0	87.372076868802
122	drain-1	71.0	32516.0
122	drain-2	74.0	32523.0
122	drain-3	69.0	85.25032419868799
122	drain-4	70.0	91.299932574213
123	drain-1	71.0	32517.0
123	drain-2	74.0	32520.0
123	drain-3	69.0	87.694568686596
123	drain-4	70.0	95.95729803196899
124	drain-1	71.0	32517.0
124	drain-2	74.0	32518.0
124	drain-3	69.0	86.557379441868
124	drain-4	70.0	107.273983999644
125	drain-1	71.0	32517.0
125	drain-2	72.0	32518.0
125	drain-3	69.0	89.107294689864
125	drain-4	68.0	103.96643497405
126	drain-1	71.0	32516.0
126	drain-2	72.0	32518.0
126	drain-3	69.0	88.01116826975999
126	drain-4	68.0	87.99202947524998
127	drain-1	71.0	32519.0
127	drain-2	72.0	32518.0
127	drain-3	69.0	90.508857576696
127	drain-4	68.0	90.71390926643
128	drain-1	70.0	32519.0
128	drain-2	72.0	32523.0
128	drain-3	67.0	93.775956762775
128	drain-4	68.0	83.856054982322
129	drain-1	70.0	32514.0
129	drain-2	72.0	32522.0
129	drain-3	67.0	90.446400105974
129	drain-4	68.0	86.93200548317598
130	drain-1	70.0	32509.0
130	drain-2	72.0	32524.0
130	drain-3	67.0	102.40274603999698
130	drain-4	68.0	84.476314993506
131	drain-1	70.0	32516.0
131	drain-2	72.0	32520.0
131	drain-3	67.0	90.1298453104
131	drain-4	67.0	82.64672444492399
132	drain-1	70.0	32512.0
132	drain-2	71.0	32519.0
132	drain-3	67.0	89.18241377969001
132	drain-4	67.0	88.39277482274399
133	drain-1	70.0	32518.0
133	drain-2	71.0	32513.0
133	drain-3	66.0	93.530374512828
133	drain-4	67.0	94.401384739308
134	drain-1	70.0	32514.0
134	drain-2	71.0	32515.0
134	drain-3	66.0	100.446664702848
134	drain-4	67.0	95.156810236344
135	drain-1	68.0	32520.0
135	drain-2	71.0	32515.0
135	drain-3	66.0	104.397764842818
135	drain-4	67.0	87.361589192436
136	drain-1	68.0	32516.0
136	drain-2	71.0	32518.0
136	drain-3	66.0	98.40309198606599
136	drain-4	65.0	83.81041053781198
137	drain-1	68.0	32512.0
137	drain-2	71.0	32512.0
137	drain-3	66.0	96.68344720464002
137	drain-4	65.0	86.27362323888
138	drain-1	68.0	32518.0
138	drain-2	71.0	32517.0
138	drain-3	66.0	91.81496686143599
138	drain-4	65.0	90.81604062138399
139	drain-1	68.0	32517.0
139	drain-2	69.0	32515.0
139	drain-3	64.0	91.34217147972002
139	drain-4	65.0	93.06881133984
140	drain-1	68.0	32518.0
140	drain-2	69.0	32516.0
140	drain-3	64.0	89.226225521844
140	drain-4	65.0	84.90278335473599
141	drain-1	67.0	32520.0
141	drain-2	69.0	32517.0
141	drain-3	64.0	88.55066736252
141	drain-4	65.0	83.41863909889999
142	drain-1	67.0	32517.0
142	drain-2	69.0	32516.0
142	drain-3	64.0	89.68728610228399
142	drain-4	64.0	85.82131648075999
143	drain-1	67.0	32512.0
143	drain-2	69.0	32522.0
143	drain-3	64.0	90.24075322572
143	drain-4	64.0	87.3435459908
144	drain-1	67.0	32518.0
144	drain-2	69.0	32519.0
144	drain-3	62.0	84.54598511352
144	drain-4	64.0	85.79712172752001
145	drain-1	67.0	32519.0
145	drain-2	69.0	32516.0
145	drain-3	62.0	85.2989395224
145	drain-4	64.0	90.16483626132002
146	drain-1	67.0	32512.0
146	drain-2	68.0	32516.0
146	drain-3	62.0	87.01029153095999
146	drain-4	64.0	87.625513196984
147	drain-1	65.0	32517.0
147	drain-2	68.0	32522.0
147	drain-3	62.0	90.25096798536
147	drain-4	62.0	91.60141079965202
148	drain-1	65.0	32513.0
148	drain-2	68.0	32517.0
148	drain-3	62.0	98.525801601175
148	drain-4	62.0	97.430249555535
149	drain-1	65.0	32519.0
149	drain-2	68.0	32521.0
149	drain-3	62.0	86.816473679936
149	drain-4	62.0	91.085423121524
150	drain-1	65.0	32517.0
150	drain-2	68.0	32518.0
150	drain-3	61.0	90.79263488493001
150	drain-4	62.0	98.875831290236
151	drain-1	65.0	32514.0
151	drain-2	68.0	32515.0
151	drain-3	61.0	87.95138655864001
151	drain-4	62.0	91.237353146368
152	drain-1	65.0	32514.0
152	drain-2	68.0	32519.0
152	drain-3	61.0	101.55862112748001
152	drain-4	62.0	92.81122392461401
153	drain-1	64.0	32517.0
153	drain-2	66.0	32517.0
153	drain-3	61.0	86.36200614241201
153	drain-4	60.0	89.27650939872602
154	drain-1	64.0	32521.0
154	drain-2	66.0	32520.0
154	drain-3	61.0	90.79542652884
154	drain-4	60.0	83.45048314590001
155	drain-1	64.0	32522.0
155	drain-2	66.0	32520.0
155	drain-3	59.0	87.67150186158001
155	drain-4	60.0	91.481627939224
156	drain-1	64.0	32516.0
156	drain-2	66.0	32518.0
156	drain-3	59.0	86.791987693124
156	drain-4	60.0	86.715168612
157	drain-1	64.0	32514.0
157	drain-2	66.0	32517.0
157	drain-3	59.0	107.80942340880601
157	drain-4	60.0	97.64499874379999
158	drain-1	64.0	32515.0
158	drain-2	66.0	32514.0
158	drain-3	59.0	85.963582991888
158	drain-4	60.0	85.322739255632
159	drain-1	64.0	32508.0
159	drain-2	66.0	32516.0
159	drain-3	59.0	97.039746781446
159	drain-4	59.0	83.47836888818
160	drain-1	62.0	32515.0
160	drain-2	64.0	32511.0
160	drain-3	59.0	91.01474941251001
160	drain-4	59.0	84.371066121552
161	drain-1	62.0	32515.0
161	drain-2	64.0	32516.0
161	drain-3	57.99999999999999	87.78814222725799
161	drain-4	59.0	83.346594056348
162	drain-1	62.0	32516.0
162	drain-2	64.0	32516.0
162	drain-3	57.99999999999999	93.66640754287201
162	drain-4	59.0	86.16267339987999
163	drain-1	62.0	32516.0
163	drain-2	64.0	32513.0
163	drain-3	57.99999999999999	91.21482876199201
163	drain-4	59.0	84.87684812384401
164	drain-1	62.0	32517.0
164	drain-2	64.0	32517.0
164	drain-3	57.99999999999999	98.629024850118
164	drain-4	59.0	83.36884231137
165	drain-1	61.0	32510.0
165	drain-2	64.0	32519.0
165	drain-3	57.99999999999999	92.49394123606399
165	drain-4	56.99999999999999	94.90741238325602
166	drain-1	60.0	32519.0
166	drain-2	63.0	32516.0
166	drain-3	56.00000000000001	112.08414843473399
166	drain-4	56.99999999999999	89.13110658606
167	drain-1	60.0	32519.0
167	drain-2	63.0	32516.0
167	drain-3	56.00000000000001	86.644163733048
167	drain-4	56.99999999999999	86.391329925186
168	drain-1	60.0	32518.0
168	drain-2	63.0	32516.0
168	drain-3	56.00000000000001	87.61511760773399
168	drain-4	56.99999999999999	100.98657575128797
169	drain-1	60.0	32521.0
169	drain-2	63.0	32517.0
169	drain-3	56.00000000000001	87.05125118142901
169	drain-4	56.99999999999999	89.81843536764
170	drain-1	60.0	32517.0
170	drain-2	63.0	32519.0
170	drain-3	56.00000000000001	87.96388497109201
170	drain-4	56.00000000000001	85.760573836446
171	drain-1	60.0	32514.0
171	drain-2	63.0	32516.0
171	drain-3	56.00000000000001	86.697402665148
171	drain-4	56.00000000000001	89.76778992505798
172	drain-1	59.0	32516.0
172	drain-2	63.0	32522.0
172	drain-3	55.00000000000001	86.84553554376
172	drain-4	56.00000000000001	93.08165166431999
173	drain-1	59.0	32519.0
173	drain-2	61.0	32520.0
173	drain-3	55.00000000000001	87.92671829520599
173	drain-4	56.00000000000001	97.24716976248001
174	drain-1	59.0	32513.0
174	drain-2	61.0	32519.0
174	drain-3	55.00000000000001	99.905476415514
174	drain-4	56.00000000000001	84.324900908781
175	drain-1	59.0	32514.0
175	drain-2	61.0	32522.0
175	drain-3	55.00000000000001	86.84282263410601
175	drain-4	56.00000000000001	95.138583677424
176	drain-1	59.0	32516.0
176	drain-2	61.0	32514.0
176	drain-3	55.00000000000001	86.973624957954
176	drain-4	54.0	85.61443837993198
177	drain-1	59.0	32517.0
177	drain-2	61.0	32528.0
177	drain-3	53.0	84.51125868384
177	drain-4	54.0	86.86265094797399
178	drain-1	56.99999999999999	32531.0
178	drain-2	61.0	32516.0
178	drain-3	53.0	86.3892217389
178	drain-4	54.0	83.073045486024
179	drain-1	56.99999999999999	32519.0
179	drain-2	61.0	32513.0
179	drain-3	53.0	86.74368569389999
179	drain-4	54.0	91.11899877755398
180	drain-1	56.99999999999999	32518.0
180	drain-2	60.0	32515.0
180	drain-3	53.0	88.25159985687199
180	drain-4	54.0	85.86005226479999
181	drain-1	56.99999999999999	32516.0
181	drain-2	60.0	32512.0
181	drain-3	53.0	88.77113861427601
181	drain-4	54.0	87.689461035726
182	drain-1	56.99999999999999	32516.0
182	drain-2	60.0	32519.0
182	drain-3	53.0	86.83160667813002
182	drain-4	53.0	82.9531650942
183	drain-1	56.99999999999999	32517.0
183	drain-2	60.0	32515.0
183	drain-3	51.0	84.856175626923
183	drain-4	53.0	90.39318330188998
184	drain-1	56.00000000000001	32510.0
184	drain-2	59.0	32519.0
184	drain-3	51.0	86.217015817576
184	drain-4	52.0	84.10547500125
185	drain-1	56.00000000000001	32517.0
185	drain-2	59.0	32517.0
185	drain-3	51.0	88.251033274724
185	drain-4	52.0	84.24348465749999
186	drain-1	56.00000000000001	32516.0
186	drain-2	59.0	32518.0
186	drain-3	51.0	91.50648266619
186	drain-4	52.0	93.90321273375001
187	drain-1	56.00000000000001	32513.0
187	drain-2	57.99999999999999	32512.0
187	drain-3	51.0	86.65248878208
187	drain-4	52.0	85.72702709999999
188	drain-1	56.00000000000001	32514.0
188	drain-2	57.99999999999999	32515.0
188	drain-3	51.0	84.99793188355
188	drain-4	51.0	85.97013841489999
189	drain-1	56.00000000000001	32513.0
189	drain-2	57.99999999999999	32517.0
189	drain-3	50.0	100.05840880428
189	drain-4	51.0	92.41040208168
190	drain-1	54.0	32509.0
190	drain-2	57.99999999999999	32521.0
190	drain-3	50.0	99.58806283227
190	drain-4	51.0	104.43485074229999
191	drain-1	54.0	32515.0
191	drain-2	57.99999999999999	32519.0
191	drain-3	50.0	95.28723734212599
191	drain-4	51.0	97.61496380337799
192	drain-1	54.0	32518.0
192	drain-2	57.99999999999999	32513.0
192	drain-3	50.0	91.83489260417498
192	drain-4	51.0	102.98539153199799
193	drain-1	54.0	32514.0
193	drain-2	57.99999999999999	32518.0
193	drain-3	50.0	95.397607727775
193	drain-4	50.0	103.08434986443602
194	drain-1	54.0	32515.0
194	drain-2	56.99999999999999	32517.0
194	drain-3	48.0	87.71895931219201
194	drain-4	50.0	85.647711534664
195	drain-1	54.0	32521.0
195	drain-2	56.99999999999999	32516.0
195	drain-3	48.0	92.203704473888
195	drain-4	50.0	93.189131949096
196	drain-1	53.0	32517.0
196	drain-2	56.99999999999999	32518.0
196	drain-3	48.0	94.52888988864001
196	drain-4	50.0	100.976510048376
197	drain-1	53.0	32522.0
197	drain-2	56.99999999999999	32519.0
197	drain-3	48.0	104.01633010079999
197	drain-4	50.0	82.852698173896
198	drain-1	53.0	32516.0
198	drain-2	56.99999999999999	32517.0
198	drain-3	48.0	97.00711874006402
198	drain-4	50.0	115.5765984798
199	drain-1	53.0	32516.0
199	drain-2	56.99999999999999	32520.0
199	drain-3	48.0	112.09340116684801
199	drain-4	48.0	84.029326299558
200	drain-1	53.0	32518.0
200	drain-2	55.00000000000001	32522.0
200	drain-3	47.0	96.34013033329799
200	drain-4	48.0	83.30838982525799
201	drain-1	53.0	32513.0
201	drain-2	55.00000000000001	32517.0
201	drain-3	47.0	93.00603545874
201	drain-4	48.0	94.91314311430202
202	drain-1	51.0	32517.0
202	drain-2	55.00000000000001	32513.0
202	drain-3	47.0	93.40116568632001
202	drain-4	48.0	85.521544598736
203	drain-1	51.0	32516.0
203	drain-2	55.00000000000001	32519.0
203	drain-3	46.0	91.00088887966999
203	drain-4	47.0	82.8177314404
204	drain-1	51.0	32520.0
204	drain-2	55.00000000000001	32517.0
204	drain-3	46.0	87.93768577943999
204	drain-4	47.0	82.91518623757801
205	drain-1	51.0	32515.0
205	drain-2	55.00000000000001	32517.0
205	drain-3	45.0	90.54701832383999
205	drain-4	46.0	84.16098335736
206	drain-1	51.0	32521.0
206	drain-2	55.00000000000001	32516.0
206	drain-3	45.0	87.339682925568
206	drain-4	46.0	81.198892010817
207	drain-1	51.0	32514.0
207	drain-2	53.0	32518.0
207	drain-3	45.0	89.65640898809998
207	drain-4	46.0	85.805129297538
208	drain-1	50.0	32513.0
208	drain-2	53.0	32519.0
208	drain-3	45.0	87.20812775023202
208	drain-4	46.0	81.25425871069501
209	drain-1	50.0	32511.0
209	drain-2	53.0	32517.0
209	drain-3	45.0	87.36421113792
209	drain-4	46.0	84.46383487174501
210	drain-1	50.0	32514.0
210	drain-2	53.0	32516.0
210	drain-3	45.0	85.33716886368
210	drain-4	46.0	83.444740889328
211	drain-1	50.0	32535.0
211	drain-2	53.0	32518.0
211	drain-3	44.0	100.842795704496
211	drain-4	45.0	98.0057465688
212	drain-1	50.0	32519.0
212	drain-2	53.0	32519.0
212	drain-3	44.0	89.46280985169
212	drain-4	45.0	85.45942137627999
213	drain-1	50.0	32513.0
213	drain-2	52.0	32518.0
213	drain-3	44.0	89.09237753707198
213	drain-4	45.0	92.26273152347999
214	drain-1	50.0	32516.0
214	drain-2	52.0	32518.0
214	drain-3	44.0	87.151140186034
214	drain-4	45.0	99.27929436648999
215	drain-1	48.0	32516.0
215	drain-2	52.0	32519.0
215	drain-3	44.0	97.74088580088001
215	drain-4	45.0	97.59467562306
216	drain-1	48.0	32517.0
216	drain-2	52.0	32521.0
216	drain-3	42.0	88.31785788306001
216	drain-4	43.0	92.14864122816
217	drain-1	48.0	32517.0
217	drain-2	52.0	32517.0
217	drain-3	42.0	89.26328065060501
217	drain-4	43.0	91.194215424408
218	drain-1	48.0	32515.0
218	drain-2	52.0	32517.0
218	drain-3	42.0	87.17556061964001
218	drain-4	43.0	105.42454798788
219	drain-1	48.0	32519.0
219	drain-2	52.0	32515.0
219	drain-3	42.0	88.81301419146001
219	drain-4	43.0	89.03636710308001
220	drain-1	48.0	32519.0
220	drain-2	50.0	32517.0
220	drain-3	42.0	85.94940751127
220	drain-4	43.0	100.638806700375
221	drain-1	46.0	32514.0
221	drain-2	50.0	32514.0
221	drain-3	41.0	86.29638869907001
221	drain-4	42.0	106.27427087647202
222	drain-1	46.0	32516.0
222	drain-2	50.0	32519.0
222	drain-3	40.0	88.72683264899999
222	drain-4	42.0	85.86164404164
223	drain-1	46.0	32523.0
223	drain-2	50.0	32519.0
223	drain-3	40.0	100.75534406748001
223	drain-4	42.0	83.28441195072601
224	drain-1	46.0	32516.0
224	drain-2	50.0	32518.0
224	drain-3	40.0	85.76791645247998
224	drain-4	42.0	90.13466055776
225	drain-1	46.0	32518.0
225	drain-2	50.0	32518.0
225	drain-3	40.0	85.6552634388
225	drain-4	42.0	99.48514035190799
226	drain-1	46.0	32521.0
226	drain-2	50.0	32515.0
226	drain-3	40.0	88.21399893975
226	drain-4	42.0	85.04796871672401
227	drain-1	45.0	32522.0
227	drain-2	49.0	32515.0
227	drain-3	39.0	89.62424300799199
227	drain-4	42.0	85.207551995468
228	drain-1	45.0	32513.0
228	drain-2	49.0	32515.0
228	drain-3	39.0	89.30921215209
228	drain-4	40.0	85.37203899642
229	drain-1	45.0	32519.0
229	drain-2	49.0	32517.0
229	drain-3	39.0	88.51813869007199
229	drain-4	40.0	82.5769683684
230	drain-1	45.0	32513.0
230	drain-2	49.0	32516.0
230	drain-3	39.0	85.461871319832
230	drain-4	40.0	82.36261332606999
231	drain-1	45.0	32517.0
231	drain-2	49.0	32516.0
231	drain-3	39.0	87.69805424561999
231	drain-4	40.0	83.54327966127
232	drain-1	45.0	32514.0
232	drain-2	49.0	32520.0
232	drain-3	37.0	91.68258872802001
232	drain-4	40.0	84.94104773462
233	drain-1	43.0	32515.0
233	drain-2	49.0	32516.0
233	drain-3	37.0	87.42836885609998
233	drain-4	39.0	89.44886683622398
234	drain-1	43.0	32518.0
234	drain-2	47.0	32519.0
234	drain-3	37.0	89.89059975544
234	drain-4	39.0	95.80119305208198
235	drain-1	43.0	32514.0
235	drain-2	47.0	32522.0
235	drain-3	37.0	95.21001068868
235	drain-4	39.0	103.81058941271198
236	drain-1	43.0	32518.0
236	drain-2	47.0	32518.0
236	drain-3	37.0	113.93157638888
236	drain-4	39.0	91.533178721203
237	drain-1	43.0	32517.0
237	drain-2	47.0	32519.0
237	drain-3	37.0	94.8669260455
237	drain-4	39.0	87.89063676884399
238	drain-1	43.0	32509.0
238	drain-2	47.0	32516.0
238	drain-3	36.0	98.427936774968
238	drain-4	39.0	92.45704942495101
239	drain-1	42.0	32518.0
239	drain-2	46.0	32518.0
239	drain-3	36.0	98.47333257853
239	drain-4	37.0	84.511563048192
240	drain-1	42.0	32515.0
240	drain-2	46.0	32515.0
240	drain-3	35.0	99.645521826208
240	drain-4	37.0	85.15460600640002
241	drain-1	42.0	32516.0
241	drain-2	46.0	32520.0
241	drain-3	35.0	95.115515607216
241	drain-4	37.0	88.42252516269001
242	drain-1	42.0	32512.0
242	drain-2	46.0	32522.0
242	drain-3	35.0	94.97324015168
242	drain-4	37.0	81.87670220039999
243	drain-1	42.0	32515.0
243	drain-2	46.0	32516.0
243	drain-3	34.0	89.7926729154
243	drain-4	37.0	82.13461455522001
244	drain-1	42.0	32516.0
244	drain-2	46.0	32520.0
244	drain-3	34.0	90.05522094384
244	drain-4	35.0	83.56229064268801
245	drain-1	40.0	32519.0
245	drain-2	46.0	32512.0
245	drain-3	34.0	85.0316023584
245	drain-4	35.0	83.380515031476
246	drain-1	40.0	32516.0
246	drain-2	46.0	32516.0
246	drain-3	34.0	89.694675171
246	drain-4	35.0	96.679707377448
247	drain-1	40.0	32520.0
247	drain-2	46.0	32521.0
247	drain-3	34.0	86.12655626483999
247	drain-4	35.0	82.6191752334
248	drain-1	40.0	32519.0
248	drain-2	44.0	32515.0
248	drain-3	33.0	90.03091678956399
248	drain-4	35.0	83.82736279632
249	drain-1	40.0	32518.0
249	drain-2	44.0	32519.0
249	drain-3	33.0	87.399882266598
249	drain-4	35.0	83.544047996136
250	drain-1	40.0	32514.0
250	drain-2	44.0	32515.0
250	drain-3	33.0	85.767994814712
250	drain-4	34.0	85.392241575824
251	drain-1	40.0	32518.0
251	drain-2	44.0	32516.0
251	drain-3	33.0	87.7394210054
251	drain-4	34.0	93.59628402780001
252	drain-1	39.0	32520.0
252	drain-2	44.0	32515.0
252	drain-3	33.0	92.657473638864
252	drain-4	34.0	87.988698052804
253	drain-1	39.0	32520.0
253	drain-2	44.0	32515.0
253	drain-3	31.0	86.62909383521999
253	drain-4	34.0	94.67566503939601
254	drain-1	39.0	32513.0
254	drain-2	42.0	32512.0
254	drain-3	31.0	85.95976064814
254	drain-4	34.0	97.37268577241402
255	drain-1	39.0	32517.0
255	drain-2	42.0	32515.0
255	drain-3	31.0	87.78943352699999
255	drain-4	32.0	91.880546823996
256	drain-1	39.0	32516.0
256	drain-2	42.0	32512.0
256	drain-3	31.0	82.54343562074999
256	drain-4	32.0	91.679140546596
257	drain-1	39.0	32511.0
257	drain-2	42.0	32514.0
257	drain-3	31.0	84.95966446568998
257	drain-4	32.0	88.02601211090101
258	drain-1	37.0	32520.0
258	drain-2	42.0	32516.0
258	drain-3	30.0	86.31325373816401
258	drain-4	31.0	90.098959317372
259	drain-1	37.0	32512.0
259	drain-2	42.0	32519.0
259	drain-3	30.0	85.03200805158401
259	drain-4	31.0	85.47061591657801
260	drain-1	37.0	32515.0
260	drain-2	42.0	32516.0
260	drain-3	30.0	88.71399549804799
260	drain-4	31.0	84.92600166232502
261	drain-1	37.0	32508.0
261	drain-2	41.0	32517.0
261	drain-3	30.0	96.171819293392
261	drain-4	31.0	92.68604475142502
262	drain-1	37.0	32517.0
262	drain-2	41.0	32520.0
262	drain-3	30.0	83.657429296296
262	drain-4	31.0	95.5171292094
263	drain-1	35.0	32520.0
263	drain-2	41.0	32519.0
263	drain-3	28.000000000000004	83.895869438524
263	drain-4	31.0	87.143576695065
264	drain-1	35.0	32510.0
264	drain-2	41.0	32519.0
264	drain-3	28.000000000000004	84.05587543366201
264	drain-4	31.0	82.84332182111999
265	drain-1	35.0	32517.0
265	drain-2	41.0	32517.0
265	drain-3	28.000000000000004	100.67605199682798
265	drain-4	28.999999999999996	80.791210061506
266	drain-1	35.0	32518.0
266	drain-2	41.0	32518.0
266	drain-3	28.000000000000004	110.23302653946
266	drain-4	28.999999999999996	83.45395838291401
267	drain-1	35.0	32519.0
267	drain-2	41.0	32519.0
267	drain-3	28.000000000000004	88.753803042201
267	drain-4	28.999999999999996	84.25706779488002
268	drain-1	35.0	32519.0
268	drain-2	39.0	32519.0
268	drain-3	26.0	86.3653322565
268	drain-4	28.999999999999996	85.29241462441
269	drain-1	34.0	32521.0
269	drain-2	39.0	32520.0
269	drain-3	26.0	85.4570530044
269	drain-4	28.999999999999996	88.944486226288
270	drain-1	34.0	32520.0
270	drain-2	39.0	32516.0
270	drain-3	26.0	92.77022424977999
270	drain-4	28.000000000000004	87.02378588442
271	drain-1	34.0	32519.0
271	drain-2	39.0	32519.0
271	drain-3	26.0	88.21721398941001
271	drain-4	28.000000000000004	83.31296747004
272	drain-1	34.0	32513.0
272	drain-2	39.0	32514.0
272	drain-3	26.0	86.07701569499999
272	drain-4	28.000000000000004	89.1369006
273	drain-1	34.0	32514.0
273	drain-2	39.0	32513.0
273	drain-3	25.0	93.990019518252
273	drain-4	28.000000000000004	93.05177714118001
274	drain-1	34.0	32519.0
274	drain-2	39.0	32514.0
274	drain-3	25.0	104.357902068576
274	drain-4	28.000000000000004	92.54453941424998
275	drain-1	32.0	32519.0
275	drain-2	38.0	32514.0
275	drain-3	25.0	110.315335883922
275	drain-4	26.0	91.94999241122102
276	drain-1	32.0	32519.0
276	drain-2	37.0	32521.0
276	drain-3	24.0	91.440600702688
276	drain-4	26.0	93.848376768003
277	drain-1	32.0	32520.0
277	drain-2	37.0	32513.0
277	drain-3	24.0	96.19559237484799
277	drain-4	26.0	87.7469057248
278	drain-1	32.0	32516.0
278	drain-2	37.0	32515.0
278	drain-3	23.0	103.84003046013999
278	drain-4	26.0	91.17422706828799
279	drain-1	32.0	32516.0
279	drain-2	37.0	32518.0
279	drain-3	23.0	114.74862659315998
279	drain-4	26.0	87.018374034048
280	drain-1	32.0	32511.0
280	drain-2	37.0	32514.0
280	drain-3	23.0	102.29106641781999
280	drain-4	24.0	82.7468544744
281	drain-1	31.0	32515.0
281	drain-2	36.0	32517.0
281	drain-3	23.0	101.33226859055999
281	drain-4	24.0	98.03575950295199
282	drain-1	31.0	32509.0
282	drain-2	36.0	32519.0
282	drain-3	22.0	98.6939901
282	drain-4	24.0	90.25945518504
283	drain-1	31.0	32516.0
283	drain-2	36.0	32520.0
283	drain-3	22.0	110.82533373
283	drain-4	24.0	84.177016879392
284	drain-1	31.0	32515.0
284	drain-2	36.0	32516.0
284	drain-3	22.0	94.1028578352
284	drain-4	24.0	85.09898415751199
285	drain-1	31.0	32517.0
285	drain-2	36.0	32520.0
285	drain-3	22.0	94.9245609348
285	drain-4	23.0	88.37868990272
286	drain-1	31.0	32516.0
286	drain-2	36.0	32520.0
286	drain-3	22.0	101.20073401799999
286	drain-4	23.0	82.41133583124001
287	drain-1	28.999999999999996	32514.0
287	drain-2	36.0	32517.0
287	drain-3	20.0	99.0120518208
287	drain-4	23.0	84.0824714574
288	drain-1	28.999999999999996	32517.0
288	drain-2	35.0	32524.0
288	drain-3	20.0	94.0537136602
288	drain-4	23.0	97.49901569628999
289	drain-1	28.999999999999996	32516.0
289	drain-2	35.0	32516.0
289	drain-3	20.0	107.03151833359999
289	drain-4	23.0	85.42578932632999
290	drain-1	28.999999999999996	32518.0
290	drain-2	35.0	32519.0
290	drain-3	20.0	92.45213242387202
290	drain-4	21.0	84.24021940488001
291	drain-1	28.999999999999996	32514.0
291	drain-2	35.0	32517.0
291	drain-3	20.0	89.72574416448
291	drain-4	21.0	85.25577676704002
292	drain-1	28.000000000000004	32509.0
292	drain-2	35.0	32518.0
292	drain-3	19.0	88.75924678324
292	drain-4	21.0	90.274227549968
293	drain-1	28.000000000000004	32515.0
293	drain-2	35.0	32517.0
293	drain-3	19.0	90.097882982058
293	drain-4	21.0	93.333093954848
294	drain-1	27.0	32517.0
294	drain-2	35.0	32520.0
294	drain-3	19.0	85.80198268179
294	drain-4	21.0	107.20851786392001
295	drain-1	27.0	32516.0
295	drain-2	33.0	32516.0
295	drain-3	18.0	88.000699785344
295	drain-4	20.0	87.88732677725
296	drain-1	27.0	32514.0
296	drain-2	33.0	32513.0
296	drain-3	18.0	91.87598523606401
296	drain-4	20.0	86.768768961875
297	drain-1	27.0	32514.0
297	drain-2	33.0	32522.0
297	drain-3	17.0	86.43171571957998
297	drain-4	20.0	89.02278199815
298	drain-1	26.0	32518.0
298	drain-2	33.0	32519.0
298	drain-3	17.0	84.59873800901599
298	drain-4	20.0	84.97265676900001
299	drain-1	26.0	32519.0
299	drain-2	33.0	32519.0
299	drain-3	17.0	82.83445339171199
299	drain-4	20.0	83.86795184625
300	drain-1	26.0	32521.0
300	drain-2	33.0	32515.0
300	drain-3	17.0	84.9416130189
300	drain-4	18.0	81.45824224824999
301	drain-1	26.0	32510.0
301	drain-2	31.0	32517.0
301	drain-3	17.0	100.609109779464
301	drain-4	18.0	97.29139765689
302	drain-1	26.0	32512.0
302	drain-2	31.0	32511.0
302	drain-3	NA	NA
302	drain-4	18.0	83.36457981934
303	drain-1	26.0	32515.0
303	drain-2	31.0	32513.0
303	drain-3	NA	NA
303	drain-4	18.0	94.04313964734
304	drain-1	24.0	32518.0
304	drain-2	31.0	32513.0
304	drain-3	NA	NA
304	drain-4	18.0	87.68339565286999
305	drain-1	24.0	32517.0
305	drain-2	31.0	32515.0
305	drain-3	NA	NA
305	drain-4	17.0	84.54281668453802
306	drain-1	24.0	32512.0
306	drain-2	31.0	32520.0
306	drain-3	NA	NA
306	drain-4	17.0	84.684402890868
307	drain-1	24.0	32512.0
307	drain-2	30.0	32518.0
307	drain-3	NA	NA
307	drain-4	17.0	84.065834170824
308	drain-1	24.0	32515.0
308	drain-2	30.0	32517.0
308	drain-3	NA	NA
308	drain-4	17.0	98.71308873056401
309	drain-1	23.0	32510.0
309	drain-2	30.0	32517.0
309	drain-3	NA	NA
309	drain-4	17.0	83.30211148966801
310	drain-1	23.0	32517.0
310	drain-2	30.0	32523.0
310	drain-3	NA	NA
310	drain-4	NA	NA
311	drain-1	23.0	32518.0
311	drain-2	30.0	32521.0
311	drain-3	NA	NA
311	drain-4	NA	NA
312	drain-1	23.0	32513.0
312	drain-2	30.0	32518.0
312	drain-3	NA	NA
312	drain-4	NA	NA
313	drain-1	22.0	32516.0
313	drain-2	28.000000000000004	32520.0
313	drain-3	NA	NA
313	drain-4	NA	NA
314	drain-1	22.0	32516.0
314	drain-2	28.000000000000004	32523.0
314	drain-3	NA	NA
314	drain-4	NA	NA
315	drain-1	21.0	32518.0
315	drain-2	28.000000000000004	32516.0
315	drain-3	NA	NA
315	drain-4	NA	NA
316	drain-1	21.0	32517.0
316	drain-2	28.000000000000004	32517.0
316	drain-3	NA	NA
316	drain-4	NA	NA
317	drain-1	21.0	32517.0
317	drain-2	28.000000000000004	32518.0
317	drain-3	NA	NA
317	drain-4	NA	NA
318	drain-1	21.0	32521.0
318	drain-2	28.000000000000004	32521.0
318	drain-3	NA	NA
318	drain-4	NA	NA
319	drain-1	21.0	32518.0
319	drain-2	27.0	32511.0
319	drain-3	NA	NA
319	drain-4	NA	NA
320	drain-1	21.0	32513.0
320	drain-2	27.0	32517.0
320	drain-3	NA	NA
320	drain-4	NA	NA
321	drain-1	20.0	32520.0
321	drain-2	27.0	32512.0
321	drain-3	NA	NA
321	drain-4	NA	NA
322	drain-1	20.0	32516.0
322	drain-2	27.0	32517.0
322	drain-3	NA	NA
322	drain-4	NA	NA
323	drain-1	20.0	32517.0
323	drain-2	27.0	32515.0
323	drain-3	NA	NA
323	drain-4	NA	NA
324	drain-1	20.0	32516.0
324	drain-2	27.0	32520.0
324	drain-3	NA	NA
324	drain-4	NA	NA
325	drain-1	20.0	32512.0
325	drain-2	27.0	32517.0
325	drain-3	NA	NA
325	drain-4	NA	NA
326	drain-1	20.0	32516.0
326	drain-2	25.0	32520.0
326	drain-3	NA	NA
326	drain-4	NA	NA
327	drain-1	18.0	32518.0
327	drain-2	25.0	32518.0
327	drain-3	NA	NA
327	drain-4	NA	NA
328	drain-1	18.0	32514.0
328	drain-2	25.0	32514.0
328	drain-3	NA	NA
328	drain-4	NA	NA
329	drain-1	18.0	32523.0
329	drain-2	25.0	32517.0
329	drain-3	NA	NA
329	drain-4	NA	NA
330	drain-1	18.0	32520.0
330	drain-2	25.0	32517.0
330	drain-3	NA	NA
330	drain-4	NA	NA
331	drain-1	17.0	32516.0
331	drain-2	25.0	32523.0
331	drain-3	NA	NA
331	drain-4	NA	NA
332	drain-1	17.0	32512.0
332	drain-2	24.0	32517.0
332	drain-3	NA	NA
332	drain-4	NA	NA
333	drain-1	17.0	32516.0
333	drain-2	24.0	32521.0
333	drain-3	NA	NA
333	drain-4	NA	NA
334	drain-1	17.0	32512.0
334	drain-2	24.0	32575.0
334	drain-3	NA	NA
334	drain-4	NA	NA
335	drain-1	17.0	32518.0
335	drain-2	24.0	32520.0
335	drain-3	NA	NA
335	drain-4	NA	NA
336	drain-1	17.0	32515.0
336	drain-2	24.0	32519.0
336	drain-3	NA	NA
336	drain-4	NA	NA
337	drain-1	17.0	32517.0
337	drain-2	24.0	32517.0
337	drain-3	NA	NA
337	drain-4	NA	NA
338	drain-1	17.0	32518.0
338	drain-2	22.0	32531.0
338	drain-3	NA	NA
338	drain-4	NA	NA
339	drain-1	NA	NA
339	drain-2	22.0	32522.0
339	drain-3	NA	NA
339	drain-4	NA	NA
340	drain-1	NA	NA
340	drain-2	22.0	32515.0
340	drain-3	NA	NA
340	drain-4	NA	NA
341	drain-1	NA	NA
341	drain-2	22.0	32516.0
341	drain-3	NA	NA
341	drain-4	NA	NA
342	drain-1	NA	NA
342	drain-2	22.0	32515.0
342	drain-3	NA	NA
342	drain-4	NA	NA
343	drain-1	NA	NA
343	drain-2	22.0	32520.0
343	drain-3	NA	NA
343	drain-4	NA	NA
344	drain-1	NA	NA
344	drain-2	22.0	32513.0
344	drain-3	NA	NA
344	drain-4	NA	NA
345	drain-1	NA	NA
345	drain-2	20.0	32520.0
345	drain-3	NA	NA
345	drain-4	NA	NA
346	drain-1	NA	NA
346	drain-2	20.0	32520.0
346	drain-3	NA	NA
346	drain-4	NA	NA
347	drain-1	NA	NA
347	drain-2	20.0	32518.0
347	drain-3	NA	NA
347	drain-4	NA	NA
348	drain-1	NA	NA
348	drain-2	20.0	32520.0
348	drain-3	NA	NA
348	drain-4	NA	NA
349	drain-1	NA	NA
349	drain-2	20.0	32518.0
349	drain-3	NA	NA
349	drain-4	NA	NA
350	drain-1	NA	NA
350	drain-2	19.0	32523.0
350	drain-3	NA	NA
350	drain-4	NA	NA
351	drain-1	NA	NA
351	drain-2	19.0	32516.0
351	drain-3	NA	NA
351	drain-4	NA	NA
352	drain-1	NA	NA
352	drain-2	19.0	32518.0
352	drain-3	NA	NA
352	drain-4	NA	NA
353	drain-1	NA	NA
353	drain-2	19.0	32520.0
353	drain-3	NA	NA
353	drain-4	NA	NA
354	drain-1	NA	NA
354	drain-2	19.0	32516.0
354	drain-3	NA	NA
354	drain-4	NA	NA
355	drain-1	NA	NA
355	drain-2	19.0	32523.0
355	drain-3	NA	NA
355	drain-4	NA	NA
356	drain-1	NA	NA
356	drain-2	19.0	32521.0
356	drain-3	NA	NA
356	drain-4	NA	NA
357	drain-1	NA	NA
357	drain-2	19.0	32517.0
357	drain-3	NA	NA
357	drain-4	NA	NA
358	drain-1	NA	NA
358	drain-2	17.0	32522.0
358	drain-3	NA	NA
358	drain-4	NA	NA
359	drain-1	NA	NA
359	drain-2	17.0	32521.0
359	drain-3	NA	NA
359	drain-4	NA	NA
360	drain-1	NA	NA
360	drain-2	17.0	32517.0
360	drain-3	NA	NA
360	drain-4	NA	NA
361	drain-1	NA	NA
361	drain-2	17.0	32510.0
361	drain-3	NA	NA
361	drain-4	NA	NA
362	drain-1	NA	NA
362	drain-2	17.0	32516.0
362	drain-3	NA	NA
362	drain-4	NA	NA
363	drain-1	NA	NA
363	drain-2	17.0	32516.0
363	drain-3	NA	NA
363	drain-4	NA	NA
364	drain-1	NA	NA
364	drain-2	16.0	32518.0
364	drain-3	NA	NA
364	drain-4	NA	NA
365	drain-1	NA	NA
365	drain-2	16.0	32517.0
365	drain-3	NA	NA
365	drain-4	NA	NA
366	drain-1	NA	NA
366	drain-2	16.0	32518.0
366	drain-3	NA	NA
366	drain-4	NA	NA
367	drain-1	NA	NA
367	drain-2	16.0	32518.0
367	drain-3	NA	NA
367	drain-4	NA	NA
368	drain-1	NA	NA
368	drain-2	16.0	32518.0
368	drain-3	NA	NA
368	drain-4	NA	NA
