tick	gps500_level	gps500_watts	gps5000_level	gps5000_watts
0	100	3.6657	100	4.1688
1	100	2.8367	100	1.1706
2	100	2.3915	100	1.1898
3	100	2.3741	100	2.6238
4	100	2.387	100	1.2406
5	100	2.3935	100	1.1627
6	100	2.6018	100	2.4026
7	99	3.0402	100	1.3112
8	99	2.3938	100	2.4106
9	99	2.2748	100	1.2736
10	99	2.316	100	1.1693
11	99	2.2883	100	1.9319
12	99	2.3141	100	2.4416
13	99	2.5462	100	1.2129
14	99	2.7289	100	1.2948
15	99	2.262	100	1.1557
16	99	2.7546	100	1.1733
17	97	2.2844	100	2.383
18	97	2.3615	100	1.6322
19	97	2.3499	100	2.8204
20	97	2.4604	99	2.3565
21	97	2.7077	99	1.1715
22	97	2.3654	99	2.5639
23	97	2.3268	99	1.3243
24	97	2.3532	99	1.1619
25	97	2.7244	99	2.6852
26	96	2.3359	99	1.1523
27	96	2.3238	99	2.3681
28	96	2.4553	99	2.37
29	96	2.7248	99	1.3288
30	96	2.2931	99	2.3803
31	96	2.2408	97	1.1829
32	96	2.7555	97	1.2921
33	96	2.2976	97	1.9511
34	96	2.3078	97	1.2133
35	94	2.3449	97	2.4266
36	94	2.4411	97	2.3878
37	94	2.4411	97	1.5208
38	94	2.822	97	1.5208
39	94	2.4688	97	2.5183
40	94	2.666	97	1.2543
41	94	2.3102	97	1.1951
42	94	2.3819	97	1.8036
43	93	2.3469	96	1.1994
44	93	2.4433	96	2.4336
45	93	2.3532	96	2.4136
46	93	2.4001	96	1.4375
47	93	3.1621	96	1.6801
48	93	2.5213	96	1.2129
49	93	2.3627	96	2.4233
50	93	2.376	96	2.7952
51	93	2.2999	96	1.2239
52	91	2.3877	96	2.4767
53	91	2.339	96	2.4078
54	91	2.7638	96	1.4053
55	91	2.3428	94	2.4311
56	91	2.6298	94	1.2309
57	91	2.9642	94	2.4413
58	90	2.3528	94	2.7217
59	90	2.3263	94	1.1855
60	90	2.3044	94	2.4664
61	90	2.3201	94	1.6244
62	90	2.339	94	1.4159
63	90	2.361	94	2.5074
64	90	2.3994	94	1.2463
65	90	2.3541	94	2.4338
66	90	2.4265	93	1.3907
67	90	3.1401	93	2.543
68	88	2.56	93	1.1855
69	88	2.3717	93	1.1919
70	88	2.3081	93	2.4245
71	88	2.3393	93	1.4557
72	88	2.7152	93	2.4016
73	88	2.3224	93	1.5277
74	88	2.3224	93	2.9388
75	88	2.3218	93	1.4583
76	86	2.3641	93	2.552
77	86	2.3235	91	1.1623
78	86	2.7508	91	2.5446
79	86	2.6712	91	2.6045
80	86	2.3243	91	2.4391
81	86	2.3001	91	1.1664
82	86	2.287	91	1.1664
83	86	2.2833	91	1.2192
84	85	2.3175	91	1.3778
85	85	2.3275	91	1.1632
86	85	2.7582	91	2.8738
87	85	2.6102	91	1.1683
88	85	2.6419	91	2.6612
89	85	2.32	90	1.2792
90	85	2.3225	90	2.4097
91	85	2.3921	90	1.2286
92	83	2.7866	90	2.6709
93	83	2.2924	90	1.2286
94	83	2.3418	90	2.4249
95	83	2.3128	90	1.2361
96	83	2.6743	90	1.9751
97	83	2.6157	90	1.1906
98	82	2.3023	90	1.1893
99	82	2.3042	88	1.1916
100	82	2.2908	88	2.6131
101	82	2.4029	88	1.2541
102	82	2.3056	88	2.3264
103	82	2.7308	88	1.1673
104	82	2.2914	88	2.5013
105	82	2.4738	88	1.8324
106	82	2.671	88	1.6107
107	82	2.435	88	2.4045
108	82	2.3647	88	1.2441
109	80	2.3125	88	2.6793
110	80	2.3125	88	1.1591
111	80	2.3432	86	2.3637
112	80	2.3217	86	1.2332
113	80	2.3039	86	1.4694
114	80	2.334	86	1.1672
115	80	2.9002	86	2.3506
116	79	2.6165	86	1.523
117	79	2.3785	86	2.8734
118	79	2.3132	86	1.2669
119	79	2.4041	86	2.4121
120	79	2.8475	86	1.2495
121	79	2.2961	86	1.3936
122	79	2.3058	86	2.1531
123	79	2.5086	85	1.5317
124	77	2.6818	85	2.7868
125	77	3.065	85	2.7868
126	77	2.3405	85	1.4192
127	77	2.2925	85	1.4236
128	77	2.3083	85	1.1538
129	77	2.3029	85	1.1761
130	77	2.7122	85	2.384
131	77	2.3417	85	1.326
132	75	2.377	85	2.3977
133	75	2.6123	85	1.1618
134	75	2.6772	83	2.8097
135	75	2.9223	83	1.4329
136	75	2.3643	83	2.4221
137	75	2.3261	83	2.3993
138	74	2.3275	83	1.1673
139	74	2.359	82	1.1904
140	74	2.7973	82	2.6016
141	74	2.3348	82	1.1655
142	74	2.3505	82	1.2265
143	74	2.3934	82	2.3976
144	74	2.6138	82	1.3813
145	74	2.9145	82	2.3649
146	74	2.3203	82	1.3779
147	72	2.3133	82	2.395
148	72	2.2724	82	2.7041
149	72	2.403	82	1.1723
150	72	2.3296	82	1.2646
151	72	2.7732	82	2.4332
152	72	2.3524	82	2.5052
153	72	2.4325	82	1.1852
154	72	2.6233	82	2.4332
155	71	2.4717	82	1.1944
156	71	2.3501	80	1.5033
157	71	2.8837	80	2.4011
158	70	2.3196	80	1.2326
159	70	2.407	80	2.7974
160	70	2.2944	80	2.6747
161	70	2.295	80	1.3312
162	70	2.3896	80	1.1938
163	69	2.3543	80	2.3651
164	69	2.6617	80	1.2402
165	69	2.4581	80	2.464
166	69	2.3763	80	1.6103
167	69	2.4862	79	2.4026
168	69	2.2832	79	1.2449
169	69	2.3835	79	1.2449
170	68	2.7973	79	2.0341
171	68	2.3577	79	1.2541
172	68	2.3292	79	2.3707
173	68	2.6373	79	1.4869
174	68	2.689	79	2.6784
175	68	2.3851	79	1.6269
176	68	2.344	79	1.2185
177	68	2.2447	79	1.3229
178	66	2.3416	79	2.6004
179	66	2.7514	77	1.174
180	66	2.322	77	2.4033
181	66	2.3772	77	1.1605
182	66	2.5284	77	1.2556
183	66	2.5284	77	1.2452
184	66	2.5806	77	1.1857
185	64	2.3668	77	2.4131
186	64	2.3431	77	1.3311
187	64	2.2658	77	2.3389
188	64	2.4093	77	2.4358
189	64	2.6797	77	1.1802
190	64	2.44	75	2.9327
191	64	2.4683	75	1.4092
192	63	2.7184	75	1.2002
193	63	2.5083	75	2.3821
194	63	2.2975	75	1.2351
195	63	2.368	75	2.0601
196	63	2.3492	75	1.2338
197	63	2.2605	75	1.672
198	62	2.5594	75	2.4286
199	61	2.4352	74	3.0378
200	61	2.6328	74	2.4096
201	61	2.4587	74	2.525
202	61	2.753	74	2.4272
203	61	2.2922	74	1.3657
204	61	2.3573	74	2.8756
205	61	2.2816	74	1.21
206	61	2.3057	74	1.2058
207	60	2.2938	74	2.5057
208	60	2.5629	74	2.5431
209	60	2.6799	74	1.1665
210	60	2.3319	74	2.385
211	60	2.2751	74	1.5697
212	60	2.3664	72	1.5728
213	60	2.3477	72	1.4567
214	58	2.3618	72	2.3898
215	58	2.289	72	2.7109
216	58	2.5169	72	1.2028
217	58	2.6859	72	1.4984
218	57	2.3154	72	1.187
219	57	2.3392	71	1.2457
220	57	2.3392	71	2.4877
221	57	2.3324	71	1.1931
222	57	2.3178	71	1.6642
223	57	2.3765	71	1.1651
224	57	2.8217	71	2.4421
225	57	2.498	71	1.1777
226	57	2.8578	71	2.0905
227	57	2.9066	71	1.1928
228	55	2.7218	71	2.7239
229	55	2.2906	71	1.1693
230	55	2.3744	71	2.6107
231	55	2.2779	71	1.3144
232	55	2.2779	71	1.2548
233	55	2.3646	69	2.643
234	55	2.7756	69	1.1816
235	55	2.3686	69	1.4319
236	53	2.3311	69	2.3946
237	53	2.2923	69	1.2268
238	53	2.3211	69	1.1804
239	53	2.2668	68	2.9507
240	53	2.3275	68	1.1975
241	53	2.54	68	2.4359
242	53	2.6567	68	1.1613
243	52	2.2809	68	1.2071
244	52	2.3143	68	2.1269
245	52	2.2964	68	1.1693
246	52	2.335	68	1.3625
247	52	2.3833	68	2.3963
248	52	2.35	68	2.6711
249	52	2.6083	68	1.2299
250	50	2.794	68	1.2197
251	50	2.3266	68	2.4143
252	50	2.5247	68	2.9063
253	50	2.5787	66	1.4369
254	50	2.3398	66	2.4004
255	50	2.4317	66	2.4004
256	50	2.446	66	1.274
257	50	2.446	66	1.1801
258	49	3.1607	66	1.3761
259	49	2.5688	65	1.422
260	49	2.4799	65	1.303
261	49	2.2615	65	1.1893
262	49	2.7006	65	1.2101
263	49	2.2592	65	1.5827
264	49	2.3961	64	2.4325
265	47	2.309	64	1.2109
266	47	2.9114	64	2.6386
267	47	2.6228	64	1.4425
268	47	2.3788	64	1.3487
269	47	2.3347	64	2.4818
270	47	2.3135	64	1.2257
271	47	2.3462	64	1.1865
272	47	2.3439	64	3.0899
273	46	2.308	63	1.2274
274	46	2.36	63	1.1883
275	46	2.6075	63	2.4027
276	46	2.4223	63	1.298
277	46	2.2983	63	2.3196
278	45	2.349	63	1.6166
279	45	2.3638	62	1.2125
280	44	2.3452	62	1.177
281	44	2.3088	62	1.9431
282	44	2.4524	62	1.2385
283	44	2.4359	61	1.2142
284	44	2.6063	61	2.9834
285	44	2.3281	61	1.2248
286	44	2.3019	61	1.4778
287	44	2.3458	61	2.4177
288	42	2.35	61	1.2886
289	42	2.6248	61	1.1817
290	42	2.3096	61	2.945
291	42	2.7448	61	1.2881
292	42	2.4137	61	2.4721
293	42	2.7921	60	2.4222
294	42	2.7921	60	1.2374
295	41	2.5318	60	2.5612
296	41	2.4558	60	1.5504
297	41	2.3362	60	1.1556
298	40	3.1328	60	1.1556
299	40	2.3743	59	1.1753
300	40	2.7877	59	2.6843
301	40	2.5649	59	2.4071
302	39	2.7091	59	2.433
303	39	2.2546	58	1.1999
304	39	2.3953	58	1.8792
305	39	2.3071	58	1.1981
306	39	2.7611	58	1.2334
307	39	2.3608	58	1.197
308	39	2.5514	58	1.7458
309	39	2.3851	58	1.2498
310	38	2.3345	58	1.5243
311	38	2.4635	58	1.2375
312	38	2.2428	58	1.3127
313	38	2.3362	57	2.5664
314	38	2.4968	57	1.7196
315	38	2.7005	57	2.3907
316	38	2.3882	57	1.2017
317	36	2.2985	57	2.0978
318	36	2.3426	57	1.1518
319	36	2.3539	56	1.4871
320	36	2.3257	56	2.3819
321	36	2.4166	56	1.6873
322	36	2.6895	56	1.2181
323	36	2.6274	55	1.6093
324	35	2.2999	55	2.3844
325	35	2.2903	55	2.0904
326	35	2.2903	55	2.4166
327	35	2.3648	55	1.2463
328	35	2.3422	55	1.1855
329	35	2.4387	55	2.5095
330	35	2.6829	55	2.7609
331	33	2.4433	53	2.5095
332	33	2.4433	53	1.1556
333	33	2.4854	53	2.4397
334	33	2.2849	53	1.3637
335	33	2.3731	53	2.4541
336	33	2.3062	53	1.411
337	33	2.3175	53	1.1619
338	31	3.0095	53	2.7349
339	31	2.6229	53	1.5865
340	31	2.2946	53	2.4103
341	31	2.341	53	2.4103
342	31	2.2968	52	1.2433
343	31	2.2381	52	1.3654
344	31	2.4591	52	1.3799
345	30	2.4687	52	1.2305
346	30	2.6544	52	1.1677
347	30	2.3778	52	2.7918
348	30	2.2706	52	1.209
349	30	2.5814	52	2.4423
350	30	2.366	52	1.1822
351	30	2.3739	52	1.3474
352	28	2.34	50	2.8545
353	28	2.5593	50	1.1815
354	28	2.5374	50	1.1494
355	28	2.3658	50	1.2302
356	28	2.6989	50	1.5218
357	28	2.2598	50	1.6066
358	27	2.6113	50	2.3916
359	27	2.3894	50	2.4041
360	27	2.4162	50	1.4349
361	27	2.6487	50	1.2058
362	27	2.6052	50	1.1886
363	27	2.3195	49	2.4732
364	27	2.2944	49	1.4003
365	27	2.2704	49	2.5368
366	25	2.5192	49	2.4416
367	25	2.79	49	1.1583
368	25	2.5942	49	1.5867
369	25	2.5942	49	2.3086
370	25	2.6983	49	1.179
371	25	2.7856	49	1.2552
372	25	2.3294	49	2.4766
373	24	2.3089	49	1.3321
374	24	2.3122	47	2.5041
375	24	2.3401	47	1.1608
376	24	2.3077	47	1.2203
377	24	2.4189	47	1.9626
378	22	2.7244	47	1.4743
379	22	2.7933	47	1.6249
380	22	2.2496	47	2.4429
381	22	2.2368	47	1.5691
382	22	2.3608	47	2.3916
383	22	2.6432	47	1.1612
384	22	2.5665	46	1.1631
385	22	2.4208	46	2.9429
386	22	2.353	46	2.4912
387	20	2.3558	46	1.2208
388	20	2.2834	46	2.456
389	20	2.2767	46	1.1873
390	20	2.4003	46	1.5768
391	20	2.6637	46	1.2346
392	20	2.6448	46	1.2491
393	20	2.2979	46	1.1735
394	19	2.2919	46	2.692
395	19	2.3631	44	1.2494
396	19	2.3392	44	2.4011
397	19	2.496	44	1.1758
398	18	2.5991	44	1.2621
399	18	2.634	44	1.3466
400	18	2.334	44	2.4014
401	17	2.2908	44	2.6484
402	17	2.3374	44	2.4571
403	17	2.3124	44	1.4351
404	17	2.2897	44	1.3972
405	17	2.7602	44	1.2765
406	17	2.8184	42	1.6567
407	17	2.8184	42	2.8156
408	17	2.9027	42	1.1842
409	16	2.2768	42	2.3771
410	16	2.2635	42	1.2152
411	16	2.3847	42	2.5734
412	16	2.3294	42	1.314
413	16	2.3394	42	2.4144
414	16	2.6736	42	1.2118
415	16	2.9819	42	1.2192
416	0	0	41	2.2541
417	0	0	41	2.4828
418	0	0	41	1.2216
419	0	0	41	2.4362
420	0	0	41	1.8209
421	0	0	41	1.1625
422	0	0	41	1.2027
423	0	0	41	2.3732
424	0	0	41	2.4276
425	0	0	41	1.1923
426	0	0	41	2.4231
427	0	0	39	2.5333
428	0	0	39	2.5333
429	0	0	39	2.6127
430	0	0	39	2.4052
431	0	0	39	1.1785
432	0	0	39	2.4313
433	0	0	39	1.2414
434	0	0	39	2.1161
435	0	0	39	2.4908
436	0	0	39	1.2324
437	0	0	38	1.1718
438	0	0	38	2.375
439	0	0	38	1.1906
440	0	0	38	1.2505
441	0	0	38	1.1803
442	0	0	38	1.3362
443	0	0	38	2.7576
444	0	0	38	1.2186
445	0	0	38	1.1757
446	0	0	38	2.6816
447	0	0	38	1.5745
448	0	0	36	2.867
449	0	0	36	1.1974
450	0	0	36	1.1986
451	0	0	36	2.049
452	0	0	36	1.194
453	0	0	36	1.173
454	0	0	36	2.417
455	0	0	36	1.4978
456	0	0	36	1.169
457	0	0	35	1.1748
458	0	0	35	1.1857
459	0	0	35	2.6435
460	0	0	35	2.5251
461	0	0	35	1.1854
462	0	0	35	2.4015
463	0	0	35	2.6629
464	0	0	35	1.555
465	0	0	35	2.4692
466	0	0	35	2.4077
467	0	0	35	1.2509
468	0	0	33	2.4044
469	0	0	33	1.1718
470	0	0	33	1.199
471	0	0	33	1.199
472	0	0	33	1.2405
473	0	0	33	1.1882
474	0	0	33	1.236
475	0	0	33	2.4066
476	0	0	33	1.3821
477	0	0	31	2.3641
478	0	0	31	1.1666
479	0	0	31	1.3357
480	0	0	31	1.4752
481	0	0	31	1.2364
482	0	0	31	1.241
483	0	0	31	2.4541
484	0	0	31	1.8064
485	0	0	31	2.457
486	0	0	31	1.174
487	0	0	30	1.2036
488	0	0	30	1.4368
489	0	0	30	2.0219
490	0	0	30	1.1673
491	0	0	30	2.4492
492	0	0	30	1.232
493	0	0	30	2.544
494	0	0	30	1.4278
495	0	0	30	1.2098
496	0	0	28	1.3204
497	0	0	28	2.5525
498	0	0	28	1.1771
499	0	0	28	1.2192
500	0	0	28	1.2549
501	0	0	28	1.2883
502	0	0	28	1.1988
503	0	0	28	1.2351
504	0	0	28	2.4135
505	0	0	27	1.7242
506	0	0	27	1.1747
507	0	0	27	2.3899
508	0	0	27	2.404
509	0	0	27	1.3967
510	0	0	27	2.3741
511	0	0	27	1.1887
512	0	0	27	2.466
513	0	0	27	2.7084
514	0	0	27	1.1718
515	0	0	25	1.175
516	0	0	25	1.2502
517	0	0	25	2.3687
518	0	0	25	2.5846
519	0	0	25	1.1747
520	0	0	25	2.4155
521	0	0	25	1.1668
522	0	0	25	2.3002
523	0	0	25	1.2227
524	0	0	24	1.2318
525	0	0	24	2.5307
526	0	0	24	1.4795
527	0	0	24	1.1641
528	0	0	24	1.6967
529	0	0	24	1.1816
530	0	0	24	2.2509
531	0	0	24	1.1889
532	0	0	24	2.4946
533	0	0	24	1.1686
534	0	0	24	1.3672
535	0	0	22	1.5463
536	0	0	22	1.1838
537	0	0	22	1.642
538	0	0	22	1.3149
539	0	0	22	2.5122
540	0	0	22	1.2147
541	0	0	22	1.1866
542	0	0	22	2.47
543	0	0	22	1.3059
544	0	0	22	2.4126
545	0	0	20	1.1635
546	0	0	20	3.5017
547	0	0	20	1.2376
548	0	0	20	2.4524
549	0	0	20	1.241
550	0	0	20	1.1881
551	0	0	20	2.5996
552	0	0	20	1.2059
553	0	0	20	2.4017
554	0	0	20	2.4368
555	0	0	20	1.9197
556	0	0	19	2.3416
557	0	0	19	1.182
558	0	0	19	1.2138
559	0	0	19	1.2197
560	0	0	19	2.5444
561	0	0	19	1.2136
562	0	0	19	1.181
563	0	0	19	2.3952
564	0	0	19	1.6989
565	0	0	19	2.4165
566	0	0	19	1.2276
567	0	0	17	1.22
568	0	0	17	1.9353
569	0	0	17	2.4047
570	0	0	17	2.9016
571	0	0	17	1.3152
572	0	0	17	1.7555
573	0	0	17	1.2306
574	0	0	17	1.1729
575	0	0	17	2.4445
576	0	0	17	1.4625
577	0	0	17	2.4411
578	0	0	16	2.5387
579	0	0	16	1.6797
580	0	0	16	1.688
581	0	0	16	2.3437
582	0	0	16	1.2224
583	0	0	16	1.1727
584	0	0	16	1.5665
585	0	0	16	2.3763
586	0	0	16	2.3934
587	0	0	16	1.218
