83.9762548885
66.830064364008
65.563483414528
67.994333077352
71.43428070310401
68.74728920136
74.35564543615999
76.82902619084
78.73904514009601
66.531548518512
81.13012955501999
93.32160343857002
84.73662677656802
85.94411517595802
68.306971656352
66.90401504432799
76.89450694525598
95.957758873856
64.679241042306
64.177221303184
66.43658706009599
69.79534758202
72.64732130924001
72.65216365693601
65.220721858356
68.770600117648
68.24642369075599
78.24969229746198
69.841701166482
65.158751431963
71.146949432215
86.03690004382499
80.960489469423
88.46644886398799
83.52240003536
85.48996494167999
74.81305919786399
77.208326140608
70.69073700686401
69.597583720704
73.94028296896799
65.62084922553599
92.50922869551
65.17266624099
68.70361047363
71.321429816208
66.82880562850801
63.29364649779599
68.708189951082
77.55893321836001
80.80629320332001
66.41158104067802
65.159873783784
72.18349419623901
76.19941679625201
70.17149344449301
70.08455404049401
70.358002327501
64.896910156674
63.85972112560001
66.44086513225
67.20213439004
70.76386124225999
64.41708070863999
66.54503169045
79.73787806461
67.84930404737999
64.79382132444
79.337848966425
62.14765248912
62.83298213361
81.81215130843
65.11281573852
64.31337801015
64.31980827624
64.43295135572001
68.079013600104
68.893055336276
70.082459369136
75.06846999496
63.642790800332
70.18836054365201
63.504590201047996
64.21268434447201
65.05662252276
65.972300705844
70.12527089755
63.42046476607499
63.3366092889
70.26518117618998
68.44270300344
75.21908222488
77.50279185948
62.43037249819499
64.51999439047499
69.16159059092999
62.329742175744
63.976148045543994
72.574859713557
64.991121939135
64.53755238632
65.553847389514
