task	reward	total_reward	total_reward_dev	joules
0	11.167616868047345	38.6154029100345	8.086970837184628	38.6154029100345
1	12.533226543961137	73.41847880814299	16.583974779494007	34.8030758981085
2	10.812470897308238	125.05827173854149	30.09938317991579	51.6397929303985
3	11.06916855793925	189.48903930893374	50.793330707206295	64.43076757039223
4	7.810613309995643	245.6023304941392	64.91856334688265	56.11329118520549
5	10.419473790910986	286.30629949451276	73.15995312980773	40.7039690003735
6	10.983113276879699	325.43677492989025	73.30117495026735	39.130475435377505
7	10.215020167826838	366.71151029470695	72.77890826556212	41.27473536481675
8	8.741466311276568	412.0999168423932	74.12147582267313	45.38840654768625
9	6.602465944374001	479.400246932656	74.68205579009476	67.30033009026275
10	10.151029151562422	520.8536238845442	85.96703997992716	41.453376951888245
11	11.126301299264657	559.5843660907636	101.61307927857897	38.730742206219496
12	10.084103807728955	601.3492650326966	117.72103895579679	41.764898941933
13	11.070046404551494	644.783920529264	121.0754679160832	43.43465549656725
14	7.989052661410208	704.134330038571	125.7162451330703	59.350409509307
15	10.094116652449582	745.7465877171492	124.44251454367144	41.61225767857825
16	6.712012146602686	812.7246332979238	130.01901932152688	66.97804558077449
17	6.956088482861106	873.2347315358265	142.82384488739245	60.51009823790275
18	7.831589703340654	934.4572702249526	128.7892101752673	61.222538689126
19	6.3557728324357	1021.9921360488355	126.22910204901349	87.534865823883
20	11.72779568382012	1061.9079227994962	146.97554560986987	39.9157867506605
21	10.867860733394625	1101.973916099736	146.09615023618758	40.065993300239995
22	11.873134490781373	1138.619748979638	151.21652371708234	36.645832879902
23	10.471710812778747	1186.012914967468	146.77486104726577	47.39316598783
24	5.961676738934866	1253.3518477833666	153.26993173061763	67.3389328158985
25	10.145039548955943	1308.7839511816405	147.67198889681288	55.432103398273995
26	8.898921925765734	1365.6541791882487	132.28890755042127	56.870228006608
27	10.07612002840973	1409.9894530302881	133.44675625546617	44.3352738420395
28	10.830439909072537	1449.5461416174608	132.84162702553405	39.556688587172495
29	11.449685742437074	1487.3741022531572	135.10842041785756	37.8279606356965
30	7.339586957373433	1544.8371272799018	134.80251888072493	57.4630250267445
31	7.362147984089191	1614.6588627956226	130.22231315002566	69.82173551572099
32	4.680203546338448	1671.384961228761	135.5450365880159	56.726098433138496
33	10.200852844220119	1712.6992470386465	139.21507009202404	41.314285809885504
34	10.602319489624774	1763.406018889716	138.27011455822398	50.7067718510695
35	10.53012631968576	1814.5004134827032	136.19423085974515	51.09439459298726
36	11.274560104131341	1859.7123021292832	135.76661158794943	45.21188864658
37	4.54677595127409	1932.7658311152318	140.43255234944692	73.0535289859485
38	13.581925543349076	1964.6412889733824	141.23183926527062	31.875457858150497
39	11.057400816551253	2003.5643783605099	147.4266602344621	38.92308938712775
40	12.135178814669851	2053.09705426689	131.94543413948983	49.53267590637999
41	6.731484565613524	2104.096659854552	125.16639032170077	50.999605587662245
42	5.224582941540749	2168.877993679391	113.32711172814821	64.78133382483875
43	9.407452142567584	2218.9175613637767	114.42856970851606	50.0395676843855
44	8.949010952462775	2286.826562347223	95.68780060481654	67.90900098344676
45	10.967300043552775	2326.001183058972	94.44035666391235	39.1746207117485
46	8.956408016942746	2370.789544011673	94.78724235562744	44.7883609527015
47	7.196823626725013	2425.8753445190173	83.59005418111732	55.085800507344004
48	11.688555219435344	2477.5403706476054	91.7502175783213	51.665026128587996
49	10.9205672422794	2524.7663095385997	110.40213995221465	47.225938890993994
50	5.228485451894866	2587.091781973161	115.09808250947033	62.325472434561505
51	10.248489045635882	2628.2730833874275	120.36537556020284	41.18130141426649
52	10.365797453899226	2669.126898828625	127.30046655922503	40.853815441197995
53	10.511660819024476	2709.5735123755153	138.43281654045936	40.44661354689
54	6.0927835824673435	2769.5926236955593	138.11515525667224	60.019111320044004
55	8.195662323166447	2816.5047330433863	133.79910933773573	46.912109347827
56	8.555266548753465	2862.41294726145	128.3894465967709	45.90821421806324
57	7.585168061801941	2912.9269133176017	136.65413979850942	50.513966056152256
58	11.034471189571944	2951.914014580047	133.09331987836785	38.987101262444995
59	10.790942315203555	3008.1010409021287	155.394072344228	56.18702632208174
60	11.227423421505101	3091.8054468709015	152.07769892537274	83.70440596877275
61	8.37450847751364	3155.2697494091008	164.6592937331585	63.46430253819924
62	4.2309561524329835	3230.204225999373	171.2419806246979	74.93447659027274
63	9.284164249059733	3309.430195240747	173.2330663898816	79.22596924137375
64	6.610418955605761	3367.3040399532456	189.20438779685654	57.873844712498254
65	9.05640091039015	3417.048409652787	180.91121081225012	49.7443696995415
66	13.14847498671418	3507.9761707649204	212.6304000571738	90.92776111213374
67	9.509638881385374	3559.3370758171995	206.57850699476742	51.3609050522785
68	12.298230570124897	3594.7961821422673	206.40311902345303	35.459106325068
69	7.847662322201189	3657.4323422576003	217.47084211175715	62.636160115333
70	10.379671091990566	3698.2474271257934	223.36417121252862	40.815084868193
71	10.14429424969806	3739.7196056787197	231.4153615381034	41.47217855292625
72	9.851215255561968	3825.867365063066	220.20394312254936	86.1477593843465
73	8.886881516973554	3870.8498208281817	224.95069602095148	44.982455765115496
74	15.349945117850323	3953.272433642017	263.1246814619106	82.42261281383549
75	11.735221862034328	3990.303272610505	263.33908136835805	37.0308389684875
76	10.619347139707672	4030.449261845487	261.5248958747366	40.14598923498275
77	9.514524214871432	4073.679548412305	259.13271803097695	43.23028656681725
78	9.568335738663642	4116.759611141869	258.00878701140874	43.080062729564
79	7.464311403227315	4178.166075832993	245.6767038235225	61.406464691123745
80	9.691832703246629	4240.165191783104	228.99537926793468	61.999115950111495
81	7.129257162189997	4317.9900210236665	210.26130953962854	77.82482924056175
82	10.725387826797075	4366.524441993957	205.78550804882977	48.5344209702915
83	9.447940494008538	4416.5077578852015	200.14277001105515	49.983315891244494
84	10.58340192157403	4456.754094187474	197.47348909531848	40.246336302272496
85	7.300333125728299	4506.165664211483	197.63943783388993	49.4115700240085
86	5.404664234315164	4560.869309890686	190.29893244197004	54.703645679203504
87	8.879437122746179	4613.38480348367	208.03687442586968	52.51549359298424
88	9.399188883856926	4674.493402143865	213.41177980662536	61.108598660194744
89	9.676242885043433	4739.46932488626	200.65411384979475	64.97592274239526
90	8.642711476367339	4822.586176515984	207.47312610535863	83.1168516297245
91	7.654152467710119	4890.928097297293	197.25121581181335	68.34192078130924
92	11.486662854516116	4943.449044597492	224.13018457282823	52.5209473001985
93	8.408948286211192	4996.4211909269015	241.5374631916638	52.97214632940975
94	8.772459737952417	5041.723074158451	238.7394011774107	45.301883231549496
95	9.247539870947943	5093.511624828122	231.82156851692736	51.788550669671
96	7.264803907032118	5147.416069576484	221.7802855289215	53.904444748361996
97	7.876110994158805	5208.166706950682	213.76575088966317	60.750637374199
98	9.871306654783405	5250.400975872746	213.32900961837146	42.234268922063
99	11.703485520085136	5287.520412129175	213.88667526070995	37.119436256429
100	6.751644734142568	5341.393938501891	203.8144543042934	53.87352637271599
101	7.323700245605254	5390.740275316242	201.90414132249447	49.346336814352
102	9.364583997802628	5434.389144989044	200.98513847777903	43.648869672801
103	7.647187041041434	5482.832414499469	208.34069150099086	48.443269510426
104	9.061940479308658	5536.334964572501	203.99931559619935	53.502550073032495
105	9.18727057471666	5597.087808695717	190.526030144482	60.752844123215006
106	9.136045561224687	5641.374681503966	187.08705202729934	44.28687280824774
107	8.037620235300242	5688.727991680418	188.932928270832	47.35331017645349
108	8.695102754660537	5744.913765327821	178.22320303578482	56.18577364740199
109	8.38157615313576	5801.056059475904	171.2970979072079	56.142294148082996
110	7.168691452662596	5876.308884915534	178.81574721549168	75.25282543962975
111	8.293223109908926	5922.948637067037	181.04904777488622	46.639752151504254
112	9.892631198697913	5965.123374970672	180.2728301120147	42.17473790363499
113	7.5781246940349245	6021.154194225514	174.13982900637262	56.03081925484249
114	8.054341652720899	6075.334217184907	172.02637637048875	54.18002295939249
115	10.317377118012566	6144.306754019718	163.01116784569112	68.97253683481074
116	8.812532904092535	6204.521141966193	165.31245921727088	60.214387946474986
117	7.514118295787224	6261.292039986657	163.83274741379353	56.770898020464
118	10.64966688028242	6301.353386612535	163.36774885425228	40.06134662587825
119	9.176287982156001	6359.481835837369	151.09970937431214	58.1284492248345
120	8.29715405096006	6422.466374670825	142.8306812778319	62.984538833455495
