task	r0_energy	r0_config	r0_reward	r0_rate	r0_avgrate	r0_rollrate	r1_energy	r1_config	r1_reward	r1_rate	r1_avgrate	r1_rollrate	r2_energy	r2_config	r2_reward	r2_rate	r2_avgrate	r2_rollrate	r3_energy	r3_config	r3_reward	r3_rate	r3_avgrate	r3_rollrate	c0	c1	c2	c3	c4	c5	c6	c7	c8	c9	c10	c11	c12	c13	c14	c15	c16	c17	c18	c19
0	10.460290082250511	0	40.590023520383994	14.539709917749489	14.539709917749489	14.539709917749489	11.634620900964777	0	37.31168331814	13.365379099035223	13.365379099035223	13.365379099035223	7.236907502272004	0	49.588633222823994	17.763092497727996	17.763092497727996	17.763092497727996	15.338648986702088	0	26.971271578790002	9.661351013297912	9.661351013297912	9.661351013297912	4	0	0	0	0	0	0	0	0	0	0	0	0	0	0	0	0	0	0	0
1	15.289754042028417	1	67.697793486388	9.710245957971583	12.124977937860535	12.124977937860535	12.394508601602391	1	72.50201347199999	12.605491398397609	12.985435248716417	12.985435248716417	7.089036881909262	1	99.590071927494	17.910963118090738	17.837027807909365	17.837027807909365	15.359606650304476	1	53.88403634669	9.640393349695524	9.650872181496718	9.650872181496718	0	4	0	0	0	0	0	0	0	0	0	0	0	0	0	0	0	0	0	0
2	15.566805736530863	2	94.032127471906	9.433194263469137	11.227716713063401	11.227716713063401	8.620614341767642	2	166.359561842768	33.62061434176764	19.863828279733493	19.863828279733493	10.107305917846446	2	141.165509573506	14.892694082153554	16.855583232657427	16.855583232657427	8.955157593088	2	98.67588806598602	16.044842406912	11.78219558996848	11.78219558996848	0	0	4	0	0	0	0	0	0	0	0	0	0	0	0	0	0	0	0	0
3	6.385414024360589	3	181.64974162324597	31.38541402436059	16.267141040887697	16.267141040887697	11.912278962843693	3	269.40634061404	36.91227896284369	24.125940950511044	24.125940950511044	11.558783823955224	3	178.688904731631	13.441216176044776	16.001991468504265	16.001991468504265	14.420197420597493	3	128.21117026681802	10.579802579402507	11.481597337326985	11.481597337326985	0	0	0	4	0	0	0	0	0	0	0	0	0	0	0	0	0	0	0	0
4	10.320399371529552	4	222.630293377726	14.679600628470448	15.949632958404248	15.949632958404248	5.821793439242985	4	355.45051396526003	30.821793439242985	25.46511144825743	25.46511144825743	10.986297986977675	4	217.810489517985	14.013702013022325	15.604333577407877	15.604333577407877	4.1139624422323635	4	186.518025115586	20.886037557767636	13.362485381415116	13.362485381415116	0	0	0	0	4	0	0	0	0	0	0	0	0	0	0	0	0	0	0	0
5	13.294148287166566	5	255.309129409386	11.705851712833434	15.242336084142446	15.242336084142446	5.14162671826627	5	410.8884727101	19.85837328173373	24.530655087170146	24.530655087170146	11.291421202190568	5	256.08027199520296	13.708578797809432	15.288374447474803	15.288374447474803	11.950698956020538	5	222.947323863362	13.049301043979462	13.310287991842506	13.310287991842506	0	0	0	0	0	4	0	0	0	0	0	0	0	0	0	0	0	0	0	0
6	6.948922522047994	6	305.70172070200204	18.051077477952006	15.643584854686669	15.643584854686669	11.395639448391643	6	448.86731258334004	13.604360551608357	22.969755867804174	22.969755867804174	13.113901668430088	6	289.26229650416894	11.886098331569912	14.802335002345533	14.802335002345533	12.473989468649071	6	257.91576993005	12.526010531350929	13.198248354629424	13.198248354629424	0	0	0	0	0	0	4	0	0	0	0	0	0	0	0	0	0	0	0	0
7	5.434687885959999	7	360.32155035369703	19.56531211404	16.133800762105835	16.133800762105835	11.513746055088243	7	486.51643817955204	13.486253944911757	21.784318127442624	21.784318127442624	12.753926683315584	7	323.44925117991295	12.246073316684416	14.482802291637894	14.482802291637894	11.157720046943526	7	296.55880146566597	13.842279953056474	13.278752304432805	13.278752304432805	0	0	0	0	0	0	0	4	0	0	0	0	0	0	0	0	0	0	0	0
8	7.192762198023999	8	410.03342255088	17.807237801976	16.319738210980297	16.319738210980297	8.126501443554151	8	533.62162164963	16.87349855644585	21.23867150844298	21.23867150844298	12.529350277499699	8	358.26314832189297	12.470649722500301	14.25922978395594	14.25922978395594	7.117251326028423	8	346.4814748471699	17.882748673971577	13.790307456603779	13.790307456603779	0	0	0	0	0	0	0	0	4	0	0	0	0	0	0	0	0	0	0	0
9	0.6231400649839962	9	481.56468856562697	25.623140064983996	17.250078396380665	17.250078396380665	2.423112161889911	9	596.648766864354	22.57688783811009	21.37249314140969	21.37249314140969	12.566657871147463	9	392.97289509827294	12.433342128852537	14.0766410184456	14.0766410184456	10.796953679474633	9	446.41463720236993	35.79695367947463	15.990972078890866	15.990972078890866	0	0	0	0	0	0	0	0	0	4	0	0	0	0	0	0	0	0	0	0
10	13.769165262976001	10	512.9174355398189	11.230834737023999	16.70287442734824	16.147920451263477	3.4032379119369622	10	656.93972769353	21.596762088063038	21.392881227469086	17.343557325100225	15.469662894949852	10	419.57841951653796	9.530337105050148	13.663340662682375	16.692106794914036	7.962050536386865	10	493.9789127882899	17.037949463613135	16.086151841138346	17.3379214833351	0	0	0	0	0	0	0	0	0	0	4	0	0	0	0	0	0	0	0	0
11	15.254451870496002	11	540.123757401351	9.745548129503998	16.12309723586122	16.223872540508737	0.9978570864425116	11	723.945709993878	24.00214291355749	21.610319701309788	17.31915672746654	15.590708093440002	11	445.846026089018	9.409291906559998	13.308836599672176	17.007484864987447	12.66218814668012	11	528.4219708788079	12.33781185331988	15.773790175486807	16.857038055013792	0	0	0	0	0	0	0	0	0	0	0	4	0	0	0	0	0	0	0	0
12	12.697346211370984	12	574.4686658946069	12.302653788629016	15.829216970689513	16.29902856647953	0.08932924549946009	12	793.986754137564	25.08932924549946	21.877935820093608	15.228266123082017	14.729094110126567	12	474.518971698248	10.270905889873433	13.07514962199535	15.13227323836696	12.820645663918807	12	562.4226684003679	12.179354336081193	15.497295110917143	14.190532463168774	0	0	0	0	0	0	0	0	0	0	0	0	4	0	0	0	0	0	0	0
13	3.2574579409720634	13	653.3540693131539	28.257457940972063	16.716948468566837	16.063244546760966	11.322853374915823	13	832.1687884659241	13.677146625084177	21.29216516330722	15.72716426290807	15.62124099981373	13	500.701340573768	9.37875900018627	12.811121720437558	15.690485349976296	14.078633302504361	13	592.91148376421	10.921366697495639	15.170443081387036	14.382407728370111	0	0	0	0	0	0	0	0	0	0	0	0	0	4	0	0	0	0	0	0
14	9.918638879826512	14	695.4562024403049	15.081361120173488	16.607909312007283	14.949614649731462	3.1947513728075165	14	910.8791360483451	28.194751372807517	21.752337577273906	16.535308601680224	5.303050314889553	14	585.297356036168	30.303050314889553	13.977250293401026	18.33534825430628	13.539770078117254	14	624.904625629466	11.460229921882746	14.923095537420085	16.972438321944608	0	0	0	0	0	0	0	0	0	0	0	0	0	0	4	0	0	0	0	0
15	12.989050109115823	15	728.9867708856899	12.010949890884177	16.320599348187088	17.146442722045684	9.913035813229849	15	952.9969110697451	15.086964186770151	21.33575174036742	17.43720370711458	7.673898387792242	15	633.666056370248	17.326101612207758	14.186553500826447	16.34406807423815	9.800482299660418	15	667.3366125429139	15.199517700339582	14.940371922602553	16.496305181763688	0	0	0	0	0	0	0	0	0	0	0	0	0	0	0	4	0	0	0	0
16	13.068440854131104	16	762.2957068345739	11.931559145868896	16.062420512756606	16.751585196331952	3.797435973897791	16	1033.3897531635432	28.79743597389779	21.774674342339797	18.539192123972164	2.3713119782208985	16	696.8378104310481	22.6286880217791	14.68314964911778	19.29392481413273	7.6108597801609505	16	758.3752627625299	32.61085978016095	15.97981238481187	19.735535654868073	0	0	0	0	0	0	0	0	0	0	0	0	0	0	0	0	4	0	0	0
17	13.204632118565609	17	795.224442170245	11.795367881434391	15.825362033238706	17.884767411522557	3.9448723982089575	17	1114.1941886085433	28.944872398208958	22.173018678776973	19.633231659155175	7.3570267065695525	17	746.0911108752081	17.642973293430448	14.84758429602404	20.196433999409805	3.317822708100305	17	837.4291844893099	28.317822708100305	16.66525740277234	21.519519851542817	0	0	0	0	0	0	0	0	0	0	0	0	0	0	0	0	0	4	0	0
18	5.46324039330387	18	880.267654934885	30.46324039330387	16.595776683768452	22.833233729652427	10.52636559398209	18	1154.5997513253433	14.47363440601791	21.76778792757913	22.760645400220263	4.060862253348301	18	827.2193513324721	29.0608622533483	15.595651556935843	24.4735757109682	11.27589057272836	18	875.7423233071099	13.72410942727164	16.51046014090388	22.966243056305583	0	0	0	0	0	0	0	0	0	0	0	0	0	0	0	0	0	0	4	0
19	5.188492515583995	19	964.5438632075569	30.188492515583995	17.27541247535923	23.722223505686074	5.1325080362985105	19	1238.7196695933433	30.13250803629851	22.1860239330151	23.474388331299828	9.171860307988062	19	922.6157946922722	34.17186030798806	16.524461994488455	25.712037573955193	5.930230469872232	19	962.0892167021699	30.93023046987223	17.2314486573523	25.910573381121527	0	0	0	0	0	0	0	0	0	0	0	0	0	0	0	0	0	0	0	4
20	15.163527936725972	13	992.0040143841969	9.836472063274028	16.921177217640885	25.129923258105883	2.0519759054268647	10	1314.2397689959932	27.051975905426865	22.417735931701372	25.00333857783854	16.58638409182376	4	946.1038057692642	8.413615908176238	16.138231228473586	22.798376129325778	13.10929480130388	16	995.2841020485299	11.89070519869612	16.977127540273436	22.540083208593597	0	0	0	0	1	0	0	0	0	0	1	0	0	1	0	0	1	0	0	0
21	14.724535443918327	14	1020.6896862699249	10.275464556081673	16.619099369388195	20.661543438866936	12.759590853659702	10	1348.4109111961932	12.240409146340298	21.955130168730417	20.513173410773806	15.547599969039286	0	972.4917558556963	9.452400030960714	15.83432981040482	18.439564162311477	0.4397166669611927	7	1066.3033110771298	25.439716666961193	17.361790682395608	17.97028502537774	1	0	0	0	0	0	0	1	0	0	1	0	0	0	1	0	0	0	0	0
22	13.438778710757258	14	1052.964762369061	11.561221289242742	16.399191626773174	15.709221123503212	8.833438009671639	4	1393.5425634191931	16.16656199032836	21.703453291408586	14.232854275548823	13.38869197998615	10	1004.9066574115683	11.61130802001385	15.650720167344343	14.410337871222804	11.831629262710445	0	1103.0650127187298	13.168370737289555	17.179468076086646	13.021977354409074	1	0	0	0	1	0	0	0	0	0	1	0	0	0	1	0	0	0	0	0
23	4.89673457206257	19	1136.426479716069	29.89673457206257	16.961589249493567	15.170289220797708	11.783165393432837	14	1430.4395600291932	13.216834606567163	21.349844179540195	15.30290216158481	12.90981578266555	2	1038.6584216849603	12.09018421733445	15.502364502760598	15.484374127710089	12.297127502954032	10	1138.5271984396497	12.702872497045968	16.992943260293284	15.530620462780655	0	0	1	0	0	0	0	0	0	0	1	0	0	0	1	0	0	0	0	1
24	8.25099075887379	13	1183.184130514213	16.74900924112621	16.95308604915887	16.260281383797203	5.164151476865673	19	1514.6478162354433	30.164151476865673	21.70241647143321	16.732724864787652	5.002019540752244	19	1122.4140595695603	30.002019540752244	16.082350704280262	18.576804689938605	5.429545179247757	8	1193.1613848142497	19.570454820752243	17.09604372271164	18.91719397298099	0	0	0	0	0	0	0	0	1	0	0	0	0	1	0	0	0	0	0	2
25	10.002630786227584	9	1280.899808125765	35.002630786227584	17.6472993082769	21.256326249602363	11.505908451749258	5	1552.3188218076434	13.494091548250742	21.386711666695422	21.288898330698483	12.659769842508418	16	1156.8638687592243	12.340230157491582	15.938422990942238	19.533247889241384	6.411849115338509	16	1245.0533060339296	18.58815088466149	17.153432459709713	20.070379517050817	0	0	0	0	0	1	0	0	0	1	0	0	0	0	0	0	2	0	0	0
26	8.721603332504841	3	1326.343665489189	16.27839666749516	17.596599210470167	20.48920076206689	11.513803718352241	2	1589.9677864272435	13.486196281647759	21.09409998576773	20.567533140527072	8.540693766713318	18	1250.4983055246323	33.54069376671332	16.590358945600425	22.246701593085778	6.819586885492534	13	1295.8069593119296	18.180413114507466	17.19146878025778	21.04832775684996	0	0	1	1	0	0	0	0	0	0	0	0	0	1	0	0	0	0	1	0
27	1.9148243018626765	18	1401.4808833318891	26.914824301862676	17.929392963734184	20.739608232961	11.262492482549254	2	1628.3183282467935	13.737507517450746	20.831364540470695	20.156313502630855	15.19284776776788	13	1277.8766055062804	9.80715223223212	16.34810156298013	17.636765647231307	11.934315561459107	11	1332.2819950361895	13.065684438540893	17.044119339482176	17.593924936260322	0	0	1	0	0	0	0	0	0	0	0	1	0	1	0	0	0	0	1	0
28	9.845152998113436	3	1443.788164545489	15.154847001886564	17.833718965049787	17.87538662069982	11.376751549652298	1	1666.3498968373474	13.623248450347702	20.58280881322507	17.378896377268443	10.369174603332775	3	1318.7209930719764	14.630825396667225	16.2888851434521	17.214139250185646	11.730680485191643	6	1369.3255120150295	13.269319514808357	16.913953828286527	17.19245157350171	0	1	0	2	0	0	1	0	0	0	0	0	0	0	0	0	0	0	0	0
29	12.96144376515821	18	1477.395800701089	12.03855623484179	17.64054687404285	15.042237820314554	10.477182635701489	12	1706.8927619793474	14.522817364298511	20.38080909826085	14.676478245293657	15.460871839941376	4	1345.3510591854733	9.539128160058624	16.063893244005648	12.938908631113254	6.899244728947224	17	1419.8567871467185	18.100755271052776	16.953513876378732	13.375233406473455	0	0	0	0	1	0	0	0	0	0	0	0	1	0	0	0	0	1	1	0
30	11.933896555653732	18	1513.872006149889	13.066103444346268	17.492984182762317	13.701128527684869	1.4406222281791052	11	1772.6626915923473	23.559377771820895	20.483343571601498	14.750497861012871	5.846714232414566	14	1431.4648030842973	30.846714232414566	16.540758437180127	16.319684584065673	10.137114813246328	17	1461.3490082930725	14.862885186753672	16.886074241229537	16.44364825770627	0	0	0	0	0	0	0	0	0	0	0	1	0	0	1	0	0	1	1	0
31	3.0761355900799963	10	1592.2512180055292	28.076135590079996	17.82370766424099	17.78817927704754	3.454477287928359	13	1832.8106091635473	21.54552271207164	20.51653666974119	18.615799596773872	11.669702240107455	14	1533.8343885045972	36.669702240107455	17.169787931021606	21.078914197300442	11.248276818240955	8	1499.7392355088166	13.751723181759045	16.788125770621086	21.00180477904649	0	0	0	0	0	0	0	0	1	0	1	0	0	1	1	0	0	0	0	0
32	2.545386944557851	3	1654.9370127853051	22.45461305544215	17.964038130641026	22.293353268584845	2.729358435656117	11	1894.9828168640072	22.270641564343883	20.56969136351703	22.710341897913956	2.1800649913241834	12	1597.540040403817	22.819935008675817	17.34100450913234	23.68572505434691	11.26600381381564	9	1538.0799748619147	13.73399618618436	16.69557638927452	22.703186895783258	0	0	0	1	0	0	0	0	0	1	0	1	1	0	0	0	0	0	0	0
33	14.957828019133133	3	1682.971409565225	10.042171980866867	17.731042067412375	20.62273267062849	7.271091467271646	1	1944.4760198512072	17.728908532728354	20.486138927317363	20.90933500522596	7.25388554548358	9	1647.081276589342	17.74611445451642	17.352919507525986	19.876332891669602	11.320606344992116	8	1576.2682821488117	13.679393655007884	16.606865132384325	19.089719985963225	0	1	0	1	0	0	0	0	1	1	0	0	0	0	0	0	0	0	0	0
34	7.531878514344115	18	1773.789570417769	32.531878514344115	18.153923108753283	18.67593761338689	11.306163033337315	5	1982.7046480498072	13.693836966662685	20.292073157012947	18.670148991877248	13.434080511019582	8	1679.369468496079	11.565919488980418	17.187576649853256	17.58127963523108	10.13715589979809	7	1617.7603885952087	14.86284410020191	16.557035960036256	16.840499888816883	0	0	0	0	0	1	0	1	1	0	0	0	0	0	0	0	0	0	1	0
35	15.334253568382088	12	1800.773112539369	9.665746431617912	17.9181404232773	15.52508103111109	7.711297809194029	11	2030.9689416658073	17.28870219080597	20.20864618572942	15.880551631573251	7.665192049272832	18	1770.559796300299	32.66519204927283	17.617510410948242	18.142853638413847	11.409761851894093	9	1655.6998034253377	13.590238148105907	16.474624909704854	17.728986599951604	0	0	0	0	0	0	0	0	0	1	0	1	1	0	0	0	0	0	1	0
36	15.393567104735524	12	1827.591071038649	9.606432895264476	17.693499679276954	16.91501844402641	11.64971721811582	3	2068.2384810985673	13.35028278188418	20.023285012652522	16.882107356714037	4.939726999842378	18	1854.141534174859	29.939726999842378	17.950543291729165	16.622892205263867	13.115229093831642	0	1688.8781222050577	11.884770906168358	16.350574801501164	16.441985599214437	1	0	0	1	0	0	0	0	0	0	0	0	1	0	0	0	0	0	1	0
37	8.272903331815641	19	1920.477926173301	33.27290333181564	18.103483985922708	18.61268398349796	0.28490782661612	1	2137.2347800825974	24.71509217338388	20.146753622145454	19.597908790816156	3.157505157680717	16	1932.7479027400511	28.157505157680717	18.21914755135947	21.44708466342243	6.471787488983882	9	1740.6027154649778	18.528212511016118	16.407881057014716	21.571035695443445	0	1	0	0	0	0	0	0	0	1	0	0	0	0	0	0	1	0	0	1
38	15.279038552825078	0	1947.6156102133311	9.720961447174922	17.8885475105702	19.276612635233654	11.631891985428059	3	2174.5540816232774	13.368108014571941	19.972942196310235	19.25439962188026	15.262994515219582	10	1959.930376385063	9.737005484780418	18.001656729139494	19.26745688083185	12.153777119923586	16	1776.4650876718579	12.846222880076414	16.316556488375273	19.217050890651077	1	0	0	1	0	0	0	0	0	0	1	0	0	0	0	0	1	0	0	0
39	12.869016401674628	18	1981.4812727586561	12.130983598325372	17.74460841276408	17.436176550499376	6.214888532688235	16	2226.9958511361892	18.785111467311765	19.943246428085274	18.12621060661372	13.135230615394626	16	1993.052857583753	11.864769384605374	17.84823454552614	15.985397211892694	12.010467716447524	2	1812.7275319634418	12.989532283552476	16.233380883254704	14.812841222909551	0	0	1	0	0	0	0	0	0	0	0	0	0	0	0	0	2	0	1	0
40	15.405568800156418	2	2008.265726524886	9.594431199843582	17.54582360269285	12.956533827125838	10.175718532831048	9	2268.380303565369	14.824281467168952	19.818393624160485	12.58614072274112	13.202974124617313	16	2025.9862214858629	11.797025875382687	17.700644090156786	12.793747165561898	9.756453801074628	19	1909.7559654914419	34.75645380107463	16.68516314954299	14.932581744212166	0	0	1	0	0	0	0	0	0	1	0	0	0	0	0	0	1	0	0	1
41	7.657282997225074	18	2056.680811490966	17.342717002774926	17.540987731266235	15.693152896011616	9.550177480608955	16	2311.5110580986693	15.449822519391045	19.714380026427882	15.95351285994308	8.501724876817317	17	2072.043906204748	16.498275123182683	17.672016257609783	16.39024201242881	1.21675290780275	12	1976.150863623826	23.78324709219725	16.854165148177618	16.890055574917362	0	0	0	0	0	0	0	0	0	0	0	0	1	0	0	0	1	1	1	0
42	2.458602997004302	18	2119.608878124329	22.541397002995698	17.657276318980873	17.957718336756393	10.797069231613136	4	2351.1609064937493	14.202930768386864	19.586206787868786	18.07905818523983	6.859673697891349	19	2160.985495278028	31.85967369789135	18.001961779476797	20.305582435044606	0.7829858396542093	9	2043.7566948214578	24.21701416034579	17.025394194972225	21.24485570436229	0	0	0	0	1	0	0	0	0	1	0	0	0	0	0	0	0	0	1	1
43	7.984193711344002	17	2167.111337346827	17.015806288655998	17.642697454655305	21.76673374568962	11.645699082563343	4	2388.4416632215934	13.354300917436657	19.444572563540785	19.626518457325822	4.664146805291942	18	2243.797905109468	29.664146805291942	18.267011439154416	20.85866143757753	13.33576897107105	2	2076.319339777218	11.66423102892895	16.903549577562153	20.48010228853132	0	0	1	0	1	0	0	0	0	0	0	0	0	0	0	0	0	1	1	0
44	4.6952214673595165	18	2250.010497276539	29.695221467359517	17.91053132160429	21.799796922949003	6.367990800147101	11	2440.4560222378495	18.6320091998529	19.426515599903272	21.284673133714566	12.878806519622572	18	2277.636236908855	12.121193480377428	18.130437706737148	20.24265278145274	11.854025022721913	9	2179.2034929656497	36.85402502272191	17.346893476343478	22.507762206886245	0	0	0	0	0	0	0	0	0	1	0	1	0	0	0	0	0	0	2	0
45	8.093619966939464	18	2297.207474868833	16.906380033060536	17.88870194576638	21.012432840403164	11.730401654668896	3	2477.5003176185655	13.269598345331104	19.292669572629965	19.917691258901694	12.91483630190424	18	2311.373985566039	12.08516369809576	17.999018706549293	19.42462699984567	11.130342250698508	9	2217.9229541824498	13.869657749301492	17.271301395320826	19.476162683032154	0	0	0	1	0	0	0	0	0	1	0	0	0	0	0	0	0	0	2	0
46	11.410146664543763	0	2335.145815430315	13.589853335456237	17.797237081717228	17.868733336048585	10.6478155843797	11	2517.5668324455055	14.3521844156203	19.187552867161674	18.13752867471772	2.5065886827749218	18	2374.168092159959	22.49341131722508	18.09464408124452	17.417347659704273	11.261081136072596	9	2256.277436010914	13.738918863927404	17.196144320184796	16.92803862611173	1	0	0	0	0	0	0	0	0	1	0	1	0	0	0	0	0	0	1	0
47	8.709974104071641	18	2380.622137723115	16.29002589592836	17.76583684867996	17.34492186766682	9.820753963940298	5	2559.9422276295054	15.179246036059702	19.10404647484705	15.1774439690006	6.398465090624477	18	2426.097377115299	18.601534909375523	18.105204306830586	15.346959456632097	3.858101348263638	9	2336.83963560815	28.858101348263638	17.439101758269775	16.90580975692535	0	0	0	0	0	1	0	0	0	1	0	0	0	0	0	0	0	0	2	0
48	12.890087001378149	18	2414.428978177601	12.109912998621851	17.650409831331835	16.908284686977957	9.827274658770147	17	2602.2994192071055	15.172725341229853	19.02381543130384	17.038591446170795	10.39086050114269	18	2524.8968626809888	35.39086050114269	18.457972800592056	19.218692162739437	13.64599871645039	12	2368.536222524726	11.35400128354961	17.31491603429589	18.91887384953237	0	0	0	0	0	0	0	0	0	0	0	0	1	0	0	0	0	1	2	0
49	11.901742527766448	5	2450.994946954253	13.098257472233552	17.55936678414987	17.97935846503322	5.674642943778384	17	2687.9327974251537	30.674642943778384	19.256831981553333	19.672930873018316	12.520841089041193	18	2559.734514640749	12.479158910958807	18.338396522799393	19.291844174521362	13.585042408531582	10	2400.402979134242	11.414957591468418	17.196916865439345	18.91541533006223	0	0	0	0	0	1	0	0	0	0	1	0	0	0	0	0	0	1	1	0
50	1.8183685891820893	18	2525.862892599053	26.81836858918209	17.740915839150503	19.73709869804289	4.763277760114626	17	2744.4269803448337	20.236722239885374	19.276045516030432	18.87496078720506	3.289687043845735	18	2638.7098909714846	28.289687043845735	18.533519866349323	20.49293819172745	11.04260841443701	18	2439.367363977272	13.95739158556299	17.133396761912355	20.371404816160766	0	0	0	0	0	0	0	0	0	0	0	0	0	0	0	0	0	1	3	0
51	12.692169031448834	18	2560.2222540529247	12.307830968551166	17.63643343779282	18.06310186290161	5.297961375850985	17	2799.42850483725	19.702038624149015	19.284237691186558	18.897905596961554	12.557780481024242	18	2673.4444204619585	12.442219518975758	18.416379475053677	18.832301801635772	10.446045294219466	17	2479.997154197576	14.553954705780534	17.083792106986742	17.220232977835987	0	0	0	0	0	0	0	0	0	0	0	0	0	0	0	0	0	2	2	0
52	12.687092113855046	18	2594.5957885684124	12.312907886144954	17.535989559459843	17.203607875354603	4.927871892930874	17	2855.463195802818	20.072128107069126	19.299103548090002	18.069324926914675	12.31104957420418	18	2708.8677404006385	12.68895042579582	18.308314776011077	16.656383110576048	11.537176234606806	6	2517.580870542632	13.462823765393194	17.015471949598187	15.978993263126828	0	0	0	0	0	0	1	0	0	0	0	0	0	0	0	0	0	1	2	0
53	12.747931953065073	9	2628.7994785327724	12.252068046934927	17.43813916107975	14.37523136343575	1.8809400113289527	17	2920.003904937858	23.119059988671047	19.369843482174836	15.291398203746557	14.515689006867104	10	2738.1364419231345	10.484310993132896	18.163425817068887	15.109046206204729	12.902082304836776	10	2551.354224108296	12.097917695163224	16.924406130071613	14.34863411330615	0	0	0	0	0	0	0	0	0	1	2	0	0	0	0	0	0	1	0	0
54	1.5926474933463908	4	2703.037286118364	26.59264749334639	17.60458476712096	15.76367691074321	8.908097799366686	15	2964.927131914626	16.091902200633314	19.31024454978317	15.91747166022849	3.591685990425791	18	2817.9548986464065	28.59168599042579	18.35303054749356	17.54534947065657	10.278703046730506	9	2592.45117810284	14.721296953269494	16.8843495995843	17.01026635527661	0	0	0	0	1	0	0	0	0	1	0	0	0	0	0	1	0	0	1	0
55	2.526547301611938	9	2765.7756749013643	22.473452698388062	17.69152883732216	17.988716582535837	9.190957219794148	17	3009.060709676034	15.809042780205852	19.247723089612148	18.2233384840171	13.437398904962388	3	2850.2338267033865	11.562601095037612	18.231772878699704	18.15439178882737	7.627745866297314	5	2640.94872089276	17.372254133702686	16.8930621805507	17.579711203330532	0	0	0	1	0	1	0	0	0	1	0	0	0	0	0	0	0	1	0	0
56	11.948702251162986	9	2802.2105477835344	13.051297748837014	17.610121274366282	17.836409878900945	10.627617936548301	17	3049.18360960317	14.372382063451699	19.162190790907577	18.063856315729794	8.010393316103166	18	2897.6631453625987	16.989606683896834	18.2099804893172	17.103552234784836	3.6343526911994033	9	2700.594486296495	21.365647308800597	16.97152858630947	17.630926745601563	0	0	0	0	0	0	0	0	0	2	0	0	0	0	0	0	0	1	1	0
57	10.605947558635222	9	2842.3939441823445	14.394052441364778	17.554671811728323	16.211163390695464	1.359446133981617	16	3122.7703967272023	26.359446133981617	19.286281400270923	17.374978308766675	12.459839521282268	18	2932.671093365686	12.540160478717732	18.11222497189307	16.38164908679964	5.915439033308658	9	2753.872218995175	19.084560966691342	17.007960179074676	16.70920090544819	0	0	0	0	0	0	0	0	0	2	0	0	0	0	0	0	1	0	1	0
58	14.599424221430926	4	2871.4288848975166	10.400575778569074	17.433415946759524	16.59299837380134	11.693493455711527	0	3159.917727496674	13.306506544288473	19.184929284067827	16.186423614859915	12.087065265503524	18	2968.719702832822	12.912934734496476	18.024101408547367	16.17258731342586	5.7579018156417945	9	2807.589743093175	19.242098184358206	17.04582692492694	16.659558925516514	1	0	0	0	1	0	0	0	0	1	0	0	0	0	0	0	0	0	1	0
59	7.415446136463288	0	2920.5190977665566	17.584553863536712	17.435934912039144	16.7190536434805	11.83527662234627	4	3262.749541400724	36.83527662234627	19.479101739705804	18.266016574835067	15.338428151625553	3	2995.6915909095337	9.661571848374447	17.88472591587782	17.792768515536032	8.574618350379108	3	2853.4439335317	16.425381649620892	17.035486170338505	16.799362067099963	1	0	0	2	1	0	0	0	0	0	0	0	0	0	0	0	0	0	0	0
60	19.513071891354734	9	3044.7847567965887	44.513071891354734	17.879822403503333	19.996653208363664	5.1015859352060815	16	3346.783135469841	30.10158593520608	19.653240824877937	21.098355705215138	12.487511223590925	18	3030.6222887436757	12.512488776409075	17.796656454575054	21.30954700499914	7.80752463586866	9	2945.0316064735002	32.80752463586866	17.294044177970147	23.259648814157156	0	0	0	0	0	0	0	0	0	2	0	0	0	0	0	0	1	0	1	0
61	8.85350150950304	0	3089.8603984158926	16.14649849049696	17.85186556619678	23.583005189757202	7.62734940821958	16	3437.867819234454	32.62734940821958	19.862500640738286	24.92153031214334	12.428552433082988	18	3065.7175798679855	12.571447566917012	17.71237889187089	24.420219682481367	4.588630559248951	9	3027.6332001180704	29.58863055924895	17.492343958313352	23.695555076171637	1	0	0	0	0	0	0	0	0	1	0	0	0	0	0	0	1	0	1	0
62	4.777511165566086	9	3146.3148464120204	20.222488834433914	17.889494506962446	24.751646774777583	6.459872737528599	16	3525.6932972933882	31.4598727375286	20.04658591211591	26.255095883568355	1.999128820840241	18	3141.0901478261644	26.99912882084024	17.85978762090215	24.503701576516907	3.6873118857970084	13	3107.71861246592	28.68731188579701	17.670041861924204	24.362274171575997	0	0	0	0	0	0	0	0	0	1	0	0	0	1	0	0	1	0	1	0
63	11.809425161015882	9	3183.1385345041845	13.190574838984118	17.816073887150285	24.430082777833505	4.16364422820299	16	3607.1084707637883	29.16364422820299	20.189039948304767	24.06569473706694	11.72476749616991	19	3243.6134570863055	36.72476749616991	18.15455293145321	26.123521637634234	9.438820110850152	19	3203.8603186087103	34.43882011085015	17.932054022063674	26.304668707897285	0	0	0	0	0	0	0	0	0	1	0	0	0	0	0	0	1	0	0	2
64	10.457136661597135	9	3223.7373613238924	14.542863338402865	17.76571680178494	26.50181028504587	4.682696809717733	16	3689.9726660242504	29.682696809717733	20.33509620771112	26.511216910092752	0.28995327520966896	18	3312.5956708596786	24.71004672479033	18.255406682119936	26.959972699128393	11.011889075898505	9	3242.9104616051604	13.988110924101495	17.871377974402716	25.212796517785684	0	0	0	0	0	0	0	0	0	2	0	0	0	0	0	0	1	0	1	0
65	3.7505592174667512	9	3303.9993391393205	28.75055921746675	17.93215380808315	25.387939557448334	11.570111618129074	12	3727.4644377569734	13.429888381870926	20.230471846713545	23.86219720705573	10.784875985427464	18	3352.2795587336936	14.215124014572536	18.194190278066184	23.96465212461457	10.120056820537314	9	3284.4503029811603	14.879943179462686	17.826053204782415	22.53628201974054	0	0	0	0	0	0	0	0	0	2	0	0	1	0	0	0	0	0	1	0
66	3.014407356971933	9	3382.2062263442003	28.014407356971933	18.082635204335222	21.66524600582074	24.811875796149252	16	3866.5225910212234	49.81187579614925	20.671985338496167	23.20255157435065	13.61294343795523	18	3460.0740258313185	38.61294343795523	18.498947787915274	25.609559584305885	11.1546733557803	15	3323.1018398629403	13.8453266442197	17.766639375520285	24.025822567756087	0	0	0	0	0	0	0	0	0	1	0	0	0	0	0	1	1	0	1	0
67	5.8151500390299695	9	3468.2318535364925	30.81515003902997	18.26987806955132	24.63633289918005	10.319025154146871	4	3907.5069791325636	14.680974845853129	20.58388224301612	24.705619291355212	12.638834926328116	4	3494.5822783286526	12.361165073671884	18.408686277411697	23.066679876975723	9.265545406036539	9	3367.027192271088	15.734454593963461	17.736754305203274	23.297136498184976	0	0	0	0	2	0	0	0	0	2	0	0	0	0	0	0	0	0	0	0
68	12.85640369877158	9	3502.1327265440887	12.14359630122842	18.181091377256788	23.089983726850566	11.696827651467462	4	3944.6450019388835	13.303172348532538	20.47836470831346	22.932306643757553	14.971756157482986	11	3522.5777923890128	10.028243842517014	18.287230589949452	21.13369029231206	9.667934772777553	9	3409.8292076970843	15.332065227222447	17.701903738855727	17.68570923541938	0	0	0	0	1	0	0	0	0	2	0	1	0	0	0	0	0	0	0	0
69	11.351564859740655	17	3540.234607977313	13.648435140259345	18.11633914529968	15.189258405649792	6.043458390971214	19	4031.3079899470117	31.043458390971214	20.629294618065714	16.90907158032494	9.470092836363461	18	3565.9321165541646	15.529907163636539	18.24784025528784	15.380547292785598	4.525533201729427	17	3492.254654551912	29.525533201729427	17.87081273118249	16.86500312837323	0	0	0	0	0	0	0	0	0	0	0	0	0	0	0	0	0	2	1	1
70	12.869388917676416	9	3574.099230582133	12.130611082323584	18.03203311624368	16.8419477292384	6.548651831594032	17	4082.818003583812	18.451348168405968	20.59861931595783	17.113637086682647	11.970111061939583	18	3602.3072231729166	13.029888938060417	18.174347983214215	17.20226635036585	10.130532556752238	17	3533.7652511643123	14.869467443247762	17.82854026233834	17.35889585983737	0	0	0	0	0	0	0	0	0	1	0	0	0	0	0	0	0	2	1	0
71	12.763676802033553	9	3608.258966176456	12.236323197966447	17.951537145156497	17.579703795382315	4.983077622271043	16	4138.698578554971	20.016922377728957	20.590540191815762	18.048189510432966	12.468725845767642	18	3637.2903635201487	12.531274154232358	18.095971957811688	17.936473411830267	10.361696728720002	4	3574.6305144633025	14.638303271279998	17.784231415240306	16.295957899861143	0	0	0	0	1	0	0	0	0	1	0	0	0	0	0	0	1	0	1	0
72	14.063081263742802	10	3717.310068037738	39.0630812637428	18.24073637965768	18.649275309871776	3.3146463469592895	16	4199.236857503043	21.68535365304071	20.605537636490077	17.865257355002903	17.35714701527116	18	3755.537398937781	42.35714701527116	18.428316821612505	20.88791094829766	4.6699863962746235	9	3631.3851357737026	20.330013603725376	17.81910514384969	21.075777491829598	0	0	0	0	0	0	0	0	0	1	1	0	0	0	0	0	1	0	1	0
73	12.34936320427654	10	3752.626429092466	12.65063679572346	18.165194493388295	21.037852277595903	5.057619241760481	16	4254.909337119795	19.94238075823952	20.596576057054257	21.54514360909508	12.354641566651225	18	3790.8390245642127	12.645358433348775	18.350168735284615	21.586047132633315	5.785902055205973	9	3685.0244925362526	19.214097944794027	17.837956397916503	21.50576468933982	0	0	0	0	0	0	0	0	0	1	1	0	0	0	0	0	1	0	1	0
74	15.419988550755821	10	3779.370627721606	9.580011449244179	18.050725386133042	21.210638418841	26.005158883746375	16	4397.298739003587	51.005158883746375	21.00202382807682	24.84732398008764	13.743767397687158	18	3898.9987085494226	38.74376739768716	18.62208338411665	24.81539259348207	6.230865639211942	9	3737.4216592934526	18.76913436078806	17.850372104088127	24.52377066425681	0	0	0	0	0	0	0	0	0	1	1	0	0	0	0	0	1	0	1	0
75	12.79940129016597	9	3813.4306324532263	12.20059870983403	17.973750035129108	21.508115833713095	11.182459354053732	16	4435.872706640187	13.817540645946268	20.907491154627735	20.85686853793519	13.285862791929553	18	3931.7006749219527	11.714137208070447	18.531189355484464	20.763218579169884	9.673164011988057	9	3780.2090764266527	15.326835988011943	17.817167681508174	20.301664102147125	0	0	0	0	0	0	0	0	0	2	0	0	0	0	0	0	1	0	1	0
76	5.57606301107845	9	3867.6557898806323	19.42393698892155	17.992583631931605	20.979521957704403	11.241794438739108	16	4474.281030498707	13.758205561260892	20.814643289778815	20.43393271935109	13.88277644126388	16	3962.7362573567575	11.11722355873612	18.434904085396823	20.587653930300284	11.776754667749254	9	3817.123969645853	13.223245332250746	17.75750635229704	16.80946257515072	0	0	0	0	0	0	0	0	0	2	0	0	0	0	0	0	2	0	0	0
77	7.88663057203761	9	3915.4306128670273	17.11336942796239	17.981311654957643	14.646422778178245	11.35680079137051	16	4512.368294956131	13.64319920862949	20.72270169899485	14.133829262962385	7.989764626680596	18	4010.2231644406074	17.010235373319404	18.41663910190865	14.614792929310923	10.824900869397014	9	3856.696121385453	14.175099130602986	17.711578054583015	14.650548777776596	0	0	0	0	0	0	0	0	0	2	0	0	0	0	0	0	1	0	1	0
78	6.918337517026988	9	3965.90858729866	18.081662482973012	17.982581918603408	15.287301305266851	10.783439941188776	6	4552.056191786979	14.216560058811224	20.640345475701384	15.17627371234678	8.265838445907463	18	4056.9393654457826	16.734161554092537	18.39534191775908	14.90729616886388	12.305727050531342	17	3892.134300036053	12.694272949468658	17.648067863379037	14.800902907684655	0	0	0	0	0	0	1	0	0	1	0	0	0	0	0	0	0	1	1	0
79	6.441570755880598	9	4017.7175356051603	18.558429244119402	17.98978001017236	15.545023476222985	9.211728595711044	9	4596.131782790619	15.788271404288956	20.57969454980873	15.801526083426808	5.282632332863884	18	4111.983683516538	19.717367667136116	18.411867239626293	16.061925907344182	8.921313928453735	9	3986.831301419653	33.921313928453735	17.85148343919247	18.089737379326607	0	0	0	0	0	0	0	0	0	3	0	0	0	0	0	0	0	0	1	0
80	9.201664656746267	9	4113.19718277191	34.20166465674627	18.189926734204136	19.80888030766929	11.383422049064123	16	4634.144729570315	13.616577950935877	20.49373014735351	19.753028189702576	13.582966258841791	18	4143.856236043938	11.417033741158209	18.325511270509402	19.086565315521096	4.5992778483343315	9	4069.4626187462527	29.59927784833433	17.996517938070763	20.624837094473413	0	0	0	0	0	0	0	0	0	2	0	0	0	0	0	0	1	0	1	0
81	6.462072516961182	9	4201.02880188176	31.462072516961182	18.35178217057922	22.097628190760272	8.503412778902923	16	4680.19770222921	16.496587221097077	20.444984501911357	22.477859617923116	4.469097925489557	18	4226.124134419263	29.469097925489557	18.46140866874087	23.568926486060132	9.082445427406327	19	4164.609445564429	34.08244542740633	18.192687785501686	25.39834388837187	0	0	0	0	0	0	0	0	0	1	0	0	0	0	0	0	1	0	1	1
82	6.221704109922385	9	4288.18939252196	31.221704109922385	18.506841471053235	26.548777532650497	11.175945917056003	16	4718.789853210762	13.824054082943997	20.3652142558997	24.539051548099522	13.497963176878805	18	4258.233987217143	11.502036823121195	18.377560815179184	22.269088764737013	12.005938103331102	9	4200.884535025963	12.994061896668898	18.13005373864828	22.206837159310314	0	0	0	0	0	0	0	0	0	2	0	0	0	0	0	0	1	0	1	0
83	10.635727590256717	9	4328.28965299916	14.364272409743283	18.457525172704308	22.501561026168822	11.475306927062928	16	4756.546288039378	13.524693072937072	20.283779479912052	20.8941025486291	4.704823716072834	18	4341.159953424513	29.704823716072834	18.512409183046966	20.718377668540263	10.975903742641673	9	4240.035137077754	14.024096257358327	18.081173292442447	20.47112857216639	0	0	0	0	0	0	0	0	0	2	0	0	0	0	0	0	1	0	1	0
84	11.594664164029853	9	4365.71288220791	13.405335835970147	18.398087651095672	18.864752363214446	11.409536622460179	16	4794.48633163501	13.590463377539821	20.205034584590027	16.815554158227794	13.440826059044296	18	4373.429314009682	11.559173940955704	18.430606415492953	14.849301141331129	5.88858084076179	9	4293.387848897294	19.11141915923821	18.093293832051806	15.378037648960548	0	0	0	0	0	0	0	0	0	2	0	0	0	0	0	0	1	0	1	0
85	10.985272279205969	9	4404.8373304284605	14.014727720794031	18.347118349580537	15.629306738727834	6.564613612620416	16	4845.951785299778	18.435386387379584	20.1844572799713	16.173439187798902	8.575532858837974	15	4419.280951445426	16.424467141162026	18.407279214628637	16.379458660940777	3.0759137522488373	9	4354.5925896722665	21.924086247751163	18.137837929908777	17.219397978422187	0	0	0	0	0	0	0	0	0	2	0	0	0	0	0	1	1	0	0	0
86	5.718216730764059	9	4458.665642055077	19.28178326923594	18.357861624519106	16.177093933738494	10.352764860377787	16	4886.84198339789	14.647235139622213	20.120811048473033	16.239407821964882	0.22376645480693114	18	4488.447936759089	24.77623354519307	18.48048558624432	17.376497592887173	5.323908891311881	9	4409.521677350687	19.67609110868812	18.155519000929228	17.985060366002006	0	0	0	0	0	0	0	0	0	2	0	0	0	0	0	0	1	0	1	0
87	11.57586122337409	9	4496.141362806491	13.42413877662591	18.30179659215668	18.171556849569026	5.381914431510925	16	4971.658161185857	30.381914431510925	20.237414496007556	19.298606376796297	12.191365613148415	18	4524.205374422383	12.808634386851585	18.416032731705766	19.17799704340205	6.368607222951287	9	4461.534315519948	18.631392777048713	18.16092665747604	19.19759768236897	0	0	0	0	0	0	0	0	0	2	0	0	0	0	0	0	1	0	1	0
88	11.383688671402988	9	4534.153565265491	13.616311328597012	18.249150690318935	18.916782101112467	0.7856668381459073	16	5043.643147775681	25.785666838145907	20.299754409964166	19.30294016015194	13.635394533783282	18	4555.931564682238	11.364605466216718	18.336803211868812	18.511222379850018	11.792005492095527	9	4564.245330852048	36.79200549209553	18.370264621909968	20.725699415097345	0	0	0	0	0	0	0	0	0	2	0	0	0	0	0	0	1	0	1	0
89	11.611923069068657	9	4571.528613364341	13.388076930931343	18.195138759659073	19.586883753671174	11.190647900496238	16	5082.194255720129	13.809352099503762	20.22763882873683	19.00020985275274	6.794924075798448	18	4644.692394393842	31.79492407579845	18.486337888134695	20.837288382669993	9.107476494810385	9	4659.462036066727	34.107476494810385	18.54512253160886	21.209844588999943	0	0	0	0	0	0	0	0	0	2	0	0	0	0	0	0	1	0	1	0
90	10.578927956788057	6	4670.853120577041	35.57892795678806	18.386169410176972	23.486873945993587	9.54441855710376	16	5178.630757525377	34.54441855710376	20.3849660784991	25.078176523999094	7.739021785170863	18	4692.87929191024	17.260978214829137	18.47287239721925	25.442643212622308	6.7084776064066745	9	4747.981536051278	31.708477606406674	18.689774785178066	26.034924289448384	0	0	0	0	0	0	1	0	0	1	0	0	0	0	0	0	1	0	1	0
91	8.422947475713435	19	4764.158848946741	33.422947475713435	18.54961265001976	28.240758490398054	5.792599798848958	16	5232.251416420257	19.207400201151042	20.372166449397493	26.48229796130361	5.846733541838798	18	4778.99308971454	30.8467335418388	18.607370887921636	28.22816362239435	10.554329054439286	9	4788.309034107636	14.445670945560714	18.643643221703968	28.291795507000053	0	0	0	0	0	0	0	0	0	1	0	0	0	0	0	0	1	0	1	1
92	8.052401960871642	6	4811.470893472641	16.94759803912836	18.532386686461788	26.807062903333037	10.60027302857742	16	5331.635511958369	35.60027302857742	20.535909530894052	26.95634255670974	12.740110981074864	18	4813.218613225706	12.259889018925136	18.53911839470662	24.62443866292345	14.553865447540538	1	4817.471159733252	10.446134552459462	18.55549796719596	22.21461026245902	0	1	0	0	0	0	1	0	0	0	0	0	0	0	0	0	1	0	1	0
93	9.355293259420895	6	4855.145699790091	15.644706740579105	18.501666687037503	22.052983115034014	4.768090957671159	16	5414.7380992152	29.76809095767116	20.634124226923596	21.858944450160458	7.441171476571583	18	4862.237009520277	17.558828523428417	18.528689779054726	20.272532554931956	12.071237451181137	9	4853.563955182038	12.928762548818863	18.495639079766416	19.64466878969874	0	0	0	0	0	0	1	0	0	1	0	0	0	0	0	0	1	0	1	0
94	7.587769330411938	6	4903.754843742691	17.412230669588062	18.490198939485403	18.30121850247367	10.539189809977312	16	5455.10786099568	14.460810190022688	20.569141973903584	18.302732426919867	7.073880352376836	18	4912.280760203224	17.926119647623164	18.522346935565974	18.400584587769348	9.888999459043585	9	4895.748831692208	15.111000540956415	18.46001130567368	16.351657339007247	0	0	0	0	0	0	1	0	0	1	0	0	0	0	0	0	1	0	1	0
95	7.814369540298507	6	4951.731395442691	17.185630459701493	18.476609684487656	16.844231483084883	11.464274482836062	16	5492.895094731096	13.535725517163938	20.49587721914588	17.15319057955533	5.597324997779584	18	4997.6982924886925	30.597324997779584	18.648127957047365	18.64845240527538	12.114190462877616	9	4931.721716650008	12.885809537122384	18.40194670391794	16.960224263220503	0	0	0	0	0	0	1	0	0	1	0	0	0	0	0	0	1	0	1	0
96	2.3497486702089496	6	5014.963347071691	22.65025132979105	18.519636917944393	17.469366543856765	11.255008606358924	8	5531.266529038344	13.744991393641076	20.4262804580582	17.550989428338987	12.306740867028061	18	5033.133640901572	12.693259132971939	18.586737556799164	17.07909227467737	3.1477174845325386	9	5010.3007612943275	28.14771748453254	18.502418567635615	18.44778300412836	0	0	0	0	0	0	1	0	1	1	0	0	0	0	0	0	0	0	1	0
97	13.222271204101492	6	5047.842839960241	11.777728795898508	18.45084193710719	17.83294391895589	9.007106098222803	16	5575.913357847472	15.992893901777197	20.381041819728804	17.92113325503797	5.147511374784475	19	5117.295443489512	30.147511374784475	18.704704636574522	19.217321346546264	4.127555299526449	9	5091.615186505505	29.12755529952645	18.61083833020593	20.776504324782515	0	0	0	0	0	0	1	0	0	1	0	0	0	0	0	0	1	0	0	1
98	15.345490886729076	10	5074.795011234789	9.654509113270924	18.361990090401772	18.682222736331656	11.483069224616122	16	5613.648122928752	13.516930775383878	20.311707364735422	18.745334860157804	0.6498876230208985	18	5185.272840541912	24.3501123769791	18.76172895718467	18.915320964876607	12.006778884767526	9	5127.88792878553	12.993221115232474	18.554094721973872	18.840143937035748	0	0	0	0	0	0	0	0	0	1	1	0	0	0	0	0	1	0	1	0
99	10.805234175928359	9	5114.422065826989	14.194765824071641	18.320317847738472	18.990294606145717	11.136104265300062	16	5652.351498521456	13.863895734699938	20.247229248435065	17.56191243116246	12.759600808449912	18	5219.443954951656	12.240399191550088	18.696515659528323	17.60817947072762	12.11300283066221	9	5163.864129216598	12.88699716933779	18.497423746447513	17.297589797483674	0	0	0	0	0	0	0	0	0	2	0	0	0	0	0	0	1	0	1	0
100	2.0992486606786827	9	5190.0741350047165	27.099248660678683	18.40723795479729	16.992763526073098	12.09895060322388	16	5688.3669280874565	12.90104939677612	20.174494794458248	15.370112935798065	0.882450410964065	18	5286.7721142210485	24.117549589035935	18.750189262790776	16.816416983374566	11.925929261703644	9	5200.362576694341	13.074070738296356	18.44372718201037	16.772130979665814	0	0	0	0	0	0	0	0	0	2	0	0	0	0	0	0	1	0	1	0
101	3.5332684826688947	9	5250.002093823932	21.466731517331105	18.437232989724087	16.483792893701015	8.573895053881312	11	5734.223137728704	16.426104946118688	20.137745874376485	16.827081276789635	6.667107428728357	18	5337.951439315849	18.332892571271643	18.746098118756276	17.240893951509634	10.520530017142452	9	5240.784430396486	14.479469982857548	18.40486191535201	17.3024513763254	0	0	0	0	0	0	0	0	0	2	0	1	0	0	0	0	0	0	1	0
102	5.0155853926318805	9	5305.791917936168	19.98441460736812	18.452254170477914	18.076852917907196	9.53580521295284	16	5777.3940148425445	15.46419478704716	20.09237159197523	18.334572679678132	12.045109591589254	18	5374.117175039329	12.954890408410746	18.689872801180105	16.92013685445134	10.861835794036535	9	5280.2534721381335	14.138164205963465	18.363437665746297	17.04384833537008	0	0	0	0	0	0	0	0	0	2	0	0	0	0	0	0	1	0	1	0
103	6.107721086610155	9	5358.532863236048	18.892278913389845	18.456485177621296	16.52132126780547	2.8538007054901513	15	5839.218821206385	22.14619929450985	20.11211993526883	17.428534123426818	11.152139414925374	18	5412.775785839329	13.847860585074626	18.64331499140986	16.66664703020117	10.475086957140057	9	5320.802187716117	14.524913042859943	18.326528775141618	16.476527839875295	0	0	0	0	0	0	0	0	0	2	0	0	0	0	0	1	0	0	1	0
104	6.454066085565973	9	5446.342131058253	31.454066085565973	18.580271662458866	17.788645191304727	8.92128131095797	16	5884.105244213294	16.07871868904203	20.07370659006667	17.948570061923178	10.502886303283585	18	5453.246894909329	14.497113696716415	18.60382736003183	17.399839970858007	10.369528217427106	9	5361.645588109133	14.630471782572894	18.29132823235525	17.316467670410578	0	0	0	0	0	0	0	0	0	2	0	0	0	0	0	0	1	0	1	0
105	13.617610087264003	12	5478.117969564641	11.382389912735997	18.51236711765016	17.1592176208431	11.232505421657077	16	5922.539499911168	13.767494578342923	20.014214023918335	17.12215065808105	5.179149515506868	18	5537.497020640119	30.179149515506868	18.71302851244197	18.250837718292754	6.7198172744386895	6	5450.196744666941	31.71981727443869	18.41801209124283	19.20819951628564	0	0	0	0	0	0	1	0	0	0	0	0	1	0	0	0	1	0	1	0
106	5.984965689598091	9	5531.201607014513	19.01503431040191	18.517064941881486	19.724916888818367	10.758933828777913	16	5962.295809639163	14.241066171222087	19.960259371089396	19.69653220165458	12.446887208582211	18	5572.541127182827	12.553112791417789	18.655459206638007	17.80643687223976	7.353395517940534	9	5499.460182179358	17.646604482059466	18.410802674334573	17.963225451541504	0	0	0	0	0	0	0	0	0	2	0	0	0	0	0	0	1	0	1	0
107	4.590477993104479	9	5588.178189283763	20.40952200689552	18.534587692483466	18.554466282559414	6.853584557088961	16	6012.954552750623	18.14641544291104	19.94346451990256	18.90606064859323	10.692324588453733	18	5612.483387706727	14.307675411546267	18.615201949276045	19.198589198474256	10.014093802553791	9	5541.295836980562	14.985906197446209	18.37909066991894	19.320430360384584	0	0	0	0	0	0	0	0	0	2	0	0	0	0	0	0	1	0	1	0
108	7.0117468290794065	9	5638.395396052582	17.988253170920594	18.529575449166376	18.101340725925954	10.564387589385555	16	6053.253970730256	14.435612410614445	19.892933766606333	16.372920239543532	9.561576537493494	18	5655.58231987289	15.438423462506506	18.586057192516694	16.015259154753995	7.642700062683694	9	5632.423374655554	32.642700062683694	18.509949471687424	17.855422543900154	0	0	0	0	0	0	0	0	0	2	0	0	0	0	0	0	1	0	1	0
109	5.410321880298504	9	5693.083247470082	19.589678119701496	18.53921274617124	18.559079076728526	9.314537636092178	17	6097.042553162832	15.685462363907822	19.854684026581804	18.36296486491336	11.816947728567644	18	5692.385007463972	13.183052271432356	18.536938965961383	17.64031789136704	6.984497367584719	9	5721.713429806728	31.98449736758472	18.632445361650127	19.02412608383441	0	0	0	0	0	0	0	0	0	2	0	0	0	0	0	0	0	1	1	0
110	10.424910948575524	9	5733.772037738642	14.575089051424476	18.503499920092445	19.05086744782223	5.149024608111159	16	6181.208580193808	30.14902460811116	19.94742583362261	20.567179288888724	2.1953120550287757	18	5768.305253617595	27.195312055028776	18.61494232712415	21.487885177299543	10.905518198934928	9	5821.949668112087	35.90551819893493	18.788058630454493	23.63487575613159	0	0	0	0	0	0	0	0	0	2	0	0	0	0	0	0	1	0	1	0
111	8.775983798558212	9	5779.064082967667	16.22401620144179	18.483147386890206	23.71343503002512	6.898699211424958	16	6231.74137822858	18.101300788575042	19.930942574291826	22.259295102614256	8.825896617634623	18	5813.457958893365	16.174103382365377	18.593149122260233	21.917737628880648	8.67231281201791	9	5867.531128178537	16.32768718798209	18.766091028289562	21.98196011128807	0	0	0	0	0	0	0	0	0	2	0	0	0	0	0	0	1	0	1	0
112	10.108618396268657	9	5820.635856611417	14.891381603731343	18.451361848986142	22.15279304451797	10.387703992859702	16	6272.53403791518	14.612296007140298	19.88387490555597	20.41557290847353	9.135562362081197	9	5857.746180632555	15.864437637918803	18.569001233018273	20.54450776712296	9.938640043582094	9	5909.577424723537	15.061359956417906	18.733305797565034	19.03574130195363	0	0	0	0	0	0	0	0	0	3	0	0	0	0	0	0	1	0	0	0
113	5.297731839300294	9	5905.217024662797	30.297731839300294	18.55527737521697	19.345983280380786	7.603926282984954	16	6321.098077041847	17.396073717015046	19.86205208811263	17.495038832188797	7.277224354251462	2	5907.222262643602	17.722775645748538	18.561578201550997	17.644914776619473	10.133616299602986	9	5951.079412553811	14.866383700397014	18.69938542829163	17.32142306780167	0	0	1	0	0	0	0	0	0	2	0	0	0	0	0	0	1	0	0	0
114	4.924222142021492	9	5988.755478142607	29.924222142021492	18.65413776449353	18.69643494376728	6.875109874899106	16	6371.696728641087	18.124890125100894	19.846946331912527	18.876155237479164	10.526606994679407	18	5947.627151450122	14.473393005320593	18.526028765062037	18.834356377638088	9.891427599283587	9	5993.257510505811	15.108572400716413	18.66816096718228	18.8839840169957	0	0	0	0	0	0	0	0	0	2	0	0	0	0	0	0	1	0	1	0
115	1.3631247847976162	9	6054.741754785047	23.636875215202384	18.697092397689296	19.661227774724058	9.459486355645137	16	6415.080662564911	15.540513644354863	19.809821912192206	19.709143143517753	10.398982378106028	18	5988.388325644576	14.601017621893972	18.49219246210369	18.13947172177712	20.047914953501483	9	6119.016273084337	45.04791495350148	18.895572639478136	20.90465584542576	0	0	0	0	0	0	0	0	0	2	0	0	0	0	0	0	1	0	1	0
116	6.031621887570143	9	6107.695143682247	18.968378112429857	18.699411079011867	21.029216092093897	7.035591063259222	16	6465.231304179979	17.964408936740778	19.794049151718262	21.33901861572827	11.419186865851229	18	6026.301428977408	13.580813134148771	18.45021486101006	19.704677714941	10.763731799689545	9	6218.856691025137	35.763731799689545	19.039744939992765	21.468561882399865	0	0	0	0	0	0	0	0	0	2	0	0	0	0	0	0	1	0	1	0
117	11.626450777198807	9	6145.029635262567	13.373549222801193	18.654276656501604	21.358577504147924	2.2311986212283017	16	6528.7942080290495	22.7688013787717	19.819258916354304	22.124600401953455	5.699924725638205	18	6112.005385503148	30.699924725638205	18.554025961557755	22.830905352997036	10.498899059083584	9	6259.338931151861	14.501100940916416	19.001281855254827	22.72696408265319	0	0	0	0	0	0	0	0	0	2	0	0	0	0	0	0	1	0	1	0
118	9.714027632334329	9	6187.702974788967	15.285972367665671	18.62597157844416	22.795459557230362	11.014234710371346	16	6567.83780279593	13.985765289628654	19.77023796150787	19.689244590843078	11.289039421973253	18	6150.281817116806	13.710960578026747	18.51332793312472	19.163502837402767	10.581365756450746	9	6299.590951748436	14.418634243549254	18.962772211458983	18.808925368083614	0	0	0	0	0	0	0	0	0	2	0	0	0	0	0	0	1	0	1	0
119	10.17264686270854	9	6229.0960022972395	14.82735313729146	18.59431642476789	18.933579368397883	10.55293241369218	16	6608.169199807706	14.44706758630782	19.7258782083812	16.801912947059712	9.996838095536717	18	6247.981323466846	34.99683809553672	18.650690517811487	18.96424183433326	5.982734556686566	9	6352.680817777686	19.017265443313434	18.963226321724438	18.589088240787436	0	0	0	0	0	0	0	0	0	2	0	0	0	0	0	0	1	0	1	0
120	5.513395024419346	9	6314.279230073744	30.513395024419346	18.69282120658319	18.57043527066555	10.436753210178864	16	6648.824930429289	14.563246789821136	19.683211833021204	18.576649855556024	11.034303190161197	18	6286.968893727646	13.965696809838803	18.61197156154725	18.44462229977334	6.204164779080834	9	6439.79244445262	31.204164779080834	19.064391102363746	20.166462248718556	0	0	0	0	0	0	0	0	0	2	0	0	0	0	0	0	1	0	1	0
