task	r0_energy	r0_config	r0_reward	r0_rate	r0_avgrate	r0_rollrate	r1_energy	r1_config	r1_reward	r1_rate	r1_avgrate	r1_rollrate	c0	c1	c2	c3	c4	c5	c6	c7	c8	c9	c10	c11
0	29.03611142487545	0	78.639468442371	29.03611142487545	29.03611142487545	29.03611142487545	29.174913140337228	0	79.01538975508	29.174913140337228	29.174913140337228	29.174913140337228	2	0	0	0	0	0	0	0	0	0	0	0
1	31.575343702430775	0	164.156024303121	31.575343702430775	30.305727563653114	30.305727563653114	34.928130504782764	0	173.61240987219998	34.928130504782764	32.05152182256	32.05152182256	2	0	0	0	0	0	0	0	0	0	0	0
2	29.278379294307694	0	243.451634891871	29.278379294307694	29.963278140537977	29.963278140537977	37.639352639719384	0	275.55232327143995	37.639352639719384	33.91413209494646	33.91413209494646	2	0	0	0	0	0	0	0	0	0	0	0
3	29.03943476224616	0	322.100104039621	29.03943476224616	29.73231729596502	29.73231729596502	37.15229910882462	0	376.17313335783996	37.15229910882462	34.723673848416	34.723673848416	2	0	0	0	0	0	0	0	0	0	0	0
4	37.17273335099077	0	422.776256865221	37.17273335099077	31.22040050697017	31.22040050697017	40.417519534523066	0	485.6372487638399	40.417519534523066	35.862442985637415	35.862442985637415	2	0	0	0	0	0	0	0	0	0	0	0
5	29.800434396081226	0	503.485766687941	29.800434396081226	30.983739488488677	30.983739488488677	30.008350018338458	0	566.9098633968399	30.008350018338458	34.886760824420925	34.886760824420925	2	0	0	0	0	0	0	0	0	0	0	0
6	30.67931984706462	0	586.575591273741	30.67931984706462	30.940250968285238	30.940250968285238	30.705392517740307	0	650.0703014657199	30.705392517740307	34.28942249489512	34.28942249489512	2	0	0	0	0	0	0	0	0	0	0	0
7	41.270134476886156	0	698.348872148641	41.270134476886156	32.231486406860355	32.231486406860355	38.438506177654155	0	754.1745890302	38.438506177654155	34.80805795524	34.80805795524	2	0	0	0	0	0	0	0	0	0	0	0
8	38.3437942491456	0	802.196648240077	38.3437942491456	32.91063172266983	32.91063172266983	30.635324468263388	0	837.14525946508	30.635324468263388	34.344420901131485	34.344420901131485	2	0	0	0	0	0	0	0	0	0	0	0
9	42.64997331541735	0	917.7069926359991	42.64997331541735	33.88456588194458	33.88456588194458	34.14491224043371	0	929.6210634495881	34.14491224043371	34.32447003506171	34.32447003506171	2	0	0	0	0	0	0	0	0	0	0	0
10	39.08333746323693	0	1023.5576982655991	39.08333746323693	34.35718148024389	35.31531246735168	32.731619957226826	0	1018.2692008337441	32.731619957226826	34.17966548253127	35.09566141259609	2	0	0	0	0	0	0	0	0	0	0	0
11	32.44161417951434	0	1111.420403335117	32.44161417951434	34.19755087184976	34.575887566575574	33.136521218841594	0	1108.01394580144	33.136521218841594	34.09273679389046	34.17430977757728	2	0	0	0	0	0	0	0	0	0	0	0
12	30.157859639227564	0	1193.097939858025	30.157859639227564	33.88680539241728	33.148343788047725	36.881800527622154	0	1207.90215556375	36.881800527622154	34.307280158023666	33.8356888389761	2	0	0	0	0	0	0	0	0	0	0	0
13	30.646664954496	0	1276.0993241097851	30.646664954496	33.655366789708616	33.82981608265167	30.50168525908061	0	1290.5108864737601	30.50168525908061	34.03545195095631	33.03613399079431	2	0	0	0	0	0	0	0	0	0	0	0
14	30.2291160036768	0	1357.969846619743	30.2291160036768	33.426950070639826	32.995513144335646	29.96136667034585	0	1371.65625453928	29.96136667034585	33.76384626558227	32.57715858732686	2	0	0	0	0	0	0	0	0	0	0	0
15	28.433772202120615	0	1434.977979667153	28.433772202120615	33.11487645385738	31.512202061215238	29.555157167383026	0	1451.7014718676091	29.555157167383026	33.50080319694482	31.194555782230857	2	0	0	0	0	0	0	0	0	0	0	0
16	31.17302258887384	0	1519.4049158453531	31.17302258887384	33.00064975591717	31.067696623166807	29.650485816121858	0	1532.0048709529392	29.650485816121858	33.27431393924935	30.719093082894837	2	0	0	0	0	0	0	0	0	0	0	0
17	32.764441096224	0	1608.1419438142932	32.764441096224	32.98752705260088	30.979751228594477	30.49670608612431	0	1614.600116602859	30.49670608612431	33.12000239185352	30.34124178444469	2	0	0	0	0	0	0	0	0	0	0	0
18	36.983420607289844	0	1708.3053746257033	36.983420607289844	33.19783723968978	30.97491734972408	36.24295943327077	0	1712.7581317346342	36.24295943327077	33.28436855192811	31.54904476714309	2	0	0	0	0	0	0	0	0	0	0	0
19	39.466353563977854	0	1815.1934155281433	39.466353563977854	33.51126305590418	32.4727685231732	32.87203962621784	0	1801.786572388974	32.87203962621784	33.2637521056426	32.7638358187604	2	0	0	0	0	0	0	0	0	0	0	0
20	35.73069620385599	0	1911.9640510802533	35.73069620385599	33.61695034866379	33.49352821893393	38.23080719972677	0	1905.328341888234	38.23080719972677	33.500278538694225	34.36109322216831	2	0	0	0	0	0	0	0	0	0	0	0
21	35.889612006303516	0	2009.1650835973253	35.889612006303516	33.72025315128378	34.83275216391128	36.56151856522339	0	2004.349121335714	36.56151856522339	33.63942581262737	35.52385543882143	2	0	0	0	0	0	0	0	0	0	0	0
22	39.31247904449428	0	2115.636381009497	39.31247904449428	33.963393407510324	36.17865923364845	35.985897821326155	0	2101.810927935139	35.985897821326155	33.74144633474471	36.72757840716864	2	0	0	0	0	0	0	0	0	0	0	0
23	41.3030982294384	0	2227.4989387142264	41.3030982294384	34.26921444175733	37.15954616938349	35.49755669734079	0	2197.950143990437	35.49755669734079	33.81461759985288	37.085005895790495	2	0	0	0	0	0	0	0	0	0	0	0
24	34.91987659660652	0	2322.0736044967025	34.91987659660652	34.2952409279513	36.63035819905336	32.38514408261169	0	2285.659909214177	32.38514408261169	33.75743865916323	36.58166864469275	2	0	0	0	0	0	0	0	0	0	0	0
25	34.769558762389664	0	2416.2411594781747	34.769558762389664	34.31348392158354	36.48555490054612	35.1311081122213	0	2380.806660351443	35.1311081122213	33.81027209966547	36.17558499179557	2	0	0	0	0	0	0	0	0	0	0	0
26	29.22193379424738	0	2495.383896837595	29.22193379424738	34.124907990941466	35.50881717058995	34.864328551502766	0	2475.230883511763	34.864328551502766	33.84931122751129	35.3390981692179	2	0	0	0	0	0	0	0	0	0	0	0
27	28.588521145580305	0	2572.811141606875	28.588521145580305	33.92717988932142	34.2667023793265	29.060350353719997	0	2553.935999053088	29.060350353719997	33.67827691059018	33.57414763256588	2	0	0	0	0	0	0	0	0	0	0	0
28	36.13271448807139	0	2670.670576678735	36.13271448807139	34.0032328065197	33.05710925842918	33.47201889768369	0	2644.589383567648	33.47201889768369	33.67116456531754	32.85455547846347	2	0	0	0	0	0	0	0	0	0	0	0
29	35.1757139273723	0	2765.938135232035	35.1757139273723	34.042315510548114	32.880139211540055	33.333492745872	0	2734.867593087718	33.333492745872	33.659908838002686	32.97497407786607	2	0	0	0	0	0	0	0	0	0	0	0
30	36.060318541342525	0	2863.601497948171	36.060318541342525	34.107412382509224	33.10405005576136	32.01571107788308	0	2821.576810590318	32.01571107788308	33.60687020057948	32.79251035232754	2	0	0	0	0	0	0	0	0	0	0	0
31	41.76461645038522	0	2976.714000834631	41.76461645038522	34.34670000963035	34.046778617941335	31.016817580578454	0	2905.580691537718	31.016817580578454	33.52593105620444	33.662027520848895	2	0	0	0	0	0	0	0	0	0	0	0
32	38.83594578401354	0	3081.894687333001	38.83594578401354	34.48273776036923	34.68676998469222	31.172048449731683	0	2990.004989422408	31.172048449731683	33.45460128025072	34.897939794293386	2	0	0	0	0	0	0	0	0	0	0	0
33	34.89960734963445	0	3176.414457238261	34.89960734963445	34.49499863064174	34.774629080449685	31.699898614707685	0	3075.858881503908	31.699898614707685	33.402992378322985	34.597417052152096	2	0	0	0	0	0	0	0	0	0	0	0
34	37.94735307218067	0	3279.188538475417	37.94735307218067	34.59363732897142	34.874580966632934	29.938621103700928	0	3156.9426469930977	29.938621103700928	33.30401034190521	34.53509380241583	2	0	0	0	0	0	0	0	0	0	0	0
35	34.458472677578946	0	3372.51356864386	34.458472677578946	34.58988275532163	34.37490921603946	29.506831362055383	0	3236.856981931998	29.506831362055383	33.198533148020495	34.1240212444567	2	0	0	0	0	0	0	0	0	0	0	0
36	38.75704395787051	0	3477.4805626964257	38.75704395787051	34.7025087337689	33.823263995205224	30.303580865711996	0	3318.9291801099675	30.303580865711996	33.12029119444459	33.751940323718586	2	0	0	0	0	0	0	0	0	0	0	0
37	36.64623614140319	0	3576.730785579393	36.64623614140319	34.75365945502244	33.532969359457546	30.015406008719996	0	3400.2209047169176	30.015406008719996	33.0385836895571	33.41730511535637	2	0	0	0	0	0	0	0	0	0	0	0
38	33.58620693473723	0	3667.693429360973	33.58620693473723	34.72372477501512	33.28596507386665	36.384804382512	0	3498.7630832528876	36.384804382512	33.124384220145686	33.75445565064709	2	0	0	0	0	0	0	0	0	0	0	0
39	33.636849433068555	0	3758.793229908867	33.636849433068555	34.69655289146646	33.32340528673588	35.50260966741415	0	3594.9159844354676	35.50260966741415	33.183839856327396	33.879804143107194	2	0	0	0	0	0	0	0	0	0	0	0
40	33.53524633440887	0	3849.617855397891	33.53524633440887	34.66822834129432	33.78748150879019	40.2000526098432	0	3703.7911269204596	40.2000526098432	33.354966996657055	34.85680363356897	2	0	0	0	0	0	0	0	0	0	0	0
41	29.48001681287335	0	3929.4595675994233	29.48001681287335	34.54469949537954	33.929100919069256	40.2096698011008	0	3812.692315965108	40.2096698011008	33.518174206286666	34.91970981260813	2	0	0	0	0	0	0	0	0	0	0	0
42	28.21353570596381	0	4005.8712268030754	28.21353570596381	34.39746312818382	34.0764397690642	30.837756698611205	0	3896.21124035718	30.837756698611205	33.45583891541049	34.158674838053315	2	0	0	0	0	0	0	0	0	0	0	0
43	30.2669082905472	0	4087.8441034233074	30.2669082905472	34.303586881873905	33.82674497363431	30.66004825516799	0	3979.24887104826	30.66004825516799	33.392298218586795	33.254269360899904	2	0	0	0	0	0	0	0	0	0	0	0
44	29.923314778324425	0	4168.886414281269	29.923314778324425	34.20624750179502	32.8829158954255	35.958138104908805	0	4076.635495082388	35.958138104908805	33.44931688272729	32.92846873917496	2	0	0	0	0	0	0	0	0	0	0	0
45	34.03867771720468	0	4261.074499765365	34.03867771720468	34.202604680390884	32.97881187745455	29.98270167537378	0	4157.838645453192	29.98270167537378	33.37395568256743	31.957076784007604	2	0	0	0	0	0	0	0	0	0	0	0
46	30.136817645827197	0	4342.695047556146	30.136817645827197	34.11609857327251	32.02275686730299	30.04926806460923	0	4239.222079794842	30.04926806460923	33.303217648142784	31.006716693653836	2	0	0	0	0	0	0	0	0	0	0	0
47	32.27422284501563	0	4430.10440109473	32.27422284501563	34.07772616226716	31.412785407559017	32.03894752134203	0	4325.99422933181	32.03894752134203	33.276878687167766	31.532904489832095	2	0	0	0	0	0	0	0	0	0	0	0
48	29.88054997907151	0	4511.030890621382	29.88054997907151	33.99206950546725	31.49426865868453	35.82714412977969	0	4423.02607801663	35.82714412977969	33.32892492069046	32.010978246145704	2	0	0	0	0	0	0	0	0	0	0	0
49	29.837247267509166	0	4591.840101970886	29.837247267509166	33.908973060708085	32.00237149506417	36.44222353584443	0	4521.723766759542	36.44222353584443	33.39119089299354	32.05078003815773	2	0	0	0	0	0	0	0	0	0	0	0
50	36.62800946588825	0	4691.040960941	36.62800946588825	33.96228750002534	32.309713213026086	39.6243408029616	0	4629.039689767563	39.6243408029616	33.51340951867919	33.27387712578487	2	0	0	0	0	0	0	0	0	0	0	0
51	35.80616780089699	0	4788.015998735096	35.80616780089699	33.99774673658057	33.84081214129185	35.675867303424	0	4725.661830381003	35.675867303424	33.554995245308895	34.40347206517333	2	0	0	0	0	0	0	0	0	0	0	0
52	36.51626263702153	0	4886.914210043697	36.51626263702153	34.045265904513414	34.82767604437392	36.65569599935409	0	4824.937673712587	36.65569599935409	33.613499033121066	35.28935089217513	2	0	0	0	0	0	0	0	0	0	0	0
53	31.404744110719392	0	4971.968725343561	31.404744110719392	33.99636735277649	35.441770305339915	37.01708568466781	0	4925.192280775229	37.01708568466781	33.67652841555712	35.56076446082872	2	0	0	0	0	0	0	0	0	0	0	0
54	30.519382781612304	0	5054.625387043761	30.519382781612304	33.93314945148259	35.62897801223904	32.658986211810465	0	5013.643701765549	32.658986211810465	33.65802764821627	35.25065427983564	2	0	0	0	0	0	0	0	0	0	0	0
55	30.001702626708923	0	5135.879998324432	30.001702626708923	33.86294504389735	34.58802359591771	35.0284983140677	0	5108.512551366149	35.0284983140677	33.682500338677904	34.128439347028326	2	0	0	0	0	0	0	0	0	0	0	0
56	30.502880336409227	0	5218.491965902207	30.502880336409227	33.8039965402572	33.598110600579545	39.624576781362464	0	5215.8291134823385	39.624576781362464	33.786747293812724	33.99298154837339	2	0	0	0	0	0	0	0	0	0	0	0
57	28.76770976830893	0	5296.404513191377	28.76770976830893	33.71716400970637	33.21812626150213	38.58507743223471	0	5320.330364861307	38.58507743223471	33.869477123785515	33.41106440479019	2	0	0	0	0	0	0	0	0	0	0	0
58	29.09432287747384	0	5375.201637651202	29.09432287747384	33.63881077017701	33.18002228146563	37.2844710813024	0	5421.309140706501	37.2844710813024	33.92735837730275	33.206760821129095	2	0	0	0	0	0	0	0	0	0	0	0
59	36.608371304736	0	5474.349309934862	36.608371304736	33.68830344575299	33.81565967344146	30.330516559923705	0	5503.454289722961	30.330516559923705	33.86741101367977	33.58281270825279	2	0	0	0	0	0	0	0	0	0	0	0
60	32.253828898368	0	5561.703429867942	32.253828898368	33.66478746956635	33.80802533541869	31.286723508075323	0	5588.189165890665	31.286723508075323	33.825104661128876	33.43384785481946	2	0	0	0	0	0	0	0	0	0	0	0
61	30.616512917760005	0	5644.623152353542	30.616512917760005	33.61562175098882	33.44521111295454	31.793464059219694	0	5674.296464384385	31.793464059219694	33.79233626432389	32.66209984074026	2	0	0	0	0	0	0	0	0	0	0	0
62	30.236136333849597	0	5726.512688257718	30.236136333849597	33.561979125319944	32.808942497294325	31.993384188512504	0	5760.945213228273	31.993384188512504	33.76378146946975	32.1497731729221	2	0	0	0	0	0	0	0	0	0	0	0
63	32.04434130975508	0	5813.299445971638	32.04434130975508	33.538266034451745	32.44477501615023	31.898711574622528	0	5847.337557076209	31.898711574622528	33.73463975236276	31.906199065482248	2	0	0	0	0	0	0	0	0	0	0	0
64	37.775545516535985	0	5915.608215078923	37.775545516535985	33.603454949560735	32.02291648666225	32.06859885489047	0	5934.190012308204	32.06859885489047	33.709008353940106	32.19672471615892	2	0	0	0	0	0	0	0	0	0	0	0
65	35.065669145206144	0	6010.577735680524	35.065669145206144	33.62560971010082	32.47790874084273	33.10808699016	0	6023.857747906554	33.10808699016	33.69990348479192	32.660045089051195	2	0	0	0	0	0	0	0	0	0	0	0
66	30.76700413469538	0	6093.905038545324	30.76700413469538	33.582943955244026	32.67509421074474	30.328061300263382	0	6105.996247261434	30.328061300263382	33.64957748203776	32.5285539348491	2	0	0	0	0	0	0	0	0	0	0	0
67	31.606219870338464	0	6179.505217360824	31.606219870338464	33.55387448340718	32.66556228849799	30.058831766381537	0	6187.4055832953845	30.058831766381537	33.596772397984	32.4721070462849	2	0	0	0	0	0	0	0	0	0	0	0
68	29.293592244756923	0	6258.842029690374	29.293592244756923	33.49213126255717	32.19703213978509	30.13202165976554	0	6269.01314195725	30.13202165976554	33.54655861916923	32.02036314829938	2	0	0	0	0	0	0	0	0	0	0	0
69	36.19423839389538	0	6356.868092007174	36.19423839389538	33.53073279300486	31.86223243603532	30.55062183188677	0	6351.75440941861	30.55062183188677	33.50375952220806	31.71043473373495	2	0	0	0	0	0	0	0	0	0	0	0
70	37.53779480379693	0	6458.532952934123	37.53779480379693	33.587170286114606	31.957647299594033	32.58359774365735	0	6440.001653307681	32.58359774365735	33.49079949715805	31.90519837494377	2	0	0	0	0	0	0	0	0	0	0	0
71	35.488017731741536	0	6554.646334290924	35.488017731741536	33.61357094508165	32.37729973464838	38.0564478697669	0	6543.071199621633	38.0564478697669	33.55421128011095	33.15013839159873	2	0	0	0	0	0	0	0	0	0	0	0
72	35.62685401192283	0	6651.1357305732145	35.62685401192283	33.641150165175354	33.552201805757164	38.82457827786239	0	6648.221099124177	38.82457827786239	33.62640808829932	34.428776456905254	2	0	0	0	0	0	0	0	0	0	0	0
73	37.77827360348972	0	6753.451888249332	37.77827360348972	33.69705723866609	35.27724459277853	38.434439564774394	0	6752.314372945441	38.434439564774394	33.69138148663007	36.107486383279415	2	0	0	0	0	0	0	0	0	0	0	0
74	34.70272985624566	0	6847.4384482766645	34.70272985624566	33.710466206900485	35.95833552951445	37.87466542254277	0	6854.891591798161	37.87466542254277	33.747158605775574	36.69073988858004	2	0	0	0	0	0	0	0	0	0	0	0
75	30.227080934137845	0	6929.303459139955	30.227080934137845	33.66463219015361	35.95966850161414	33.02535559817722	0	6944.335263209891	33.02535559817722	33.73766119778086	36.00384428706612	2	0	0	0	0	0	0	0	0	0	0	0
76	33.784963257673105	0	7020.804401296153	33.784963257673105	33.66619493129023	35.83353883965928	32.773862958359615	0	7033.097808722116	32.773862958359615	33.72514433752863	35.30528034851856	2	0	0	0	0	0	0	0	0	0	0	0
77	29.76394776797427	0	7101.41509316775	29.76394776797427	33.61616612150412	34.718989724123695	32.25766040110966	0	7120.462305641788	32.25766040110966	33.70633044090788	34.06229793644843	2	0	0	0	0	0	0	0	0	0	0	0
78	31.30285512660923	0	7186.19365913565	31.30285512660923	33.58688370384723	33.41475608876037	30.785486779764923	0	7203.839665670318	30.785486779764923	33.66935773633645	32.64986081025943	2	0	0	0	0	0	0	0	0	0	0	0
79	32.01332640519951	0	7272.896418149732	32.01332640519951	33.56721423761413	32.380920465154816	31.615588917241848	0	7289.465218987848	31.615588917241848	33.64368562609776	31.755012814624724	2	0	0	0	0	0	0	0	0	0	0	0
80	29.830676612734525	0	7353.687833975888	29.830676612734525	33.52108414347981	31.71537238248439	33.333056170153846	0	7379.742246115348	33.333056170153846	33.6398506945429	31.746142439682053	2	0	0	0	0	0	0	0	0	0	0	0
81	30.04925600870216	0	7435.071235666122	30.04925600870216	33.47874477598253	31.37257171478496	32.71368695354288	0	7468.34181494786	32.71368695354288	33.62855601477461	31.366554114303284	2	0	0	0	0	0	0	0	0	0	0	0
82	34.648122445465845	0	7528.909900622592	34.648122445465845	33.492833663566664	31.85497158205244	31.169388280045293	0	7552.758908206316	31.169388280045293	33.59892748785016	31.746144369946006	2	0	0	0	0	0	0	0	0	0	0	0
83	33.19620937544972	0	7618.816301014435	33.19620937544972	33.48930242204146	31.93547979483005	33.63795787720615	0	7643.861710790416	33.63795787720615	33.5993921353425	32.22072690457418	2	0	0	0	0	0	0	0	0	0	0	0
84	36.69693002284799	0	7718.203819826315	36.69693002284799	33.52703921734507	32.68908726633903	31.73488821232246	0	7729.810366365456	31.73488821232246	33.57745679507167	32.701017195847086	2	0	0	0	0	0	0	0	0	0	0	0
85	41.936544158946454	0	7831.781960256795	41.936544158946454	33.62482415852648	33.91160395046828	34.31113850599384	0	7822.736366485856	34.31113850599384	33.58598797775681	34.00941218405227	2	0	0	0	0	0	0	0	0	0	0	0
86	35.38170555422474	0	7927.607412799487	35.38170555422474	33.6450181975575	34.54265713860453	36.99967624591754	0	7922.943822985216	36.99967624591754	33.62522577394257	34.971256067842006	2	0	0	0	0	0	0	0	0	0	0	0
87	35.7162774331392	0	8024.338997514239	35.7162774331392	33.668555234325474	35.07807156660933	32.51278406539422	0	8010.999279828991	32.51278406539422	33.61258439089088	35.21241114514423	2	0	0	0	0	0	0	0	0	0	0	0
88	36.67084622419347	0	8123.655872704763	36.67084622419347	33.7022888409532	35.5598748300186	33.19879878493144	0	8100.9126932048475	33.19879878493144	33.607935114419426	35.515958920791135	2	0	0	0	0	0	0	0	0	0	0	0
89	35.3003370162624	0	8219.260952123806	35.3003370162624	33.72004493178997	35.37629962013258	39.567821273324306	0	8208.075542486768	39.567821273324306	33.67415607174059	36.15959292623276	2	0	0	0	0	0	0	0	0	0	0	0
90	38.429847905043694	0	8323.341790199966	38.429847905043694	33.77180100841913	35.80892330084248	38.48887699235446	0	8312.316251007727	38.48887699235446	33.72706509284624	36.22669714947854	2	0	0	0	0	0	0	0	0	0	0	0
91	40.20227715046891	0	8432.222957482485	40.20227715046891	33.84169748822402	36.708754309102964	33.91538098410239	0	8404.17040783967	33.91538098410239	33.729112004707716	36.40032478292145	2	0	0	0	0	0	0	0	0	0	0	0
92	40.84771427512579	0	8542.852183644283	40.84771427512579	33.91703100206168	36.913468467120104	34.90857880278129	0	8498.714475430537	34.90857880278129	33.741794443396685	37.15304794085881	2	0	0	0	0	0	0	0	0	0	0	0
93	30.797512258527142	0	8626.262112677794	30.797512258527142	33.8838446324496	36.56571454429218	30.304314790633107	0	8580.788661321836	30.304314790633107	33.70522551092048	36.276266144862355	2	0	0	0	0	0	0	0	0	0	0	0
94	31.235843974757536	0	8710.85919010943	31.235843974757536	33.855970941316	35.86981684071186	32.477592544958775	0	8668.748807797767	32.477592544958775	33.6923030586472	35.16079396787531	2	0	0	0	0	0	0	0	0	0	0	0
95	32.56119549436209	0	8799.045761239993	32.56119549436209	33.8424836970769	34.573928726807154	49.648060165639386	0	8803.212304079707	49.648060165639386	33.85850886184503	35.68984704413565	2	0	0	0	0	0	0	0	0	0	0	0
96	34.98500756180899	0	8893.79682338656	34.98500756180899	33.854262293620536	35.16812008526965	30.948329811664248	0	8887.030697319631	30.948329811664248	33.828507015966885	34.87141496802583	2	0	0	0	0	0	0	0	0	0	0	0
97	35.74544240251939	0	8990.60739656005	35.74544240251939	33.873560049833785	34.36118778076519	31.645912381289726	0	8972.738376685624	31.645912381289726	33.80623564214365	34.03492113861604	2	0	0	0	0	0	0	0	0	0	0	0
98	33.8348788432896	0	9082.243526760625	33.8348788432896	33.87316933057576	34.33865779709229	32.512225348512	0	9060.792320337843	32.512225348512	33.79316483109686	34.55944885288017	2	0	0	0	0	0	0	0	0	0	0	0
99	30.271636017809723	0	9164.229207642193	30.271636017809723	33.837153997448105	34.4630280571854	30.196274492448005	0	9142.573897088223	30.196274492448005	33.75719592771037	34.234896251934316	2	0	0	0	0	0	0	0	0	0	0	0
100	30.59595766909514	0	9247.093259662659	30.59595766909514	33.80506294469213	34.03837246940762	30.558122028057596	0	9225.335477580878	30.558122028057596	33.725521928703905	32.12937865564944	2	0	0	0	0	0	0	0	0	0	0	0
101	31.74911641985871	0	9333.080449966443	31.74911641985871	33.784906606213376	31.805789541454413	36.6396436454592	0	9324.567845787331	36.6396436454592	33.754091749456414	32.37492092483391	2	0	0	0	0	0	0	0	0	0	0	0
102	37.5477370655904	0	9434.772237852416	37.5477370655904	33.821438940770435	32.55515039114101	34.958354215857234	0	9419.246721788611	34.958354215857234	33.765783618062244	32.88639457459776	2	0	0	0	0	0	0	0	0	0	0	0
103	31.203715694001232	0	9519.282301190337	31.203715694001232	33.79626852493612	32.62327825966893	35.11966439382646	0	9514.362479521891	35.11966439382646	33.77880170244459	32.884022164200374	2	0	0	0	0	0	0	0	0	0	0	0
104	32.4314669542309	0	9607.117524191379	32.4314669542309	33.78327041473892	33.10000525784248	36.674504335027194	0	9613.689262095922	36.674504335027194	33.8063798227549	33.74782824210041	2	0	0	0	0	0	0	0	0	0	0	0
105	32.379505781990396	0	9694.812019017603	32.379505781990396	33.770027352165826	33.92618305338994	39.6405193211904	0	9721.049001924146	39.6405193211904	33.861418874626935	34.834422782703214	2	0	0	0	0	0	0	0	0	0	0	0
106	38.798392339701415	0	9799.890998270961	38.798392339701415	33.817021417469896	35.53935037468749	38.39405327566079	0	9825.032896212395	38.39405327566079	33.90377994379548	35.71479133770764	2	0	0	0	0	0	0	0	0	0	0	0
107	46.13296744810634	0	9924.834451776249	46.13296744810634	33.9310579547906	36.573314375959235	38.483400744	0	9929.258773227395	38.483400744	33.94618384009367	36.92581902877352	2	0	0	0	0	0	0	0	0	0	0	0
108	39.73522711172234	0	10032.450691870497	39.73522711172234	33.98430721311107	37.77897017054563	35.462968818048004	0	10025.304313776274	35.462968818048004	33.960099298607005	37.81330061296778	2	0	0	0	0	0	0	0	0	0	0	0
109	37.266699079918524	0	10133.381335211943	37.266699079918524	34.01414713917296	38.29682382553654	33.63425517885859	0	10116.397088219017	33.63425517885859	33.95713707933657	37.99279890991968	2	0	0	0	0	0	0	0	0	0	0	0
110	34.86638868274413	0	10227.811137894376	34.86638868274413	34.02182499091684	38.24148719999505	34.62726430154953	0	10210.179262369047	34.62726430154953	33.96317426151867	37.74016169803097	2	0	0	0	0	0	0	0	0	0	0	0
