33.561356555159996
42.974722791000005
42.13331515536
41.626908865080004
33.30463231212
43.42981365666001
34.655385129407996
33.103188300144
34.45340795735999
33.348763398
35.51802854856
49.18119822432
32.74422405264
73.619531039736
33.846589302480005
33.52241695188
32.871596420904005
36.13671124416
33.371614188360006
33.047068805184
33.005557820928004
32.553431747856
32.613668371248
33.168910531094
32.889622786609
33.413862649818
32.597588672327994
35.642356874128005
35.757965633094
33.063761202332
59.832351677332
34.366957479972
33.805848545799
32.64409562416
32.778905923647
32.644563536025004
32.591933923977
33.316731309504995
32.81396809229
32.901171978795006
41.939052628759995
32.601634002314995
40.84678328864
33.116408416
33.0866433352
35.582302346599995
35.55150541380999
38.608593270229996
63.34247380878
42.87268154175999
33.88061652845
29.597059732230004
30.545808644295004
29.6709043167
29.69638273899
30.956567520060002
44.257744198080005
37.816228364850005
30.434952166740008
29.785301208000003
30.2704870068
35.128358438039996
71.56421876119501
29.7087595776
29.25213845424
29.174415499739997
29.485031757639995
45.535084926507004
46.180430826075
47.186360554066994
45.22013716627
55.88702903759799
32.217841573983996
35.61769388248
29.390705780019996
75.237442186074
75.26751911679
45.411809066265995
29.492975683561998
28.946665496345993
29.20467165192
29.674275208308
29.723618452191996
28.971720570549998
35.01252173723999
38.094911371799995
32.252461270199994
31.153306409099997
29.1493512702
28.906339549499997
32.249955162599996
32.388818922
33.263326734749995
74.73986401455
45.24636258946
45.935074539146
46.050273598809
46.17059330211001
32.929199249145
58.484198810485
28.951156444086003
30.524744140634002
