tick	gps500_level	gps500_watts	gps5000_level	gps5000_watts
0	100	0.0396	100	0.039
1	100	0.0396	100	3.581
2	100	0.0396	100	3.581
3	100	0.0396	100	3.581
4	100	0.0396	100	3.581
5	100	2.4209	100	3.581
6	100	2.4209	100	3.581
7	100	2.4209	100	2.9766
8	100	2.4209	100	2.9766
9	100	2.4209	100	2.9766
10	100	2.4209	100	2.9766
11	100	2.3898	100	2.9766
12	100	2.3898	100	2.9766
13	100	2.3898	100	1.5309
14	100	2.3898	100	1.5309
15	100	2.3898	100	1.5309
16	100	2.3898	100	1.5309
17	100	2.5185	100	1.5309
18	100	2.5185	100	1.5309
19	100	2.5185	100	2.4621
20	100	2.5185	100	2.4621
21	100	2.5185	100	2.4621
22	100	2.5185	100	2.4621
23	100	2.4571	100	2.4621
24	100	2.4571	100	2.4621
25	100	2.4571	100	1.2605
26	100	2.4571	100	1.2605
27	100	2.4571	100	1.2605
28	100	2.4571	100	1.2605
29	100	2.4406	100	1.2605
30	100	2.4406	100	1.2605
31	100	2.4406	100	3.4673
32	100	2.4406	100	3.4673
33	100	2.4406	100	3.4673
34	100	2.4406	100	3.4673
35	100	2.4406	100	3.4673
36	100	2.4716	100	3.4673
37	100	2.4093	100	1.2856
38	100	2.4093	100	1.2856
39	100	2.4093	100	1.2856
40	100	2.4093	100	1.2856
41	100	2.4093	100	1.2856
42	100	2.8035	100	1.2856
43	100	2.8035	100	2.4502
44	100	2.8035	100	2.4502
45	100	2.8035	100	2.4502
46	100	2.8035	100	2.4502
47	100	2.8035	100	2.3936
48	100	2.3707	100	2.3936
49	100	2.3707	100	2.3936
50	100	2.3707	100	1.5751
51	100	2.3707	100	1.5751
52	100	2.3707	100	1.5751
53	100	2.3707	100	1.5751
54	100	2.8363	100	1.5751
55	100	2.8363	100	1.5751
56	100	2.8363	100	1.307
57	100	2.8363	100	1.307
58	100	2.8363	100	1.307
59	100	2.8363	100	1.307
60	100	2.9559	100	1.307
61	100	2.9559	100	1.307
62	100	2.9559	100	1.2081
63	100	2.9559	100	1.2081
64	100	2.9559	100	1.2081
65	100	2.9559	100	1.2081
66	100	2.8819	100	1.2081
67	100	2.8819	100	1.2081
68	100	2.8819	100	2.3678
69	100	2.8819	100	2.3678
70	100	2.8819	100	2.3678
71	100	2.8819	100	2.3678
72	100	2.4145	100	2.3678
73	100	2.4145	100	2.3678
74	100	2.4145	100	1.4588
75	100	2.4145	100	1.4588
76	100	2.4145	100	1.4588
77	100	2.4145	100	1.4588
78	100	2.4203	100	1.4588
79	100	2.4203	100	1.4588
80	100	2.4203	100	1.1351
81	100	2.4203	100	1.1351
82	100	2.4203	100	1.1351
83	100	2.4203	100	1.1351
84	100	2.4357	100	1.1351
85	100	2.4357	100	1.1351
86	98	2.4253	100	2.3264
87	98	2.4253	100	2.3264
88	98	2.4253	100	2.3264
89	98	2.4253	100	2.3264
90	98	2.6244	100	2.3264
91	98	2.6244	100	2.3264
92	98	2.6244	100	1.4497
93	98	2.6244	100	1.4497
94	98	2.6244	100	1.4497
95	98	2.6244	100	1.4497
96	98	2.6244	100	1.4497
97	98	2.3946	100	1.4497
98	98	2.3946	100	2.3555
99	98	2.3946	100	2.3555
100	98	2.3946	100	2.3555
101	98	2.3946	100	2.3555
102	98	2.3946	100	2.3555
103	98	2.5232	100	2.3555
104	98	2.5232	100	2.3742
105	98	2.5232	100	2.3742
106	98	2.5232	100	2.3742
107	98	2.5232	100	2.3742
108	98	2.5232	100	2.3742
109	98	2.4406	100	2.3742
110	98	2.4406	100	1.42
111	98	2.4406	100	1.42
112	98	2.4406	100	1.42
113	98	2.4406	100	1.42
114	98	2.4406	100	1.42
115	98	2.8312	100	1.42
116	98	2.8312	100	2.3471
117	98	2.8312	100	2.3471
118	98	2.8312	100	2.3471
119	97	2.8164	100	2.3471
120	97	2.8164	99	2.3371
121	97	2.4374	99	2.3371
122	97	2.4374	99	1.1361
123	97	2.4374	99	1.1361
124	97	2.4374	99	1.1361
125	97	2.4374	99	1.1361
126	97	2.4374	99	1.1361
127	97	2.8858	99	1.1361
128	97	2.8858	99	1.1361
129	97	2.8858	99	2.7971
130	97	2.8858	99	2.7971
131	97	2.8858	98	2.7858
132	97	2.8816	98	2.7858
133	97	2.4269	98	2.7858
134	97	2.4269	98	2.7858
135	97	2.4269	98	1.1405
136	97	2.4269	98	1.1405
137	97	2.4269	98	1.1405
138	97	2.4269	98	1.1405
139	97	2.5624	98	1.1405
140	97	2.5624	98	1.1405
141	97	2.5624	98	2.3495
142	97	2.5624	98	2.3495
143	97	2.5624	98	2.3495
144	97	2.5624	98	2.3495
145	97	2.5535	98	2.3495
146	97	2.5535	98	2.3495
147	97	2.5535	98	1.5755
148	97	2.5535	98	1.5755
149	97	2.5535	98	1.5755
150	97	2.5535	98	1.5755
151	97	2.5535	98	1.5755
152	97	2.4943	98	1.5755
153	97	2.4943	98	2.7973
154	97	2.4943	98	2.7973
155	97	2.4943	98	2.7973
156	97	2.4943	98	2.7973
157	97	2.4943	98	2.7973
158	97	2.4988	98	2.7973
159	97	2.4988	98	1.2917
160	97	2.4988	98	1.2917
161	97	2.4988	98	1.2917
162	97	2.4988	98	1.2917
163	97	2.4988	98	1.2917
164	97	2.4867	98	1.2917
165	97	2.4867	98	1.4935
166	97	2.4867	98	1.4935
167	97	2.4867	98	1.4935
168	97	2.4867	98	1.4935
169	97	2.4867	98	1.4935
170	97	2.7773	98	1.4935
171	97	2.7773	98	1.3487
172	97	2.7773	98	1.3487
173	97	2.7773	98	1.3487
174	97	2.7773	98	1.3487
175	97	2.7773	98	1.3487
176	97	2.4174	98	1.3487
177	97	2.4174	98	2.3258
178	97	2.4174	98	2.3258
179	95	2.415	98	2.3258
180	95	2.415	98	2.3258
181	95	2.415	98	2.3258
182	95	2.396	98	2.3258
183	95	2.396	98	1.1347
184	95	2.396	98	1.1347
185	95	2.396	98	1.1347
186	95	2.396	98	1.1347
187	95	2.396	98	1.1347
188	95	2.8535	98	1.1347
189	95	2.8535	98	2.568
190	95	2.8535	98	2.568
191	95	2.8535	98	2.568
192	95	2.8535	98	2.568
193	95	2.8535	98	2.568
194	95	2.985	98	2.568
195	95	2.985	98	1.1385
196	95	2.985	98	1.1385
197	95	2.985	98	1.1385
198	95	2.985	98	1.1385
199	95	2.985	98	1.1385
200	95	3.2385	98	1.1385
201	95	3.2385	98	1.1385
202	95	3.2385	98	2.3527
203	95	3.2385	98	2.3527
204	95	3.2385	98	2.3527
205	95	3.2385	98	2.3527
206	95	2.3401	98	2.3527
207	95	2.3401	98	2.3527
208	95	2.3401	98	2.4866
209	95	2.3401	98	2.4866
210	95	2.3401	97	2.4813
211	95	2.3401	97	2.4813
212	95	2.3401	97	2.4813
213	95	2.3884	97	2.4813
214	95	2.3884	97	1.1898
215	95	2.3884	97	1.1898
216	95	2.3884	97	1.1898
217	95	2.3884	97	1.1898
218	95	2.3884	97	1.1898
219	95	2.422	97	1.1898
220	95	2.422	97	2.3553
221	95	2.422	97	2.3553
222	95	2.422	97	2.3553
223	95	2.422	97	2.3553
224	95	2.422	97	2.3553
225	93	2.7933	97	2.3553
226	93	2.7933	97	1.193
227	93	2.7933	97	1.193
228	93	2.7933	97	1.193
229	93	2.7933	97	1.193
230	93	2.7933	97	1.193
231	93	2.3445	97	1.193
232	93	2.3445	97	2.34
233	93	2.3445	97	2.34
234	93	2.3445	97	2.34
235	93	2.3445	97	2.34
236	93	2.3445	97	2.34
237	93	2.3438	97	2.34
238	93	2.3489	96	2.3729
239	93	2.3489	96	2.3729
240	93	2.3489	96	2.3729
241	93	2.3489	96	2.3729
242	93	2.3489	96	2.3729
243	93	2.3401	96	2.3729
244	93	2.3401	96	1.3401
245	93	2.3401	96	1.3401
246	93	2.3401	96	1.3401
247	93	2.3401	96	1.3401
248	93	2.3401	96	1.3401
249	93	2.3831	96	1.3401
250	93	2.3831	96	4.344
251	93	2.3831	96	4.344
252	93	2.3831	96	4.344
253	93	2.3831	96	4.344
254	93	2.3831	96	4.344
255	93	2.7747	96	4.344
256	93	2.7747	96	1.4084
257	93	2.7747	96	1.4084
258	93	2.7747	96	1.4084
259	93	2.7747	96	1.4084
260	93	2.7747	96	1.4084
261	93	2.5096	96	1.4084
262	93	2.5096	96	1.1861
263	93	2.5096	96	1.1861
264	93	2.5096	96	1.1861
265	93	2.5096	96	1.1861
266	93	2.5096	96	1.1861
267	93	2.5096	96	1.1861
268	93	2.905	96	2.3154
269	93	2.905	96	2.3154
270	93	2.905	96	2.3154
271	93	2.905	96	2.3154
272	92	2.8868	96	2.3154
273	92	2.8868	96	2.3154
274	92	2.392	96	2.3646
275	92	2.392	96	2.3646
276	92	2.392	96	2.3646
277	92	2.392	96	2.3646
278	92	2.392	96	2.3646
279	92	2.392	96	2.3646
280	92	2.5316	96	2.3646
281	92	2.5316	96	1.6026
282	92	2.5316	96	1.6026
283	92	2.5316	95	1.6068
284	92	2.5316	95	1.6068
285	92	2.5316	95	1.6068
286	92	2.5762	95	1.6068
287	92	2.5762	95	2.7967
288	92	2.5762	95	2.7967
289	92	2.5762	95	2.7967
290	92	2.5762	95	2.7967
291	92	2.5762	95	2.7967
292	92	2.3638	95	2.7967
293	92	2.3638	95	1.1816
294	92	2.3638	95	1.1816
295	92	2.3638	95	1.1816
296	92	2.3638	95	1.1816
297	92	2.3638	95	1.1816
298	92	2.4788	95	1.1816
299	92	2.4788	95	1.1547
300	92	2.4788	95	1.1547
301	92	2.4788	95	1.1547
302	92	2.4788	95	1.1547
303	92	2.4788	95	1.1547
304	92	2.3619	95	1.1547
305	92	2.3619	95	2.4419
306	92	2.3619	95	2.4419
307	92	2.3619	95	2.4419
308	92	2.3619	95	2.4419
309	92	2.3619	95	2.4419
310	92	2.4857	95	2.4419
311	92	2.4857	95	1.1995
312	92	2.4857	95	1.1995
313	92	2.4857	95	1.1995
314	92	2.4857	95	1.1995
315	92	2.4857	95	1.1995
316	92	3.11	95	1.1995
317	90	3.0934	95	2.3529
318	90	3.0934	95	2.3529
319	90	3.0934	95	2.3529
320	90	3.0934	95	2.3529
321	90	3.0934	95	2.3529
322	90	3.0934	95	2.3529
323	90	2.4387	95	2.2414
324	90	2.4387	95	2.2414
325	90	2.4387	95	2.2414
326	90	2.4387	95	2.2414
327	90	2.4387	95	2.2414
328	90	2.4387	95	2.2414
329	90	2.3918	95	2.527
330	90	2.3918	95	2.527
331	90	2.3918	95	2.527
332	90	2.3918	95	2.527
333	90	2.3918	95	2.527
334	90	2.3918	95	2.527
335	90	2.3436	95	2.3548
336	90	2.3436	95	2.3548
337	90	2.3436	95	2.3548
338	90	2.3436	95	2.3548
339	90	2.3436	95	2.3548
340	90	2.3436	95	2.3548
341	90	2.4849	95	1.4243
342	90	2.4849	95	1.4243
343	90	2.4849	95	1.4243
344	90	2.4849	95	1.4243
345	90	2.4849	95	1.4243
346	90	2.4849	95	1.4243
347	90	2.5887	95	1.3865
348	90	2.5887	95	1.3865
349	90	2.5887	95	1.3865
350	90	2.5887	95	1.3865
351	90	2.5887	95	1.3865
352	90	2.5887	95	1.3865
353	90	2.5719	95	2.3708
354	90	2.5719	95	2.3708
355	90	2.5719	93	2.3488
356	90	2.5719	93	2.3488
357	89	2.5719	93	2.3488
358	89	2.5719	93	2.3488
359	89	2.4105	93	2.3488
360	89	2.4105	93	2.1781
361	89	2.4105	93	2.1781
362	89	2.4105	93	2.1781
363	89	2.4117	93	2.1781
364	89	2.4117	93	2.1781
365	89	2.3629	93	2.1781
366	89	2.3629	93	1.1807
367	89	2.3629	93	1.1807
368	89	2.3629	93	1.1807
369	89	2.3629	93	1.1807
370	89	2.3629	93	1.1807
371	89	2.5525	93	1.1807
372	89	2.5525	93	2.3817
373	89	2.5525	93	2.3817
374	89	2.5525	93	2.3817
375	89	2.5525	93	2.3817
376	89	2.5525	93	2.3817
377	89	2.5525	93	2.3817
378	89	2.5888	93	1.8723
379	89	2.5888	93	1.8723
380	89	2.5888	93	1.8723
381	89	2.5888	93	1.8723
382	89	2.5888	93	1.8723
383	89	2.5888	93	1.8723
384	89	2.3811	93	1.2315
385	89	2.3811	93	1.2315
386	89	2.3811	93	1.2315
387	89	2.3811	93	1.2315
388	89	2.3811	93	1.2315
389	89	2.3811	93	1.2315
390	89	2.3879	93	1.215
391	89	2.3879	93	1.215
392	89	2.3879	93	1.215
393	89	2.3879	93	1.215
394	89	2.3879	93	1.215
395	89	2.3879	93	1.215
396	89	2.8365	93	2.6831
397	89	2.8365	93	2.6831
398	89	2.8365	93	2.6831
399	89	2.8365	93	2.6831
400	89	2.8365	93	2.6831
401	89	2.8365	93	2.6831
402	89	2.5181	93	1.1674
403	89	2.5181	93	1.1674
404	89	2.5181	93	1.1674
405	89	2.5181	93	1.1674
406	89	2.5181	93	1.1674
407	89	2.5181	93	1.1674
408	87	3.1336	93	2.4205
409	87	3.1336	93	2.4205
410	87	3.1336	93	2.4205
411	87	3.1336	93	2.4205
412	87	3.1336	93	2.4205
413	87	3.1336	93	2.4205
414	87	2.3507	93	2.5086
415	87	2.3507	93	2.5086
416	87	2.3507	93	2.5086
417	87	2.3507	93	2.5086
418	87	2.3507	93	2.5086
419	87	2.3507	93	2.5086
420	87	2.7929	93	1.1788
421	87	2.7929	93	1.1788
422	87	2.7929	93	1.1788
423	87	2.7929	93	1.1788
424	87	2.7929	93	1.1788
425	87	2.7929	92	1.1839
426	87	2.3407	92	2.3615
427	87	2.3407	92	2.3615
428	87	2.3407	92	2.3615
429	87	2.3407	92	2.3615
430	87	2.3407	92	2.3615
431	87	2.3407	92	2.3615
432	87	2.8627	92	1.1705
433	87	2.8627	92	1.1705
434	87	2.8627	92	1.1705
435	87	2.8627	92	1.1705
436	87	2.8627	92	1.1705
437	87	2.8627	92	1.1705
438	87	2.8627	92	1.1705
439	87	2.7991	92	1.3407
440	87	2.7991	92	1.3407
441	87	2.7991	92	1.3407
442	87	2.7991	92	1.3407
443	87	2.7991	92	1.3407
444	87	2.7991	92	1.3407
445	87	2.403	92	2.4118
446	87	2.403	92	2.4118
447	87	2.403	92	2.4118
448	87	2.403	92	2.4118
449	87	2.403	92	2.4118
450	87	2.403	92	2.4118
451	87	2.3949	92	1.1916
452	87	2.3949	92	1.1916
453	86	2.3867	92	1.1916
454	86	2.3867	92	1.1916
455	86	2.3867	92	1.1916
456	86	2.3867	92	1.1916
457	86	2.365	92	1.356
458	86	2.365	92	1.356
459	86	2.365	92	1.356
460	86	2.365	92	1.356
461	86	2.365	92	1.356
462	86	2.365	92	1.356
463	86	2.8044	92	2.4418
464	86	2.8044	92	2.4418
465	86	2.8044	92	2.4418
466	86	2.8044	92	2.4418
467	86	2.8044	92	2.4418
468	86	2.8044	92	2.4418
469	86	2.4109	92	1.637
470	86	2.4109	92	1.637
471	86	2.4109	92	1.637
472	86	2.4109	92	1.637
473	86	2.4109	92	1.637
474	86	2.4109	92	1.637
475	86	2.5717	92	1.7039
476	85	2.5634	91	1.6916
477	85	2.5634	91	1.6916
478	85	2.5634	91	1.6916
479	85	2.5634	91	1.6916
480	85	2.5634	91	1.6916
481	85	2.3722	91	2.4084
482	85	2.3722	91	2.4084
483	85	2.3722	91	2.4084
484	85	2.3722	91	2.4084
485	85	2.3722	91	2.4084
486	85	2.3722	91	2.4084
487	85	2.3722	91	1.1647
488	85	2.4019	91	1.1647
489	85	2.4019	91	1.1647
490	85	2.4019	91	1.1647
491	85	2.4019	91	1.1647
492	85	2.4019	91	1.1647
493	85	2.4019	91	1.4304
494	85	2.3432	90	1.4317
495	85	2.3432	90	1.4317
496	85	2.3432	90	1.4317
497	85	2.3432	90	1.4317
498	85	2.3432	90	1.4317
499	84	2.3426	90	1.169
500	84	2.7218	90	1.169
501	84	2.7218	90	1.169
502	84	2.7218	90	1.169
503	84	2.7218	90	1.169
504	84	2.7218	90	1.169
505	84	2.7218	90	2.3632
506	84	2.4385	90	2.3632
507	84	2.4385	90	2.3632
508	84	2.4385	90	2.3632
509	84	2.4385	90	2.3632
510	84	2.4385	90	2.3632
511	84	2.4385	90	1.2386
512	84	2.4515	90	1.2386
513	84	2.4515	90	1.2386
514	84	2.4515	90	1.2386
515	84	2.4515	90	1.2386
516	84	2.4515	90	1.2386
517	84	2.4515	90	1.2386
518	84	2.4032	90	2.6077
519	84	2.4032	90	2.6077
520	84	2.4032	90	2.6077
521	84	2.4032	90	2.6077
522	84	2.4032	90	2.6077
523	84	2.4032	90	2.6077
524	84	2.4026	90	1.1677
525	84	2.4026	90	1.1677
526	84	2.4026	90	1.1677
527	84	2.4026	90	1.1677
528	84	2.4026	90	1.1677
529	84	2.4026	90	1.1677
530	84	2.415	90	1.5172
531	84	2.415	90	1.5172
532	84	2.415	90	1.5172
533	84	2.415	90	1.5172
534	84	2.415	90	1.5172
535	84	2.415	90	1.5172
536	84	2.4273	90	1.2658
537	84	2.4273	90	1.2658
538	84	2.4273	90	1.2658
539	84	2.4273	90	1.2658
540	84	2.4273	90	1.2658
541	84	2.4273	90	1.2658
542	84	2.4273	90	1.1582
543	82	2.5765	90	1.1582
544	82	2.5765	90	1.1582
545	82	2.5765	90	1.1582
546	82	2.5765	90	1.1582
547	82	2.5765	90	1.1582
548	82	2.5765	90	2.4145
549	82	2.9344	90	2.4145
550	82	2.9344	90	2.4145
551	82	2.9344	90	2.4145
552	82	2.9344	90	2.4145
553	82	2.9344	90	2.4145
554	82	2.9344	90	1.9206
555	82	2.4117	90	1.9206
556	82	2.4117	90	1.9206
557	82	2.4117	90	1.9206
558	82	2.4117	90	1.9206
559	82	2.4117	90	1.9206
560	82	2.4117	90	1.1506
561	82	2.3736	90	1.1506
562	82	2.3736	90	1.1506
563	82	2.3736	89	1.1486
564	82	2.3736	89	1.1486
565	82	2.3736	89	1.1486
566	82	2.3736	89	2.3472
567	82	2.3865	89	2.3472
568	82	2.3865	89	2.3472
569	82	2.3865	89	2.3472
570	82	2.3865	89	2.3472
571	82	2.3865	89	2.3472
572	82	2.3865	89	1.363
573	82	2.4087	89	1.363
574	82	2.4087	89	1.363
575	82	2.4087	89	1.363
576	82	2.4087	89	1.363
577	82	2.4087	89	1.363
578	82	2.4087	89	1.1733
579	82	2.5347	89	1.1733
580	82	2.5347	89	1.1733
581	82	2.5347	89	1.1733
582	82	2.5347	89	1.1733
583	82	2.5347	89	1.1733
584	82	2.5347	89	1.1613
585	82	3.1773	89	1.1613
586	82	3.1773	89	1.1613
587	82	3.1773	89	1.1613
588	82	3.1773	89	1.1613
589	81	3.1529	89	1.1613
590	81	3.1529	89	1.1613
591	81	2.4298	89	1.2985
592	81	2.4298	89	1.2985
593	81	2.4298	89	1.2985
594	81	2.4298	89	1.2985
595	81	2.4407	88	1.2947
596	81	2.4407	88	1.2947
597	81	2.4407	88	2.4728
598	81	2.3739	88	2.4728
599	81	2.3739	88	2.4728
600	81	2.3739	88	2.4728
601	81	2.3739	88	2.4728
602	81	2.3739	88	2.4728
603	81	2.3739	88	1.1541
604	81	2.3341	88	1.1541
605	81	2.3341	88	1.1541
606	81	2.3341	88	1.1541
607	81	2.3341	88	1.1541
608	81	2.3341	88	1.1541
609	81	2.3341	88	1.1756
610	81	2.3751	88	1.1756
611	81	2.3751	88	1.1756
612	81	2.3751	88	1.1756
613	81	2.3751	88	1.1756
614	81	2.3751	88	1.1756
615	81	2.3751	88	2.6575
616	81	2.4285	88	2.6575
617	81	2.4285	88	2.6575
618	81	2.4285	88	2.6575
619	81	2.4285	88	2.6575
620	81	2.4285	88	2.6575
621	81	2.4285	88	1.8469
622	81	3.8811	88	1.8469
623	81	3.8811	88	1.8469
624	81	3.8811	88	1.8469
625	81	3.8811	88	1.8469
626	81	3.8811	88	1.8469
627	81	3.8811	88	1.555
628	81	2.4003	88	1.555
629	81	2.4003	88	1.555
630	81	2.4003	88	1.555
631	81	2.4003	88	1.555
632	81	2.4003	87	1.549
633	81	2.4003	87	3.0208
634	81	2.3506	87	3.0208
635	79	2.3436	87	3.0208
636	79	2.3436	87	3.0208
637	79	2.3436	87	3.0208
638	79	2.3436	87	3.0208
639	79	2.3436	87	2.4048
640	79	2.3662	87	2.4048
641	79	2.3662	87	2.4048
642	79	2.3662	87	2.4048
643	79	2.3662	87	2.4048
644	79	2.3662	87	2.4048
645	79	2.3662	87	1.1428
646	79	2.3662	87	1.1428
647	79	2.5129	87	1.1428
648	79	2.5129	87	1.1428
649	79	2.5129	87	1.1428
650	79	2.5129	87	1.1428
651	79	2.5129	87	2.3854
652	79	2.5129	87	2.3854
653	79	2.4579	87	2.3854
654	79	2.4579	87	2.3854
655	79	2.4579	87	2.3854
656	79	2.4579	87	2.3854
657	79	2.4579	87	2.4174
658	79	2.4579	87	2.4174
659	79	2.8466	87	2.4174
660	79	2.8466	87	2.4174
661	79	2.8466	87	2.4174
662	79	2.8466	87	2.4174
663	79	2.8466	87	1.1528
664	79	2.8466	87	1.1528
665	79	2.4701	87	1.1528
666	79	2.4701	87	1.1528
667	79	2.4701	87	1.1528
668	79	2.4701	87	1.1528
669	79	2.4701	87	1.1528
670	79	2.4701	87	1.2087
671	79	2.3907	87	1.2087
672	79	2.3907	87	1.2087
673	79	2.3907	87	1.2087
674	79	2.3907	87	1.2087
675	79	2.3907	87	1.2087
676	79	2.3907	87	2.661
677	79	2.3693	87	2.661
678	79	2.3693	87	2.661
679	79	2.3693	87	2.661
680	78	2.3604	87	2.661
681	78	2.3604	87	2.661
682	78	2.3604	87	1.1566
683	78	2.4243	87	1.1566
684	78	2.4243	87	1.1566
685	78	2.4243	87	1.1566
686	78	2.4243	87	1.1566
687	78	2.4243	87	1.1566
688	78	2.4243	87	1.1478
689	78	2.8481	87	1.1478
690	78	2.8481	87	1.1478
691	78	2.8481	87	1.1478
692	78	2.8481	87	1.1478
693	78	2.8481	87	1.1478
694	78	2.8481	87	2.4073
695	78	2.7994	87	2.4073
696	78	2.7994	87	2.4073
697	78	2.7994	87	2.4073
698	78	2.7994	87	2.4073
699	78	2.7994	86	2.3834
700	78	2.7994	86	1.6505
701	78	2.7994	86	1.6505
702	78	2.4791	86	1.6505
703	78	2.4791	86	1.6505
704	78	2.4791	86	1.6505
705	78	2.4791	86	1.6505
706	78	2.4791	86	1.1954
707	78	2.4791	86	1.1954
708	78	2.3086	86	1.1954
709	78	2.3086	86	1.1954
710	78	2.3086	86	1.1954
711	78	2.3086	86	1.1954
712	78	2.3086	86	1.16
713	78	2.3086	86	1.16
714	77	2.3163	86	1.1685
715	77	2.3163	86	1.1685
716	77	2.3163	86	1.1685
717	77	2.3163	86	1.1685
718	77	2.3163	86	2.4767
719	77	2.3163	86	2.4767
720	77	2.428	86	2.4767
721	77	2.428	86	2.4767
722	77	2.428	86	2.4767
723	77	2.428	86	2.4767
724	76	2.4249	86	1.1604
725	76	2.4249	86	1.1604
726	76	2.3825	86	1.1604
727	76	2.3825	86	1.1604
728	76	2.3825	86	1.1604
729	76	2.3825	86	1.1604
730	76	2.3825	86	2.4454
731	76	2.3825	86	2.4454
732	76	2.7347	86	2.4454
733	76	2.7347	86	2.4454
734	76	2.7347	86	2.4454
735	76	2.7347	86	2.4454
736	76	2.7347	86	2.4454
737	76	2.7347	86	2.4379
738	76	2.4273	86	2.4379
739	76	2.4273	86	2.4379
740	76	2.4273	86	2.4379
741	76	2.4273	86	2.4379
742	76	2.4273	86	2.4379
743	76	2.4273	86	1.1986
744	76	2.3873	86	1.1986
745	76	2.3873	86	1.1986
746	76	2.3873	86	1.1986
747	76	2.3873	86	1.1986
748	76	2.3873	86	1.1986
749	76	2.3873	86	1.1742
750	76	2.3873	86	1.1742
751	76	2.591	86	1.1742
752	76	2.591	86	1.1742
753	76	2.591	86	1.1742
754	76	2.591	86	1.1742
755	76	2.591	86	2.4122
756	76	2.591	86	2.4122
757	76	2.4455	86	2.4122
758	76	2.4455	86	2.4122
759	76	2.4455	86	2.4122
760	76	2.4455	86	2.4122
761	76	2.4455	86	1.2662
762	76	2.4455	86	1.2662
763	76	2.4073	86	1.2662
764	76	2.4073	86	1.2662
765	76	2.4073	86	1.2662
766	76	2.4073	84	1.2622
767	76	2.4073	84	1.5993
768	75	2.3988	84	1.5993
769	75	2.7438	84	1.5993
770	75	2.7438	84	1.5993
771	75	2.7438	84	1.5993
772	75	2.7438	84	1.5993
773	75	2.7438	84	2.5619
774	75	2.7438	84	2.5619
775	75	2.3843	84	2.5619
776	75	2.3843	84	2.5619
777	75	2.3843	84	2.5619
778	75	2.3843	84	2.5619
779	75	2.3843	84	1.2872
780	75	2.3843	84	1.2872
781	75	2.3807	84	1.2872
782	75	2.3807	84	1.2872
783	75	2.3807	84	1.2872
784	75	2.3807	84	1.2872
785	75	2.3807	84	2.3833
786	75	2.3807	84	2.3833
787	75	2.9099	84	2.3833
788	75	2.9099	84	2.3833
789	75	2.9099	84	2.3833
790	75	2.9099	84	2.3833
791	75	2.9099	84	1.6168
792	75	2.9099	84	1.6168
793	75	2.3239	84	1.6168
794	75	2.3239	84	1.6168
795	75	2.3239	84	1.6168
796	75	2.3239	84	1.6168
797	75	2.3239	84	2.4682
798	75	2.3239	84	2.4682
799	75	2.4375	84	2.4682
800	75	2.4375	84	2.4682
801	75	2.4375	84	2.4682
802	75	2.4375	84	2.4682
803	75	2.4375	84	1.3277
804	75	2.4375	84	1.3277
805	75	2.4375	84	1.3277
806	75	2.7704	84	1.3277
807	75	2.7704	84	1.3277
808	75	2.7704	84	1.3277
809	75	2.7704	84	2.3883
810	75	2.7704	84	2.3883
811	75	2.7704	84	2.3883
812	75	2.3517	84	2.3883
813	73	2.3428	84	2.3883
814	73	2.3428	84	2.3883
815	73	2.3428	84	2.3883
816	73	2.3428	84	2.3846
817	73	2.3428	84	2.3846
818	73	2.7809	84	2.3846
819	73	2.7809	84	2.3846
820	73	2.7809	84	2.3846
821	73	2.7809	84	2.3846
822	73	2.7809	84	1.3933
823	73	2.7809	84	1.3933
824	73	2.3398	84	1.3933
825	73	2.3398	84	1.3933
826	73	2.3398	84	1.3933
827	73	2.3398	84	1.3933
828	73	2.3398	84	2.4108
829	73	2.3398	84	2.4108
830	73	2.5155	84	2.4108
831	73	2.5155	84	2.4108
832	73	2.5155	84	2.4108
833	73	2.5085	82	2.3813
834	73	2.5085	82	1.6642
835	73	2.5085	82	1.6642
836	73	2.3855	82	1.6642
837	73	2.3855	82	1.6642
838	73	2.3855	82	1.6642
839	73	2.3855	82	1.6642
840	73	2.3855	82	2.4436
841	73	2.3855	82	2.4436
842	73	2.7216	82	2.4436
843	73	2.7216	82	2.4436
844	73	2.7216	82	2.4436
845	73	2.7216	82	2.4436
846	73	2.7216	82	1.1962
847	73	2.7216	82	1.1962
848	73	2.8314	82	1.1962
849	73	2.8314	82	1.1962
850	73	2.8314	82	1.1962
851	73	2.8314	82	1.1962
852	73	2.8314	82	2.4535
853	73	2.8314	82	2.4535
854	73	2.4041	82	2.4535
855	73	2.4041	82	2.4535
856	73	2.4041	82	2.4535
857	71	2.401	82	2.4535
858	71	2.401	82	2.356
859	71	2.401	82	2.356
860	71	2.401	82	2.356
861	71	2.3633	82	2.356
862	71	2.3633	82	2.356
863	71	2.3633	82	2.356
864	71	2.3633	82	1.3886
865	71	2.3633	82	1.3886
866	71	2.3633	82	1.3886
867	71	2.3813	82	1.3886
868	71	2.3813	82	1.3886
869	71	2.3813	82	1.3886
870	71	2.3813	82	1.1796
871	71	2.3813	82	1.1796
872	71	2.3813	82	1.1796
873	71	2.4538	82	1.1796
874	71	2.4538	82	1.1796
875	71	2.4538	82	1.1796
876	71	2.4538	82	1.1999
877	71	2.4538	82	1.1999
878	71	2.4538	82	1.1999
879	71	3.031	82	1.1999
880	71	3.031	82	1.1999
881	71	3.031	82	1.1999
882	71	3.031	82	2.6502
883	71	3.031	82	2.6502
884	71	3.031	82	2.6502
885	71	2.3729	82	2.6502
886	71	2.3729	82	2.6502
887	71	2.3729	82	2.6502
888	71	2.3729	82	2.6502
889	71	2.3729	82	1.2455
890	71	2.3729	82	1.2455
891	71	2.3567	82	1.2455
892	71	2.3567	82	1.2455
893	71	2.3567	82	1.2455
894	71	2.3567	82	1.2455
895	71	2.3567	82	2.8943
896	71	2.3567	82	2.8943
897	71	2.3867	82	2.8943
898	71	2.3867	82	2.8943
899	71	2.3867	82	2.8943
900	71	2.3867	82	2.8943
901	70	2.3788	81	1.2118
902	70	2.3788	81	1.2118
903	70	2.365	81	1.2118
904	70	2.365	81	1.2118
905	70	2.365	81	1.2118
906	70	2.365	81	1.2118
907	70	2.365	81	2.1554
908	70	2.365	81	2.1554
909	70	2.365	81	2.1554
910	70	2.6201	81	2.1554
911	70	2.6201	81	2.1554
912	70	2.6201	81	2.1554
913	70	2.6201	81	2.4514
914	70	2.6201	81	2.4514
915	70	2.6201	81	2.4514
916	70	2.7378	81	2.4514
917	70	2.7378	81	2.4514
918	70	2.7378	81	2.4514
919	70	2.7378	81	1.1932
920	70	2.7378	81	1.1932
921	70	2.7378	81	1.1932
922	70	2.4899	81	1.1932
923	70	2.4899	81	1.1932
924	70	2.4899	81	1.1932
925	70	2.4899	81	2.4793
926	70	2.4899	81	2.4793
927	70	2.4899	81	2.4793
928	70	2.3752	81	2.4793
929	70	2.3752	81	2.4793
930	70	2.3752	81	2.4793
931	70	2.3752	81	1.1938
932	70	2.3752	81	1.1938
933	70	2.3752	81	1.1938
934	70	2.3829	81	1.1938
935	70	2.3829	81	1.1938
936	70	2.3829	81	1.1938
937	70	2.3829	81	2.418
938	70	2.3829	81	2.418
939	70	2.3829	81	2.418
940	70	2.4457	81	2.418
941	70	2.4457	81	2.418
942	70	2.4457	81	2.418
943	70	2.4457	81	1.1889
944	70	2.4457	81	1.1889
945	68	2.4357	81	1.1889
946	68	2.3845	81	1.1889
947	68	2.3845	81	1.1889
948	68	2.3845	81	1.1889
949	68	2.3845	81	1.87
950	68	2.3845	81	1.87
951	68	2.3845	81	1.87
952	68	2.5909	80	1.8566
953	68	2.5909	80	1.8566
954	68	2.5909	80	1.8566
955	68	2.5909	80	1.8566
956	68	2.5909	80	1.2953
957	68	2.5909	80	1.2953
958	68	2.689	80	1.2953
959	68	2.689	80	1.2953
960	68	2.689	80	1.2953
961	68	2.689	80	1.2953
962	68	2.689	80	1.149
963	68	2.689	80	1.149
964	68	2.689	80	1.149
965	68	2.3292	80	1.149
966	68	2.3292	80	1.149
967	68	2.3292	80	1.149
968	68	2.3292	79	1.4306
969	68	2.3292	79	1.4306
970	68	2.3292	79	1.4306
971	68	2.3631	79	1.4306
972	68	2.3631	79	1.4306
973	68	2.3631	79	1.4306
974	68	2.3631	79	2.7257
975	68	2.3631	79	2.7257
976	68	2.3631	79	2.7257
977	68	2.4118	79	2.7257
978	68	2.4118	79	2.7257
979	68	2.4118	79	2.7257
980	68	2.4118	79	2.3457
981	68	2.4118	79	2.3457
982	68	2.4118	79	2.3457
983	68	2.3482	79	2.3457
984	68	2.3482	79	2.3457
985	68	2.3482	79	2.3457
986	68	2.3482	79	1.2304
987	68	2.3482	79	1.2304
988	68	2.3482	79	1.2304
989	67	2.3807	79	1.2304
990	67	2.3807	79	1.2304
991	67	2.3807	79	1.2304
992	67	2.3807	79	2.4418
993	67	2.3807	79	2.4418
994	67	2.3807	79	2.4418
995	67	3.264	79	2.4418
996	67	3.264	79	2.4418
997	67	3.264	79	2.4418
998	67	3.264	79	2.8981
999	67	3.264	79	2.8981
1000	67	3.264	79	2.8981
1001	67	2.5052	79	2.8981
1002	67	2.5052	79	2.8981
1003	67	2.5052	79	2.8981
1004	67	2.5052	79	1.1646
1005	67	2.5052	79	1.1646
1006	67	2.5052	79	1.1646
1007	67	2.341	79	1.1646
1008	67	2.341	79	1.1646
1009	67	2.341	79	1.1646
1010	67	2.341	79	1.8549
1011	67	2.341	79	1.8549
1012	67	2.341	79	1.8549
1013	67	2.341	79	1.8549
1014	67	2.4388	79	1.8549
1015	67	2.4388	79	1.8549
1016	67	2.4388	79	1.1621
1017	67	2.4388	79	1.1621
1018	67	2.4388	79	1.1621
1019	67	2.4388	79	1.1621
1020	67	2.3552	79	1.1621
1021	67	2.3552	79	1.1621
1022	67	2.3552	79	1.159
1023	67	2.3552	79	1.159
1024	67	2.3552	79	1.159
1025	67	2.3552	79	1.159
1026	67	2.4951	79	1.159
1027	67	2.4951	79	1.159
1028	67	2.4951	79	1.159
1029	67	2.4951	79	2.8372
1030	67	2.4951	79	2.8372
1031	67	2.4951	79	2.8372
1032	65	2.9325	79	2.8372
1033	65	2.9325	78	2.7985
1034	65	2.9325	78	2.7985
1035	65	2.9325	78	1.2392
1036	65	2.9325	78	1.2392
1037	65	2.9325	78	1.2392
1038	65	2.5351	78	1.2392
1039	65	2.5351	78	1.2392
1040	65	2.5351	78	1.2392
1041	65	2.5351	78	1.1681
1042	65	2.5351	78	1.1681
1043	65	2.5351	78	1.1681
1044	65	2.4122	78	1.1681
1045	65	2.4122	78	1.1681
1046	65	2.4122	78	1.1681
1047	65	2.4122	78	1.5927
1048	65	2.4122	78	1.5927
1049	65	2.4122	78	1.5927
1050	65	2.391	78	1.5927
1051	65	2.391	78	1.5927
1052	65	2.391	78	1.5927
1053	65	2.391	78	1.4281
1054	65	2.391	78	1.4281
1055	65	2.391	78	1.4281
1056	65	2.3939	78	1.4281
1057	65	2.3939	78	1.4281
1058	65	2.3939	78	1.4281
1059	65	2.3939	78	2.3952
1060	65	2.3939	78	2.3952
1061	65	2.3939	78	2.3952
1062	65	2.4164	78	2.3952
1063	65	2.4164	78	2.3952
1064	65	2.4164	78	2.3952
1065	65	2.4164	78	2.4808
1066	65	2.4164	78	2.4808
1067	65	2.4164	78	2.4808
1068	65	2.4164	78	2.4808
1069	65	2.4252	78	2.4808
1070	65	2.4252	77	2.4814
1071	64	2.4177	77	1.2924
1072	64	2.4177	77	1.2924
1073	64	2.4177	77	1.2924
1074	64	2.4177	77	1.2924
1075	64	2.7274	77	1.2924
1076	64	2.7274	77	1.2924
1077	64	2.7274	77	2.4225
1078	64	2.7274	77	2.4225
1079	64	2.7274	77	2.4225
1080	64	2.7274	77	2.4225
1081	64	2.8186	77	2.4225
1082	64	2.8186	77	2.4225
1083	64	2.8186	77	1.1478
1084	64	2.8186	77	1.1478
1085	64	2.8186	77	1.1478
1086	64	2.8186	77	1.1478
1087	64	2.3877	77	1.1478
1088	64	2.3877	77	1.1478
1089	64	2.3877	77	2.4061
1090	64	2.3877	77	2.4061
1091	64	2.3877	77	2.4061
1092	64	2.3877	77	2.4061
1093	64	2.413	77	2.4061
1094	64	2.413	77	2.4061
1095	64	2.413	77	2.8351
1096	64	2.413	77	2.8351
1097	64	2.413	77	2.8351
1098	64	2.413	77	2.8351
1099	64	2.38	77	2.8351
1100	64	2.38	76	2.8244
1101	64	2.38	76	2.8244
1102	64	2.38	76	2.397
1103	64	2.38	76	2.397
1104	64	2.38	76	2.397
1105	64	2.3694	76	2.397
1106	64	2.3694	76	2.397
1107	64	2.3694	76	2.397
1108	64	2.3694	76	1.1586
1109	64	2.3694	76	1.1586
1110	64	2.3694	76	1.1586
1111	64	2.632	76	1.1586
1112	64	2.632	76	1.1586
1113	64	2.632	76	1.1586
1114	64	2.632	76	2.5024
1115	64	2.632	76	2.5024
1116	64	2.632	76	2.5024
1117	64	2.632	76	2.5024
1118	62	2.5821	76	2.5024
1119	62	2.5821	76	2.5024
1120	62	2.5821	76	1.641
1121	62	2.5821	76	1.641
1122	62	2.5821	76	1.641
1123	62	2.5821	76	1.641
1124	62	2.3431	76	1.641
1125	62	2.3431	76	1.641
1126	62	2.3431	76	1.2548
1127	62	2.3431	76	1.2548
1128	62	2.3431	76	1.2548
1129	62	2.3431	76	1.2548
1130	62	2.3273	76	1.2548
1131	62	2.3273	76	1.2548
1132	62	2.3273	76	1.2433
1133	62	2.3273	76	1.2433
1134	62	2.3273	76	1.2433
1135	62	2.3273	76	1.2433
1136	62	2.7784	76	1.2433
1137	62	2.7784	76	1.2433
1138	62	2.7784	76	2.4612
1139	62	2.7784	76	2.4612
1140	62	2.7784	76	2.4612
1141	62	2.7784	76	2.4612
1142	62	2.544	76	2.4612
1143	62	2.544	76	2.4612
1144	62	2.544	76	1.5877
1145	62	2.544	76	1.5877
1146	62	2.544	76	1.5877
1147	62	2.544	76	1.5877
1148	62	2.6589	76	1.5877
1149	62	2.6589	76	1.5877
1150	62	2.6589	76	2.4255
1151	62	2.6589	76	2.4255
1152	62	2.6589	76	2.4255
1153	62	2.6589	76	2.4255
1154	62	2.4925	76	2.4255
1155	62	2.4925	76	2.4255
1156	62	2.4925	76	1.1749
1157	62	2.4925	76	1.1749
1158	62	2.4925	76	1.1749
1159	62	2.4925	76	1.1749
1160	60	2.6976	76	1.1749
1161	60	2.6976	76	1.1749
1162	60	2.6976	76	2.3867
1163	60	2.6976	76	2.3867
1164	60	2.6976	76	2.3867
1165	60	2.6976	76	2.3867
1166	60	2.3271	75	2.3837
1167	60	2.3271	75	2.3837
1168	60	2.3271	75	1.1686
1169	60	2.3271	75	1.1686
1170	60	2.3271	75	1.1686
1171	60	2.3271	75	1.1686
1172	60	2.3271	75	1.1686
1173	60	2.3143	75	1.1686
1174	60	2.3143	75	1.1686
1175	60	2.3143	75	1.2266
1176	60	2.3143	75	1.2266
1177	60	2.3143	75	1.2266
1178	60	2.3143	75	1.2266
1179	60	2.2693	75	1.2266
1180	60	2.2693	75	1.2266
1181	60	2.2693	75	2.6407
1182	60	2.2693	75	2.6407
1183	60	2.2693	75	2.6407
1184	60	2.2693	75	2.6407
1185	60	2.78	75	2.6407
1186	60	2.78	75	2.6407
1187	60	2.78	75	1.3125
1188	60	2.78	75	1.3125
1189	60	2.78	74	1.3208
1190	60	2.7677	74	1.3208
1191	60	2.3738	74	1.3208
1192	60	2.3738	74	1.3208
1193	60	2.3738	74	1.1535
1194	60	2.3738	74	1.1535
1195	60	2.3738	74	1.1535
1196	60	2.3738	74	1.1535
1197	60	2.3412	74	1.1535
1198	60	2.3412	74	1.1535
1199	60	2.3412	74	1.3475
1200	60	2.3412	74	1.3475
1201	60	2.3412	74	1.3475
1202	60	2.3412	74	1.3475
1203	59	2.3374	74	1.3475
1204	59	2.3374	74	1.3475
1205	59	2.3374	74	2.3708
1206	59	2.3374	74	2.3708
1207	59	2.3374	74	2.3708
1208	59	2.3374	74	2.3708
1209	59	2.2954	74	2.3708
1210	59	2.2954	74	2.3708
1211	59	2.2954	74	1.2106
1212	59	2.2954	74	1.2106
1213	59	2.2954	74	1.2106
1214	59	2.2954	74	1.2106
1215	59	2.2447	74	1.2106
1216	59	2.2447	74	1.2106
1217	59	2.2447	74	2.3738
1218	59	2.2447	74	2.3738
1219	59	2.2447	74	2.3738
1220	59	2.2447	74	2.3738
1221	59	2.2447	74	2.3738
1222	59	2.9179	74	2.3738
1223	59	2.9179	74	1.76
1224	59	2.9179	74	1.76
1225	59	2.9179	74	1.76
1226	59	2.9179	74	1.76
1227	59	2.9179	74	1.76
1228	59	2.3764	74	1.76
1229	59	2.3764	74	1.1547
1230	59	2.3764	74	1.1547
1231	59	2.3764	73	1.1532
1232	59	2.3764	73	1.1532
1233	59	2.3764	73	1.1532
1234	59	2.3158	73	1.1532
1235	59	2.3158	73	2.6996
1236	59	2.3158	73	2.6996
1237	59	2.3158	73	2.6996
1238	59	2.3158	73	2.6996
1239	59	2.3158	73	2.6996
1240	59	2.2523	73	2.6996
1241	59	2.2523	73	1.3586
1242	59	2.2523	73	1.3586
1243	59	2.2523	73	1.3586
1244	59	2.2523	73	1.3586
1245	59	2.2523	73	1.3586
1246	57	2.348	73	1.3586
1247	57	2.348	73	1.3586
1248	57	2.348	73	1.234
1249	57	2.348	73	1.234
1250	57	2.348	73	1.234
1251	57	2.348	73	1.234
1252	57	2.3567	73	1.234
1253	57	2.3567	73	1.234
1254	57	2.3567	73	1.1666
1255	57	2.3567	73	1.1666
1256	57	2.3567	73	1.1666
1257	57	2.3567	73	1.1666
1258	57	2.8367	73	1.1666
1259	57	2.8367	73	1.1666
1260	57	2.8367	73	1.1879
1261	57	2.8367	73	1.1879
1262	57	2.8367	73	1.1879
1263	57	2.8367	73	1.1879
1264	57	2.57	73	1.1879
1265	57	2.57	73	1.1879
1266	57	2.57	73	3.0131
1267	57	2.57	73	3.0131
1268	57	2.57	73	3.0131
1269	57	2.57	73	3.0131
1270	57	2.2539	73	3.0131
1271	57	2.2539	73	3.0131
1272	57	2.2539	73	1.1581
1273	57	2.2539	73	1.1581
1274	57	2.2539	73	1.1581
1275	57	2.2539	73	1.1581
1276	57	2.2539	73	1.1581
1277	57	2.3044	73	1.1581
1278	57	2.3044	73	1.2383
1279	57	2.3044	73	1.2383
1280	57	2.3044	73	1.2383
1281	57	2.3044	73	1.2383
1282	57	2.3044	73	1.2383
1283	57	2.33	73	1.2383
1284	57	2.33	73	1.4667
1285	57	2.33	73	1.4667
1286	57	2.33	73	1.4667
1287	57	2.33	73	1.4667
1288	57	2.33	73	1.4667
1289	56	2.7785	73	1.4667
1290	56	2.7785	73	2.3927
1291	56	2.7785	73	2.3927
1292	56	2.7785	73	2.3927
1293	56	2.7785	73	2.3927
1294	56	2.7785	73	2.3927
1295	56	2.7182	73	2.3927
1296	56	2.7182	71	2.3387
1297	56	2.7182	71	2.3387
1298	56	2.7182	71	2.3387
1299	56	2.7182	71	2.3387
1300	56	2.7182	71	2.3387
1301	56	2.9768	71	2.3387
1302	56	2.9768	71	1.3397
1303	56	2.9768	71	1.3397
1304	56	2.9768	71	1.3397
1305	56	2.9768	71	1.3397
1306	56	2.9768	71	1.3397
1307	56	2.3628	71	1.3397
1308	56	2.3628	71	1.6302
1309	55	2.3578	71	1.6302
1310	55	2.3578	71	1.6302
1311	55	2.3578	71	1.6302
1312	55	2.3578	71	1.6302
1313	55	2.2543	71	1.6302
1314	55	2.2543	71	2.5976
1315	55	2.2543	71	2.5976
1316	55	2.2543	71	2.5976
1317	55	2.2543	71	2.5976
1318	55	2.2543	71	2.5976
1319	55	2.2687	71	2.5976
1320	55	2.2687	71	2.5976
1321	55	2.2687	71	1.5342
1322	55	2.2687	71	1.5342
1323	55	2.2687	71	1.5342
1324	55	2.2687	71	1.5342
1325	55	2.3225	71	1.5342
1326	55	2.3225	71	1.5342
1327	55	2.3225	71	1.8303
1328	55	2.3225	71	1.8303
1329	55	2.3225	71	1.8303
1330	55	2.3225	71	1.8303
1331	55	2.3225	71	1.8303
1332	54	2.4257	71	1.8303
1333	54	2.4257	71	1.1783
1334	54	2.4257	71	1.1783
1335	54	2.4257	71	1.1783
1336	54	2.4257	71	1.1783
1337	54	2.4257	71	1.1783
1338	54	2.547	71	1.1783
1339	54	2.547	71	1.1916
1340	54	2.547	71	1.1916
1341	54	2.547	71	1.1916
1342	54	2.547	71	1.1916
1343	54	2.547	71	1.1916
1344	54	2.6671	71	1.1916
1345	54	2.6671	71	1.62
1346	54	2.6671	71	1.62
1347	54	2.6671	71	1.62
1348	54	2.6671	71	1.62
1349	54	2.6671	71	1.62
1350	54	2.3142	71	1.62
1351	54	2.3142	71	1.6164
1352	54	2.3142	71	1.6164
1353	54	2.3142	71	1.6164
1354	54	2.3142	71	1.6164
1355	54	2.3142	71	1.6164
1356	54	2.3258	71	1.6164
1357	54	2.3258	71	2.4164
1358	54	2.3258	71	2.4164
1359	54	2.3258	71	2.4164
1360	54	2.3258	71	2.3901
1361	54	2.3258	70	2.3901
1362	54	2.2986	70	2.3901
1363	54	2.2986	70	1.3322
1364	54	2.2986	70	1.3322
1365	54	2.2986	70	1.3322
1366	54	2.2986	70	1.3322
1367	54	2.2986	70	1.3322
1368	54	2.9836	70	1.3322
1369	54	2.9836	70	2.3561
1370	54	2.9836	70	2.3561
1371	54	2.9836	70	2.3561
1372	54	2.9836	70	2.3561
1373	54	2.9836	70	2.3561
1374	53	2.3655	70	2.3561
1375	53	2.3655	70	1.2247
1376	53	2.3655	70	1.2247
1377	53	2.3655	70	1.2247
1378	53	2.3655	70	1.2247
1379	53	2.3655	70	1.2247
1380	53	2.3655	70	1.2247
1381	53	2.5911	70	1.1697
1382	53	2.5911	70	1.1697
1383	53	2.5911	70	1.1697
1384	53	2.5911	70	1.1697
1385	53	2.5911	70	1.1697
1386	53	2.5911	70	1.1697
1387	53	2.3167	70	1.3561
1388	53	2.3167	70	1.3561
1389	53	2.3167	70	1.3561
1390	53	2.3167	70	1.3561
1391	53	2.3167	70	1.3561
1392	53	2.3167	70	1.3561
1393	53	2.2794	70	1.3561
1394	53	2.2794	70	1.9305
1395	53	2.2794	70	1.9305
1396	53	2.2794	70	1.9305
1397	53	2.2794	70	1.9305
1398	53	2.2794	70	1.9305
1399	53	2.2915	70	1.9305
1400	53	2.2915	70	2.3883
1401	53	2.2915	70	2.3883
1402	53	2.2915	70	2.3883
1403	53	2.2915	70	2.3883
1404	53	2.2915	70	2.3883
1405	53	2.6278	70	2.3883
1406	53	2.6278	70	2.7242
1407	53	2.6278	70	2.7242
1408	53	2.6278	70	2.7242
1409	53	2.6278	70	2.7242
1410	53	2.6278	70	2.7242
1411	53	2.4223	70	2.7242
1412	53	2.4223	70	1.2145
1413	53	2.4223	70	1.2145
1414	53	2.4223	70	1.2145
1415	53	2.4223	70	1.2145
1416	53	2.4223	70	1.2145
1417	53	2.5061	70	1.2145
1418	51	2.5081	70	2.4302
1419	51	2.5081	70	2.4302
1420	51	2.5081	70	2.4302
1421	51	2.5081	70	2.4302
1422	51	2.5081	68	2.4203
1423	51	2.2973	68	2.4203
1424	51	2.2973	68	2.9667
1425	51	2.2973	68	2.9667
1426	51	2.2973	68	2.9667
1427	51	2.2973	68	2.9538
1428	51	2.3004	68	2.9538
1429	51	2.3044	68	2.9538
1430	51	2.3044	68	1.2232
1431	51	2.3044	68	1.2232
1432	51	2.3044	68	1.2232
1433	51	2.3044	68	1.2232
1434	51	2.3044	68	1.2232
1435	51	2.3044	68	1.2232
1436	51	2.3217	68	2.6657
1437	51	2.3217	68	2.6657
1438	51	2.3217	68	2.6657
1439	51	2.3217	68	2.6657
1440	51	2.3217	68	2.6657
1441	51	2.3217	68	2.6657
1442	51	2.661	68	1.1551
1443	51	2.661	68	1.1551
1444	51	2.661	68	1.1551
1445	51	2.661	68	1.1551
1446	51	2.661	68	1.1551
1447	51	2.661	68	1.1551
1448	51	2.9664	68	2.8785
1449	51	2.9664	68	2.8785
1450	51	2.9664	68	2.8785
1451	51	2.9664	68	2.8785
1452	51	2.9664	68	2.8785
1453	51	2.9664	68	2.8785
1454	51	2.3274	68	2.4642
1455	51	2.3274	68	2.4642
1456	51	2.3274	68	2.4642
1457	51	2.3274	68	2.4642
1458	51	2.3274	68	2.4642
1459	51	2.3274	68	2.4642
1460	50	2.2915	68	1.2481
1461	50	2.2915	68	1.2481
1462	50	2.2915	68	1.2481
1463	50	2.2915	68	1.2481
1464	50	2.2915	68	1.2481
1465	50	2.2915	68	1.2481
1466	50	2.5733	68	1.3252
1467	50	2.5733	68	1.3252
1468	50	2.5733	68	1.3252
1469	50	2.5733	68	1.3252
1470	50	2.5733	68	1.3252
1471	50	2.5733	68	1.3252
1472	50	2.3822	68	1.3252
1473	50	2.3822	68	2.786
1474	50	2.3822	68	2.786
1475	50	2.3822	68	2.786
1476	50	2.3822	68	2.786
1477	50	2.3822	68	2.786
1478	50	2.6364	68	2.786
1479	50	2.6364	68	1.2878
1480	50	2.6364	68	1.2878
1481	50	2.6364	68	1.2878
1482	50	2.6364	67	1.2991
1483	50	2.6364	67	1.2991
1484	50	2.6238	67	1.2991
1485	50	2.6238	67	2.4541
1486	50	2.6238	67	2.4541
1487	50	2.6238	67	2.4541
1488	50	2.6238	67	2.4541
1489	50	2.6238	67	2.4541
1490	50	2.6238	67	2.4541
1491	50	2.6398	67	2.2371
1492	50	2.6398	67	2.2371
1493	50	2.6398	67	2.2371
1494	50	2.6398	67	2.2371
1495	50	2.6398	67	2.2371
1496	50	2.6398	67	2.2371
1497	50	2.3345	67	1.5508
1498	50	2.3345	67	1.5508
1499	50	2.3345	67	1.5508
1500	50	2.3345	67	1.5508
1501	50	2.3345	67	1.5508
1502	48	2.3296	67	1.5508
1503	48	2.3004	67	2.4589
1504	48	2.3004	67	2.4589
1505	48	2.3004	67	2.4589
1506	48	2.3004	67	2.4589
1507	48	2.3004	67	2.4589
1508	48	2.3004	67	2.4589
1509	48	2.2248	67	1.3093
1510	48	2.2248	67	1.3093
1511	48	2.2248	67	1.3093
1512	48	2.2248	67	1.3093
1513	48	2.2248	67	1.3093
1514	48	2.2248	67	1.3093
1515	48	3.2601	67	1.2979
1516	48	3.2601	67	1.2979
1517	48	3.2601	67	1.2979
1518	48	3.2601	67	1.2979
1519	48	3.2601	67	1.2979
1520	48	3.2601	67	1.2979
1521	48	2.774	67	1.338
1522	48	2.774	67	1.338
1523	48	2.774	67	1.338
1524	48	2.774	67	1.338
1525	48	2.774	67	1.338
1526	48	2.774	67	1.338
1527	48	2.3078	67	2.5151
1528	48	2.3078	67	2.5151
1529	48	2.3078	67	2.5151
1530	48	2.3078	67	2.5151
1531	48	2.3078	67	2.5151
1532	48	2.3078	67	2.5151
1533	48	2.2958	67	1.4946
1534	48	2.2958	67	1.4946
1535	48	2.2958	67	1.4946
1536	48	2.2958	67	1.4946
1537	48	2.2958	67	1.4946
1538	48	2.2958	67	1.4946
1539	48	2.2958	67	1.317
1540	48	2.8433	65	1.3117
1541	48	2.8433	65	1.3117
1542	48	2.8433	65	1.3117
1543	48	2.8433	65	1.3117
1544	48	2.8433	65	1.3117
1545	48	2.8433	65	1.3117
1546	48	2.3771	65	2.6446
1547	47	2.3708	65	2.6446
1548	46	2.3708	65	2.6446
1549	46	2.3708	65	2.6446
1550	46	2.3708	65	2.6446
1551	46	2.3708	65	2.6446
1552	46	2.2931	65	2.5899
1553	46	2.2931	65	2.5899
1554	46	2.2931	65	2.5899
1555	46	2.2931	65	2.5899
1556	46	2.2931	65	2.5899
1557	46	2.2931	65	2.5899
1558	46	2.6426	65	1.3191
1559	46	2.6426	65	1.3191
1560	46	2.6426	65	1.3191
1561	46	2.6426	65	1.3191
1562	46	2.6426	65	1.3191
1563	46	2.6426	65	1.3191
1564	46	2.706	65	1.3267
1565	46	2.706	65	1.3267
1566	46	2.706	65	1.3267
1567	46	2.706	65	1.3267
1568	46	2.706	65	1.3267
1569	46	2.706	65	1.3267
1570	46	2.3445	65	2.4049
1571	46	2.3445	65	2.4049
1572	46	2.3445	65	2.4049
1573	46	2.3445	65	2.4049
1574	46	2.3445	65	2.4049
1575	46	2.3445	65	2.4049
1576	46	2.2971	65	1.5164
1577	46	2.2971	65	1.5164
1578	46	2.2971	65	1.5164
1579	46	2.2971	65	1.5164
1580	46	2.2971	65	1.5164
1581	46	2.2971	65	1.5164
1582	46	2.2611	65	1.3014
1583	46	2.2611	65	1.3014
1584	46	2.2611	65	1.3014
1585	46	2.2611	65	1.3014
1586	46	2.2611	65	1.3014
1587	46	2.2611	65	1.3014
1588	46	2.714	65	2.5321
1589	46	2.714	65	2.5321
1590	46	2.714	65	2.5321
1591	46	2.714	65	2.5321
1592	46	2.714	65	2.5321
1593	45	2.7017	65	2.5321
1594	45	2.7017	65	2.3194
1595	45	2.5925	64	2.3188
1596	45	2.5925	64	2.3188
1597	45	2.5925	64	2.3188
1598	45	2.5925	64	2.3188
1599	45	2.5925	64	2.3188
1600	45	2.5925	64	2.5238
1601	45	2.389	64	2.5238
1602	45	2.389	64	2.5238
1603	45	2.389	64	2.5238
1604	45	2.389	64	2.5238
1605	45	2.389	64	2.5238
1606	45	2.389	64	2.4944
1607	45	2.3105	64	2.4944
1608	45	2.3105	64	2.4944
1609	45	2.3105	64	2.4944
1610	45	2.3105	64	2.4944
1611	45	2.3105	64	2.4944
1612	45	2.3105	64	2.5674
1613	45	2.7603	64	2.5674
1614	45	2.7603	64	2.5674
1615	45	2.7603	64	2.5674
1616	45	2.7603	64	2.5674
1617	45	2.7603	64	2.5674
1618	45	2.7603	64	2.5674
1619	45	2.2861	64	1.5196
1620	45	2.2861	64	1.5196
1621	45	2.2861	64	1.5196
1622	45	2.2861	64	1.5196
1623	45	2.2861	64	1.5196
1624	45	2.2861	64	1.5196
1625	45	2.4009	64	1.2946
1626	45	2.4009	64	1.2946
1627	45	2.4009	64	1.2946
1628	45	2.4009	64	1.2946
1629	45	2.4009	64	1.2946
1630	45	2.4009	64	1.2946
1631	45	2.7188	64	2.4525
1632	45	2.7188	64	2.4525
1633	45	2.7188	64	2.4525
1634	45	2.7188	64	2.4525
1635	45	2.7188	64	2.4525
1636	43	2.7136	64	2.4525
1637	43	2.4288	64	1.5066
1638	43	2.4288	64	1.5066
1639	43	2.4288	64	1.5066
1640	43	2.4288	64	1.5066
1641	43	2.4288	64	1.5066
1642	43	2.4288	64	1.5066
1643	43	2.4288	64	1.261
1644	43	2.3976	64	1.261
1645	43	2.3976	64	1.261
1646	43	2.3976	64	1.261
1647	43	2.3976	64	1.261
1648	43	2.3976	64	1.261
1649	43	2.3976	64	1.3022
1650	43	2.2404	64	1.3022
1651	43	2.2404	64	1.3022
1652	43	2.2404	62	1.308
1653	43	2.2404	62	1.308
1654	43	2.2404	62	1.308
1655	43	2.2404	62	1.2843
1656	43	2.2602	62	1.2843
1657	43	2.2602	62	1.2843
1658	43	2.2602	62	1.2843
1659	43	2.2602	62	1.2843
1660	43	2.2602	62	1.2843
1661	43	2.2602	62	1.6582
1662	43	2.5445	62	1.6582
1663	43	2.5445	62	1.6582
1664	43	2.5445	62	1.6582
1665	43	2.5445	62	1.6531
1666	42	2.5445	62	1.6531
1667	42	2.5445	62	1.2461
1668	42	2.7369	62	1.2461
1669	42	2.7369	62	1.2461
1670	42	2.7369	62	1.2461
1671	42	2.7369	62	1.2461
1672	42	2.7369	62	1.2461
1673	42	2.7369	62	1.2532
1674	42	2.3681	62	1.2532
1675	42	2.3681	62	1.2532
1676	42	2.3681	62	1.2532
1677	42	2.3681	62	1.2532
1678	42	2.3681	62	1.2532
1679	42	2.3681	62	2.8974
1680	42	2.3193	62	2.8974
1681	42	2.3211	62	2.8974
1682	42	2.3211	62	2.8974
1683	42	2.3211	62	2.8974
1684	42	2.3211	62	2.8974
1685	42	2.3211	62	1.268
1686	42	2.6318	62	1.268
1687	42	2.6318	62	1.268
1688	42	2.6318	62	1.268
1689	42	2.6318	62	1.268
1690	42	2.6318	62	1.268
1691	42	2.6318	62	1.268
1692	42	2.3154	62	1.2603
1693	42	2.3154	62	1.2603
1694	42	2.3154	62	1.2603
1695	42	2.3154	62	1.2603
1696	42	2.3154	62	1.2603
1697	42	2.3154	62	1.2603
1698	42	2.3154	62	1.2467
1699	42	2.6965	62	1.2467
1700	42	2.6965	62	1.2467
1701	42	2.6965	62	1.2467
1702	42	2.6965	62	1.2467
1703	42	2.6965	62	1.2467
1704	42	2.6965	62	1.853
1705	42	2.6556	62	1.853
1706	42	2.6556	62	1.853
1707	42	2.6556	62	1.853
1708	42	2.6556	62	1.853
1709	42	2.6556	62	1.853
1710	42	2.6556	62	1.1535
1711	42	2.7891	60	1.1547
1712	42	2.7891	60	1.1547
1713	42	2.7891	60	1.1547
1714	42	2.7891	60	1.1547
1715	42	2.7891	60	1.1547
1716	42	2.7891	60	1.1878
1717	42	2.2428	60	1.1878
1718	42	2.2428	60	1.1878
1719	42	2.2428	60	1.1878
1720	42	2.2428	60	1.1878
1721	42	2.2428	60	1.1878
1722	42	2.2428	60	1.4883
1723	42	2.2893	60	1.4883
1724	42	2.2893	60	1.4883
1725	42	2.2893	60	1.4883
1726	40	2.2862	60	1.4883
1727	40	2.2862	60	1.4883
1728	40	2.2862	60	1.2132
1729	40	2.3055	60	1.2132
1730	40	2.3055	60	1.2132
1731	40	2.3055	60	1.2132
1732	40	2.3055	60	1.2132
1733	40	2.3055	60	1.2132
1734	40	2.3055	60	1.1707
1735	40	2.6736	60	1.1707
1736	40	2.6736	60	1.1707
1737	40	2.6736	60	1.1707
1738	40	2.6736	60	1.1707
1739	40	2.6736	60	1.1707
1740	40	2.6736	60	1.3212
1741	40	2.757	60	1.3212
1742	40	2.757	60	1.3212
1743	40	2.757	60	1.3212
1744	40	2.757	60	1.3212
1745	40	2.757	60	1.3212
1746	40	2.757	60	2.1961
1747	40	2.3861	60	2.1961
1748	40	2.3861	60	2.1961
1749	40	2.3861	60	2.1961
1750	40	2.3861	60	2.1961
1751	40	2.3861	60	2.1961
1752	40	2.3861	60	2.4293
1753	40	2.3861	60	2.4293
1754	40	2.2772	60	2.4293
1755	40	2.2772	60	2.4293
1756	40	2.2772	60	2.4293
1757	40	2.2772	60	2.4293
1758	40	2.2772	60	2.4293
1759	40	2.2772	60	2.6726
1760	40	2.6362	60	2.6726
1761	40	2.6362	60	2.6726
1762	40	2.6362	60	2.6726
1763	40	2.6362	60	2.6726
1764	40	2.6362	60	2.6726
1765	40	2.6362	60	3.0173
1766	40	2.2857	60	3.0173
1767	40	2.2857	60	3.0173
1768	40	2.2857	60	3.0173
1769	39	2.2814	59	2.9674
1770	39	2.2814	59	2.9674
1771	39	2.2814	59	1.1844
1772	39	2.3385	59	1.1844
1773	39	2.3385	59	1.1844
1774	39	2.3385	59	1.1844
1775	39	2.3385	59	1.1844
1776	39	2.3385	59	1.1844
1777	39	2.3385	59	1.1827
1778	39	2.3306	59	1.1827
1779	39	2.3306	59	1.1827
1780	39	2.3306	59	1.1827
1781	39	2.3306	59	1.1827
1782	39	2.3306	59	1.1827
1783	39	2.3306	59	2.5076
1784	39	3.0439	59	2.5135
1785	38	3.0242	59	2.5135
1786	38	3.0242	59	2.5135
1787	38	3.0242	59	2.5135
1788	38	3.0242	59	2.5135
1789	38	3.0242	59	2.4902
1790	38	2.3212	59	2.4902
1791	38	2.3212	59	2.4902
1792	38	2.3212	59	2.4902
1793	38	2.3212	59	2.4902
1794	38	2.3212	59	2.4902
1795	38	2.3212	59	1.1401
1796	38	2.2672	59	1.1401
1797	38	2.2672	59	1.1401
1798	38	2.2672	59	1.1401
1799	38	2.2672	59	1.1401
1800	38	2.2672	59	1.1401
1801	38	2.2672	59	1.6947
1802	38	2.2672	59	1.6947
1803	38	2.3071	59	1.6947
1804	38	2.3071	59	1.6947
1805	38	2.3071	59	1.6947
1806	38	2.3071	59	1.6947
1807	38	2.3071	59	2.5013
1808	38	2.3071	59	2.5013
1809	38	2.5445	59	2.5013
1810	38	2.5445	59	2.5013
1811	37	2.5514	59	2.5013
1812	37	2.5514	59	2.5013
1813	37	2.5514	59	1.225
1814	37	2.5514	59	1.225
1815	37	2.4414	59	1.225
1816	37	2.4414	59	1.225
1817	37	2.4414	59	1.225
1818	37	2.4414	59	1.225
1819	37	2.4414	59	1.1587
1820	37	2.4414	59	1.1587
1821	37	2.3433	59	1.1587
1822	37	2.3433	59	1.1587
1823	37	2.3433	59	1.1587
1824	37	2.3433	59	1.1587
1825	37	2.3433	59	1.1651
1826	37	2.3433	59	1.1651
1827	37	2.5108	59	1.1651
1828	37	2.5108	57	1.1746
1829	37	2.5108	57	1.1746
1830	37	2.5108	57	1.1746
1831	37	2.5108	57	1.1746
1832	37	2.5108	57	2.2048
1833	37	2.3049	57	2.2048
1834	37	2.3049	57	2.2048
1835	37	2.3049	57	2.2048
1836	37	2.3049	57	2.2048
1837	37	2.3049	57	2.2048
1838	37	2.3049	57	1.631
1839	37	2.306	57	1.631
1840	37	2.306	57	1.631
1841	37	2.306	57	1.631
1842	37	2.306	57	1.631
1843	37	2.306	57	1.631
1844	37	2.306	57	2.4618
1845	37	2.3111	57	2.4618
1846	37	2.3111	57	2.4618
1847	37	2.3111	57	2.4618
1848	37	2.3111	57	2.4618
1849	37	2.3111	57	2.4618
1850	37	2.3111	57	2.7974
1851	37	2.3111	57	2.7974
1852	37	2.407	57	2.7974
1853	37	2.407	57	2.7974
1854	37	2.407	57	2.7974
1855	35	2.4057	57	2.7974
1856	35	2.4057	57	1.2614
1857	35	2.4057	57	1.2614
1858	35	2.4124	57	1.2614
1859	35	2.4124	57	1.2614
1860	35	2.4124	57	1.2614
1861	35	2.4124	57	1.2614
1862	35	2.4124	57	2.4342
1863	35	2.4124	57	2.4342
1864	35	2.7754	57	2.4342
1865	35	2.7754	57	2.4342
1866	35	2.7754	57	2.4342
1867	35	2.7754	57	2.4342
1868	35	2.7754	57	2.4236
1869	35	2.7754	57	2.4236
1870	35	2.4981	57	2.4236
1871	35	2.4981	57	2.4236
1872	35	2.4981	57	2.4236
1873	35	2.4981	57	2.4236
1874	35	2.4981	57	1.8962
1875	35	2.4981	57	1.8962
1876	35	2.2924	57	1.8962
1877	35	2.2924	57	1.8962
1878	35	2.2924	57	1.8962
1879	35	2.2924	57	1.8962
1880	35	2.2924	57	2.4201
1881	35	2.2924	57	2.4201
1882	35	2.2388	57	2.4201
1883	35	2.2388	57	2.4201
1884	35	2.2388	57	2.4201
1885	35	2.2388	57	2.4201
1886	35	2.2388	57	1.2456
1887	35	2.2388	57	1.2456
1888	35	2.2732	56	1.242
1889	35	2.2732	56	1.242
1890	35	2.2732	56	1.242
1891	35	2.2732	56	1.242
1892	35	2.2732	56	1.1993
1893	35	2.2732	56	1.1993
1894	35	2.3008	56	1.1993
1895	35	2.3008	56	1.1993
1896	34	2.299	56	1.1993
1897	34	2.299	56	1.1993
1898	34	2.299	56	2.6057
1899	34	2.299	56	2.6057
1900	34	2.3187	56	2.6057
1901	34	2.3187	56	2.6057
1902	34	2.3187	56	2.5771
1903	34	2.3187	56	2.5771
1904	34	2.3181	56	2.5771
1905	34	2.3181	56	1.9453
1906	34	2.3181	56	1.9453
1907	34	2.7381	56	1.9453
1908	34	2.7381	56	1.9453
1909	34	2.7381	56	1.9453
1910	34	2.7381	56	1.9453
1911	34	2.7381	56	1.402
1912	34	2.7381	56	1.402
1913	34	2.425	56	1.402
1914	34	2.425	56	1.402
1915	34	2.425	56	1.402
1916	34	2.425	56	1.402
1917	34	2.425	56	1.2203
1918	34	2.425	56	1.2203
1919	34	2.3062	56	1.2203
1920	34	2.3062	56	1.2203
1921	34	2.3062	56	1.2203
1922	34	2.3062	56	1.2203
1923	34	2.3062	56	2.4169
1924	34	2.3062	56	2.4169
1925	34	2.2899	56	2.4169
1926	34	2.2899	56	2.4169
1927	34	2.2899	56	2.4169
1928	34	2.2899	56	2.4169
1929	34	2.2899	56	1.1948
1930	34	2.2899	56	1.1948
1931	34	2.3558	56	1.1948
1932	34	2.3558	56	1.1948
1933	34	2.3558	56	1.1948
1934	34	2.3558	56	1.1948
1935	34	2.3558	56	1.207
1936	34	2.3558	56	1.207
1937	34	2.295	56	1.207
1938	34	2.295	56	1.207
1939	32	2.2925	56	1.207
1940	32	2.2925	56	1.207
1941	32	2.2925	56	2.8236
1942	32	2.2925	56	2.8236
1943	32	2.347	56	2.8236
1944	32	2.347	56	2.8236
1945	32	2.347	56	2.8236
1946	32	2.347	56	2.8236
1947	32	2.347	56	1.5258
1948	32	2.347	56	1.5258
1949	32	2.6271	54	1.5354
1950	32	2.6271	54	1.5354
1951	32	2.6271	54	1.5354
1952	32	2.6271	54	1.5354
1953	32	2.6271	54	2.4112
1954	32	2.6271	54	2.4112
1955	32	2.6271	54	2.4112
1956	32	2.761	54	2.4112
1957	32	2.761	54	2.4112
1958	32	2.761	54	2.4112
1959	32	2.761	54	2.5469
1960	32	2.761	54	2.5469
1961	32	2.761	54	2.5469
1962	32	2.2919	54	2.5469
1963	32	2.2919	54	2.5469
1964	32	2.2919	54	2.5469
1965	32	2.2919	54	1.3258
1966	32	2.2919	54	1.3258
1967	32	2.2919	54	1.3258
1968	32	2.6209	54	1.3258
1969	32	2.6209	54	1.3258
1970	32	2.6209	54	1.3258
1971	32	2.6209	54	2.3786
1972	32	2.6209	54	2.3786
1973	32	2.6209	54	2.3786
1974	32	2.2762	54	2.3786
1975	32	2.2762	54	2.3786
1976	32	2.2762	54	2.3786
1977	32	2.2762	54	2.3786
1978	32	2.2762	54	1.2263
1979	32	2.2762	54	1.2263
1980	31	2.3524	54	1.2263
1981	31	2.3524	54	1.2263
1982	31	2.3524	54	1.2263
1983	31	2.3524	54	1.2263
1984	31	2.3524	54	1.4202
1985	31	2.3524	54	1.4202
1986	31	2.4732	54	1.4202
1987	31	2.4732	54	1.4202
1988	31	2.4732	54	1.4202
1989	31	2.4732	54	1.4202
1990	31	2.4732	54	1.1634
1991	31	2.4732	54	1.1634
1992	31	2.6204	54	1.1634
1993	31	2.6204	54	1.1634
1994	31	2.6204	54	1.1634
1995	31	2.6204	54	1.1634
1996	31	2.6204	54	1.1593
1997	31	2.6204	54	1.1593
1998	31	2.2495	54	1.1593
1999	31	2.2495	54	1.1593
2000	31	2.2495	54	1.1593
2001	31	2.2495	54	1.1593
2002	31	2.2495	54	2.5224
2003	31	2.2495	54	2.5224
2004	31	2.2495	54	2.5224
2005	31	2.3827	54	2.5224
2006	31	2.3827	54	2.5224
2007	31	2.3827	54	2.5224
2008	31	2.3827	54	1.6915
2009	31	2.3827	54	1.6915
2010	31	2.3827	53	1.6853
2011	31	2.3209	53	1.6853
2012	31	2.3209	53	1.6853
2013	31	2.3209	53	1.6853
2014	31	2.3209	53	1.6192
2015	31	2.3209	53	1.6192
2016	31	2.3209	53	1.6192
2017	31	2.3063	53	1.6192
2018	31	2.3063	53	1.6192
2019	31	2.3063	53	1.6192
2020	31	2.3063	53	2.4076
2021	29	2.3025	53	2.3924
2022	29	2.3025	53	2.3924
2023	29	2.275	53	2.3924
2024	29	2.275	53	2.3924
2025	29	2.275	53	2.3924
2026	29	2.275	53	1.2348
2027	29	2.275	53	1.2348
2028	29	2.275	53	1.2348
2029	29	2.7344	53	1.2348
2030	29	2.7344	53	1.2348
2031	29	2.7344	53	1.2348
2032	29	2.7344	53	2.4408
2033	29	2.7344	53	2.4408
2034	29	2.7344	53	2.4408
2035	29	2.3115	53	2.4408
2036	29	2.3115	53	2.4408
2037	29	2.3115	53	2.4408
2038	29	2.3115	53	1.2567
2039	29	2.3115	53	1.2567
2040	29	2.3115	53	1.2567
2041	29	2.2857	53	1.2567
2042	29	2.2857	53	1.2567
2043	29	2.2857	53	1.2567
2044	29	2.2857	53	1.1725
2045	29	2.2857	53	1.1725
2046	29	2.2857	53	1.1725
2047	29	2.8287	53	1.1725
2048	29	2.8287	53	1.1725
2049	29	2.8287	53	1.1725
2050	29	2.8287	53	1.1725
2051	29	2.8287	53	2.6206
2052	29	2.8287	53	2.6206
2053	29	2.2902	53	2.6206
2054	29	2.2902	53	2.6206
2055	29	2.2902	53	2.6206
2056	29	2.2902	53	2.6206
2057	29	2.2902	53	1.1973
2058	29	2.2902	53	1.1973
2059	29	2.2902	53	1.1973
2060	29	2.3508	53	1.1973
2061	28	2.3469	53	1.1973
2062	28	2.3469	53	1.1973
2063	28	2.3469	53	2.4264
2064	28	2.3469	53	2.4264
2065	28	2.3469	53	2.4264
2066	28	2.6029	53	2.4264
2067	28	2.6029	53	2.4264
2068	28	2.6029	53	2.4264
2069	28	2.6029	53	1.2429
2070	28	2.6029	53	1.2429
2071	28	2.6029	51	1.2521
2072	28	2.8179	51	1.2521
2073	28	2.8179	51	1.2521
2074	28	2.8179	51	1.2521
2075	28	2.8179	51	1.3799
2076	28	2.8179	51	1.3799
2077	28	2.8179	51	1.3799
2078	28	2.2954	51	1.3799
2079	28	2.2954	51	1.3799
2080	28	2.2954	51	1.3799
2081	28	2.2954	51	2.4682
2082	28	2.2954	51	2.4682
2083	28	2.2954	51	2.4682
2084	28	2.2383	51	2.4682
2085	28	2.2383	51	2.4682
2086	28	2.2383	51	2.4682
2087	28	2.2383	51	1.2091
2088	28	2.2383	51	1.2091
2089	28	2.2383	51	1.2091
2090	28	2.3374	51	1.2091
2091	28	2.3374	51	1.2091
2092	28	2.3374	51	1.2091
2093	28	2.3374	51	1.2864
2094	28	2.3374	51	1.2864
2095	28	2.3374	51	1.2864
2096	28	2.7501	51	1.2864
2097	28	2.7501	51	1.2864
2098	28	2.7501	51	1.2864
2099	28	2.7501	51	2.4258
2100	28	2.7501	51	2.4258
2101	28	2.7501	51	2.4258
2102	26	2.5608	51	2.4258
2103	26	2.5608	51	2.4258
2104	26	2.5608	51	2.4258
2105	26	2.5608	51	1.2335
2106	26	2.5608	51	1.2335
2107	26	2.5608	51	1.2335
2108	26	2.5608	51	1.2335
2109	26	2.7008	51	1.2335
2110	26	2.7008	51	1.2335
2111	26	2.7008	51	2.4809
2112	26	2.7008	51	2.4809
2113	26	2.7008	51	2.4809
2114	26	2.7008	51	2.4809
2115	26	2.4432	51	2.4809
2116	26	2.4432	51	2.4809
2117	26	2.4432	51	2.4809
2118	26	2.4432	51	2.7016
2119	26	2.4432	51	2.7016
2120	26	2.4432	51	2.7016
2121	26	2.2821	51	2.7016
2122	26	2.2821	51	2.7016
2123	26	2.2821	51	2.7016
2124	26	2.2821	51	1.2428
2125	26	2.2821	51	1.2428
2126	26	2.2821	51	1.2428
2127	26	2.2843	51	1.2428
2128	26	2.2843	51	1.2428
2129	26	2.2843	51	1.2428
2130	26	2.2843	51	1.2997
2131	26	2.2843	51	1.2997
2132	26	2.2843	51	1.2997
2133	26	2.3651	51	1.2997
2134	26	2.3651	51	1.2997
2135	26	2.3651	51	1.2997
2136	26	2.3651	51	1.187
2137	26	2.3651	50	1.1849
2138	26	2.3651	50	1.1849
2139	26	2.6484	50	1.1849
2140	26	2.6484	50	1.1849
2141	24	2.6462	50	1.1849
2142	24	2.6462	50	1.3837
2143	24	2.6462	50	1.3837
2144	24	2.6462	50	1.3837
2145	24	2.5409	50	1.3837
2146	24	2.5409	50	1.3837
2147	24	2.5409	50	1.3837
2148	24	2.5409	50	1.157
2149	24	2.5409	50	1.157
2150	24	2.5409	50	1.157
2151	24	2.3025	50	1.157
2152	24	2.3025	50	1.157
2153	24	2.3025	50	1.157
2154	24	2.3025	50	1.1675
2155	24	2.3025	50	1.1675
2156	24	2.3025	50	1.1675
2157	24	2.3365	50	1.1675
2158	24	2.3365	50	1.1675
2159	24	2.3365	50	1.1675
2160	24	2.3365	50	3.0317
2161	24	2.3365	50	3.0317
2162	24	2.3365	50	3.0317
2163	24	2.3365	50	3.0317
2164	24	2.3253	50	3.0317
2165	24	2.3253	50	3.0317
2166	24	2.3253	50	1.2678
2167	24	2.3253	50	1.2678
2168	24	2.3253	50	1.2678
2169	24	2.3253	50	1.2678
2170	24	2.2384	50	1.2678
2171	24	2.2384	50	1.2678
2172	24	2.2384	50	1.2689
2173	24	2.2384	50	1.2689
2174	24	2.2384	50	1.2689
2175	24	2.2384	50	1.2689
2176	24	2.5398	50	1.2689
2177	24	2.5398	50	1.2689
2178	24	2.5398	50	2.4306
2179	24	2.5398	50	2.4306
2180	24	2.5398	50	2.4306
2181	24	2.5398	50	2.4306
2182	24	2.6746	50	2.4306
2183	24	2.6746	50	2.4306
2184	23	2.6702	50	2.4306
2185	23	2.6702	50	1.4666
2186	23	2.6702	50	1.4666
2187	23	2.6702	50	1.4666
2188	23	2.7197	50	1.4666
2189	23	2.7197	50	1.4666
2190	23	2.7197	50	1.4666
2191	23	2.7197	50	2.6404
2192	23	2.7197	50	2.6404
2193	23	2.7197	50	2.6404
2194	23	2.3248	50	2.6404
2195	23	2.3248	50	2.6404
2196	23	2.3248	50	2.6404
2197	23	2.3248	50	1.1605
2198	23	2.3248	50	1.1605
2199	23	2.3248	48	1.1581
2200	23	2.2236	48	1.1581
2201	23	2.2236	48	1.1581
2202	23	2.2236	48	1.1581
2203	23	2.2236	48	1.2281
2204	23	2.2236	48	1.2281
2205	23	2.2236	48	1.2281
2206	23	2.3287	48	1.2281
2207	23	2.3287	48	1.2281
2208	23	2.3287	48	1.2281
2209	23	2.3287	48	2.6574
2210	23	2.3287	48	2.6574
2211	23	2.3287	48	2.6574
2212	23	2.896	48	2.6574
2213	23	2.896	48	2.6574
2214	23	2.896	48	2.6574
2215	23	2.896	48	1.5393
2216	23	2.896	48	1.5393
2217	23	2.896	48	1.5393
2218	23	2.896	48	1.5393
2219	23	2.6335	48	1.5393
2220	23	2.6335	48	1.5393
2221	23	2.6335	48	1.1685
2222	23	2.6335	48	1.1685
2223	23	2.6335	48	1.1685
2224	21	2.6306	48	1.1685
2225	21	2.3289	48	1.1685
2226	21	2.3289	48	1.1685
2227	21	2.3289	48	2.7378
2228	21	2.3289	48	2.7378
2229	21	2.3289	48	2.7378
2230	21	2.3289	48	2.7378
2231	21	2.2856	48	2.7378
2232	21	2.2856	48	2.7378
2233	21	2.2856	48	1.2084
2234	21	2.2856	48	1.2084
2235	21	2.2856	48	1.2084
2236	21	2.2856	48	1.2084
2237	21	2.3139	48	1.2084
2238	21	2.3139	48	1.2084
2239	21	2.3139	48	1.2286
2240	21	2.3139	48	1.2286
2241	21	2.3139	48	1.2286
2242	21	2.3139	48	1.2286
2243	21	2.3789	48	1.2286
2244	21	2.3789	48	1.2286
2245	21	2.3789	48	1.2286
2246	21	2.3789	48	1.2286
2247	21	2.3789	48	1.2286
2248	21	2.3789	48	1.2286
2249	21	2.4467	48	1.2286
2250	21	2.4467	48	1.2286
2251	21	2.4467	48	2.6875
2252	21	2.4467	48	2.6875
2253	21	2.4467	48	2.6875
2254	21	2.4467	48	2.6875
2255	21	2.5662	48	2.6875
2256	21	2.5662	48	2.6875
2257	21	2.5662	48	2.6875
2258	21	2.5662	48	1.3958
2259	21	2.5662	47	1.3907
2260	21	2.5662	47	1.3907
2261	20	2.2942	46	1.3907
2262	20	2.2942	46	1.3907
2263	20	2.2942	46	1.3907
2264	20	2.2942	46	1.178
2265	20	2.2942	46	1.178
2266	20	2.2942	46	1.178
2267	20	2.2986	46	1.178
2268	20	2.511	46	1.178
2269	20	2.511	46	1.178
2270	20	2.511	46	3.0355
2271	20	2.511	46	3.0355
2272	20	2.511	46	3.0355
2273	20	2.511	46	3.0355
2274	20	2.2391	46	3.0355
2275	20	2.2391	46	3.0355
2276	20	2.2391	46	1.2771
2277	20	2.2391	46	1.2771
2278	20	2.2391	46	1.2771
2279	20	2.2391	46	1.2771
2280	20	2.4143	46	1.2771
2281	20	2.4143	46	1.2771
2282	20	2.4143	46	1.1757
2283	20	2.4143	46	1.1757
2284	20	2.4143	46	1.1757
2285	20	2.4143	46	1.1757
2286	20	2.4832	46	1.1757
2287	20	2.4832	46	1.1757
2288	20	2.4832	46	1.1982
2289	20	2.4832	46	1.1982
2290	20	2.4832	46	1.1982
2291	20	2.4832	46	1.1982
2292	20	2.4954	46	1.1982
2293	20	2.4954	46	1.1982
2294	20	2.4954	46	2.7859
2295	20	2.4954	46	2.7859
2296	20	2.4954	46	2.7859
2297	20	2.4954	46	2.7859
2298	20	2.2914	46	2.7859
2299	20	2.2914	46	2.7859
2300	20	2.2914	46	1.1711
2301	20	2.2914	46	1.1711
2302	20	2.2914	46	1.1711
2303	20	2.2914	46	1.1711
2304	20	2.2753	46	1.1711
2305	20	2.2753	46	1.1711
2306	20	2.2753	46	2.3969
2307	20	2.2753	46	2.3969
2308	20	2.2753	46	2.3969
2309	20	2.2753	46	2.3969
2310	20	2.3336	46	2.3969
2311	18	2.3279	46	2.3969
2312	18	2.3279	46	1.3129
2313	18	2.3279	46	1.3129
2314	18	2.3279	46	1.3129
2315	18	2.3279	46	1.3129
2316	18	2.3295	46	1.3129
2317	18	2.3295	46	1.3129
2318	18	2.3295	46	2.5243
2319	18	2.3295	46	2.5243
2320	18	2.3295	46	2.5243
2321	18	2.3295	46	2.5243
2322	18	2.3295	46	2.5243
2323	18	3.0977	46	2.5243
2324	18	3.0977	46	1.159
2325	18	3.0977	46	1.159
2326	18	3.0977	45	1.1584
2327	18	3.0977	45	1.1584
2328	18	3.0977	45	1.1584
2329	18	2.3229	45	1.1584
2330	18	2.3229	45	1.1584
2331	18	2.3229	45	1.493
2332	18	2.3229	45	1.493
2333	18	2.3229	45	1.493
2334	18	2.3229	45	1.493
2335	18	2.4	45	1.493
2336	18	2.4	45	1.493
2337	18	2.4	45	2.9745
2338	18	2.4	45	2.9745
2339	18	2.4	45	2.9745
2340	18	2.4	45	2.9745
2341	18	2.6424	45	2.9745
2342	18	2.6424	45	2.9745
2343	18	2.6424	45	1.1826
2344	18	2.6424	45	1.1826
2345	18	2.6424	45	1.1826
2346	18	2.6424	45	1.1826
2347	18	2.2952	45	1.1826
2348	18	2.2952	45	1.1826
2349	18	2.2952	45	1.2263
2350	18	2.2952	45	1.2263
2351	18	2.2952	45	1.2263
2352	18	2.2952	45	1.2263
2353	18	2.3196	45	1.2263
2354	18	2.3196	45	1.2263
2355	17	2.3145	45	1.254
2356	17	2.3145	45	1.254
2357	17	2.3145	45	1.254
2358	17	2.3145	45	1.254
2359	17	2.6731	45	1.254
2360	17	2.6731	45	1.254
2361	17	2.6731	45	1.3427
2362	17	2.6731	45	1.3427
2363	17	2.6731	45	1.3427
2364	17	2.6731	45	1.3427
2365	17	2.4052	45	1.3427
2366	17	2.4052	45	1.3427
2367	17	2.4052	45	2.398
2368	17	2.4052	45	2.398
2369	17	2.4052	45	2.398
2370	17	2.4052	45	2.398
2371	17	2.2436	45	2.398
2372	17	2.2436	45	2.398
2373	17	2.2436	45	1.546
2374	17	2.2436	45	1.546
2375	17	2.2436	45	1.546
2376	17	2.2436	45	1.546
2377	17	2.2436	45	1.546
2378	17	2.2591	44	1.5391
2379	17	2.2591	44	1.5035
2380	16	2.2566	44	1.5035
2381	16	2.2566	44	1.5035
2382	16	2.2566	44	1.5035
2383	16	2.2566	44	1.5035
2384	16	2.3611	44	1.5035
2385	16	2.3611	44	2.3923
2386	16	2.3611	44	2.3923
2387	16	2.3611	44	2.3923
2388	16	2.3611	43	2.3751
2389	16	2.3611	43	2.3751
2390	16	2.8017	43	2.3751
2391	16	2.8017	43	1.2086
2392	16	2.8017	43	1.2086
2393	16	2.8017	43	1.2086
2394	16	2.8017	43	1.2086
2395	16	2.8017	43	1.2086
2396	16	2.4496	43	1.2086
2397	16	2.4496	43	2.4389
2398	0	0	43	2.4389
2399	0	0	43	2.4389
2400	0	0	43	2.4389
2401	0	0	43	2.4389
2402	0	0	43	2.4389
2403	0	0	43	2.4389
2404	0	0	43	1.6276
2405	0	0	43	1.6276
2406	0	0	43	1.6276
2407	0	0	43	1.6276
2408	0	0	43	1.6276
2409	0	0	43	1.6276
2410	0	0	43	1.3754
2411	0	0	43	1.3754
2412	0	0	43	1.3754
2413	0	0	43	1.3754
2414	0	0	43	1.3754
2415	0	0	43	1.3754
2416	0	0	43	1.1859
2417	0	0	43	1.1859
2418	0	0	43	1.1859
2419	0	0	43	1.1859
2420	0	0	43	1.1859
2421	0	0	43	1.1859
2422	0	0	43	1.4449
2423	0	0	43	1.4449
2424	0	0	43	1.4449
2425	0	0	43	1.4449
2426	0	0	43	1.4449
2427	0	0	43	1.4449
2428	0	0	43	1.1665
2429	0	0	43	1.1665
2430	0	0	43	1.1665
2431	0	0	43	1.1665
2432	0	0	43	1.1665
2433	0	0	43	1.1665
2434	0	0	43	1.9914
2435	0	0	43	1.9914
2436	0	0	43	1.9914
2437	0	0	43	1.9914
2438	0	0	43	1.9914
2439	0	0	43	1.9914
2440	0	0	43	1.1847
2441	0	0	43	1.1847
2442	0	0	43	1.1847
2443	0	0	43	1.1847
2444	0	0	43	1.1847
2445	0	0	43	1.1847
2446	0	0	43	1.3897
2447	0	0	43	1.3897
2448	0	0	43	1.3897
2449	0	0	43	1.3897
2450	0	0	43	1.3897
2451	0	0	42	1.3982
2452	0	0	42	2.3898
2453	0	0	42	2.3898
2454	0	0	42	2.3898
2455	0	0	42	2.3898
2456	0	0	42	2.3898
2457	0	0	42	2.3898
2458	0	0	42	2.4299
2459	0	0	42	2.4299
2460	0	0	42	2.4299
2461	0	0	42	2.4299
2462	0	0	42	2.4299
2463	0	0	42	2.4299
2464	0	0	42	1.2441
2465	0	0	42	1.2441
2466	0	0	42	1.2441
2467	0	0	42	1.2441
2468	0	0	42	1.2441
2469	0	0	42	1.2441
2470	0	0	42	2.4344
2471	0	0	42	2.4344
2472	0	0	42	2.4344
2473	0	0	42	2.4344
2474	0	0	42	2.4344
2475	0	0	42	2.4344
2476	0	0	42	2.4344
2477	0	0	42	2.604
2478	0	0	42	2.604
2479	0	0	42	2.604
2480	0	0	42	2.604
2481	0	0	42	2.604
2482	0	0	42	2.604
2483	0	0	42	1.1966
2484	0	0	42	1.1966
2485	0	0	42	1.1966
2486	0	0	42	1.1966
2487	0	0	42	1.1966
2488	0	0	42	1.1966
2489	0	0	42	2.0552
2490	0	0	42	2.0552
2491	0	0	42	2.0552
2492	0	0	42	2.0552
2493	0	0	42	2.0552
2494	0	0	42	2.0552
2495	0	0	42	1.1766
2496	0	0	42	1.1766
2497	0	0	41	1.1769
2498	0	0	41	1.1769
2499	0	0	41	1.1769
2500	0	0	41	1.1769
2501	0	0	41	1.6943
2502	0	0	41	1.6943
2503	0	0	41	1.6943
2504	0	0	41	1.6943
2505	0	0	41	1.6943
2506	0	0	41	1.6943
2507	0	0	41	2.6929
2508	0	0	41	2.6929
2509	0	0	41	2.6929
2510	0	0	41	2.6929
2511	0	0	41	2.6929
2512	0	0	41	2.6929
2513	0	0	41	1.1918
2514	0	0	41	1.1918
2515	0	0	40	1.1911
2516	0	0	40	1.1911
2517	0	0	40	1.1911
2518	0	0	40	1.1911
2519	0	0	40	2.3937
2520	0	0	40	2.3937
2521	0	0	40	2.3937
2522	0	0	40	2.3937
2523	0	0	40	2.3937
2524	0	0	40	2.3937
2525	0	0	40	2.3805
2526	0	0	40	2.3805
2527	0	0	40	2.3805
2528	0	0	40	2.3805
2529	0	0	40	2.3805
2530	0	0	40	2.3805
2531	0	0	40	1.4334
2532	0	0	40	1.4334
2533	0	0	40	1.4334
2534	0	0	40	1.4334
2535	0	0	40	1.4334
2536	0	0	40	1.4334
2537	0	0	40	2.5237
2538	0	0	40	2.5237
2539	0	0	40	2.5237
2540	0	0	40	2.5237
2541	0	0	40	2.5237
2542	0	0	40	2.5237
2543	0	0	40	2.7825
2544	0	0	40	2.7825
2545	0	0	40	2.7825
2546	0	0	40	2.7825
2547	0	0	40	2.7825
2548	0	0	40	2.7825
2549	0	0	40	2.7825
2550	0	0	40	2.6818
2551	0	0	40	2.6818
2552	0	0	40	2.6818
2553	0	0	40	2.6818
2554	0	0	40	2.6818
2555	0	0	40	2.6818
2556	0	0	40	1.2547
2557	0	0	40	1.2547
2558	0	0	40	1.2547
2559	0	0	40	1.2547
2560	0	0	40	1.2547
2561	0	0	40	1.2547
2562	0	0	40	2.3754
2563	0	0	40	2.3754
2564	0	0	40	2.3754
2565	0	0	40	2.3754
2566	0	0	40	2.3754
2567	0	0	40	2.3754
2568	0	0	40	1.6395
2569	0	0	40	1.6395
2570	0	0	40	1.6395
2571	0	0	40	1.6395
2572	0	0	40	1.6395
2573	0	0	40	1.6395
2574	0	0	40	2.5546
2575	0	0	39	2.5226
2576	0	0	39	2.5226
2577	0	0	39	2.5226
2578	0	0	39	2.5226
2579	0	0	39	2.5226
2580	0	0	39	1.2124
2581	0	0	39	1.2124
2582	0	0	39	1.2124
2583	0	0	39	1.2124
2584	0	0	39	1.2124
2585	0	0	39	1.2124
2586	0	0	39	1.2113
2587	0	0	39	1.2113
2588	0	0	39	1.2113
2589	0	0	39	1.2113
2590	0	0	39	1.2113
2591	0	0	39	1.2113
2592	0	0	39	2.3931
2593	0	0	39	2.3931
2594	0	0	39	2.3931
2595	0	0	39	2.3931
2596	0	0	39	2.3931
2597	0	0	39	2.3931
2598	0	0	39	1.4307
2599	0	0	39	1.4307
2600	0	0	39	1.4307
2601	0	0	39	1.4307
2602	0	0	39	1.4307
2603	0	0	39	1.4307
2604	0	0	39	1.6065
2605	0	0	39	1.6065
2606	0	0	39	1.6065
2607	0	0	39	1.6065
2608	0	0	39	1.6065
2609	0	0	39	1.6065
2610	0	0	39	2.5147
2611	0	0	39	2.5147
2612	0	0	39	2.5147
2613	0	0	39	2.5147
2614	0	0	39	2.5147
2615	0	0	38	2.512
2616	0	0	38	2.512
2617	0	0	38	1.289
2618	0	0	38	1.289
2619	0	0	38	1.289
2620	0	0	38	1.289
2621	0	0	38	1.289
2622	0	0	38	1.289
2623	0	0	38	2.4431
2624	0	0	38	2.4431
2625	0	0	38	2.4431
2626	0	0	38	2.4431
2627	0	0	38	2.4431
2628	0	0	38	2.4431
2629	0	0	38	1.18
2630	0	0	38	1.18
2631	0	0	38	1.18
2632	0	0	38	1.18
2633	0	0	38	1.18
2634	0	0	38	1.18
2635	0	0	38	1.9245
2636	0	0	38	1.9245
2637	0	0	37	1.9329
2638	0	0	37	1.9329
2639	0	0	37	1.9329
2640	0	0	37	1.9329
2641	0	0	37	2.7243
2642	0	0	37	2.7243
2643	0	0	37	2.7243
2644	0	0	37	2.7243
2645	0	0	37	2.7243
2646	0	0	37	2.7243
2647	0	0	37	1.184
2648	0	0	37	1.184
2649	0	0	37	1.184
2650	0	0	37	1.184
2651	0	0	37	1.184
2652	0	0	37	1.184
2653	0	0	37	2.4037
2654	0	0	37	2.4037
2655	0	0	37	2.4037
2656	0	0	37	2.4037
2657	0	0	37	2.4037
2658	0	0	37	2.4037
2659	0	0	37	2.541
2660	0	0	37	2.541
2661	0	0	37	2.541
2662	0	0	37	2.541
2663	0	0	37	2.541
2664	0	0	37	2.541
2665	0	0	37	1.2572
2666	0	0	37	1.2572
2667	0	0	37	1.2572
2668	0	0	37	1.2572
2669	0	0	37	1.2572
2670	0	0	37	1.2572
2671	0	0	37	2.5274
2672	0	0	37	2.5274
2673	0	0	37	2.5274
2674	0	0	37	2.5274
2675	0	0	37	2.5274
2676	0	0	37	2.5274
2677	0	0	37	2.4667
2678	0	0	37	2.4667
2679	0	0	37	2.4667
2680	0	0	37	2.4667
2681	0	0	37	2.4667
2682	0	0	37	2.4667
2683	0	0	37	2.5387
2684	0	0	37	2.5387
2685	0	0	37	2.5387
2686	0	0	37	2.5387
2687	0	0	37	2.5387
2688	0	0	37	2.5387
2689	0	0	37	2.5387
2690	0	0	37	1.5079
2691	0	0	37	1.5079
2692	0	0	37	1.5079
2693	0	0	37	1.5079
2694	0	0	37	1.5079
2695	0	0	37	1.5079
2696	0	0	37	2.419
2697	0	0	37	2.419
2698	0	0	37	2.419
2699	0	0	35	2.4054
2700	0	0	35	2.4054
2701	0	0	35	2.4054
2702	0	0	35	2.8358
2703	0	0	35	2.8358
2704	0	0	35	2.8358
2705	0	0	35	2.8358
2706	0	0	35	2.8358
2707	0	0	35	2.8358
2708	0	0	35	1.4092
2709	0	0	35	1.4092
2710	0	0	35	1.4092
2711	0	0	35	1.4092
2712	0	0	35	1.4092
2713	0	0	35	1.4092
2714	0	0	35	1.219
2715	0	0	35	1.219
2716	0	0	35	1.219
2717	0	0	35	1.219
2718	0	0	35	1.219
2719	0	0	35	1.219
2720	0	0	35	1.1626
2721	0	0	35	1.1626
2722	0	0	35	1.1626
2723	0	0	35	1.1626
2724	0	0	35	1.1626
2725	0	0	35	1.1626
2726	0	0	35	2.4618
2727	0	0	35	2.4618
2728	0	0	35	2.4618
2729	0	0	35	2.4618
2730	0	0	35	2.4618
2731	0	0	35	2.4618
2732	0	0	35	1.6167
2733	0	0	35	1.6167
2734	0	0	35	1.6259
2735	0	0	35	1.6259
2736	0	0	35	1.6259
2737	0	0	35	1.6259
2738	0	0	35	1.1999
2739	0	0	35	1.1999
2740	0	0	35	1.1999
2741	0	0	35	1.1999
2742	0	0	35	1.1999
2743	0	0	35	1.1999
2744	0	0	35	1.2033
2745	0	0	35	1.2033
2746	0	0	35	1.2033
2747	0	0	35	1.2033
2748	0	0	35	1.2033
2749	0	0	35	1.2033
2750	0	0	35	2.5966
2751	0	0	35	2.5966
2752	0	0	35	2.5966
2753	0	0	35	2.5966
2754	0	0	35	2.5966
2755	0	0	35	2.5966
2756	0	0	35	1.226
2757	0	0	35	1.226
2758	0	0	34	1.2293
2759	0	0	34	1.2293
2760	0	0	34	1.2293
2761	0	0	34	1.2293
2762	0	0	34	1.2293
2763	0	0	34	1.4505
2764	0	0	34	1.4505
2765	0	0	34	1.4505
2766	0	0	34	1.4505
2767	0	0	34	1.4505
2768	0	0	34	1.4505
2769	0	0	34	1.479
2770	0	0	34	1.479
2771	0	0	34	1.479
2772	0	0	34	1.479
2773	0	0	34	1.479
2774	0	0	34	1.479
2775	0	0	34	1.1815
2776	0	0	34	1.1815
2777	0	0	34	1.1815
2778	0	0	34	1.1815
2779	0	0	34	1.1815
2780	0	0	34	1.1815
2781	0	0	34	1.2389
2782	0	0	34	1.2389
2783	0	0	34	1.2389
2784	0	0	34	1.2389
2785	0	0	34	1.2389
2786	0	0	34	1.2389
2787	0	0	34	2.6554
2788	0	0	34	2.6554
2789	0	0	34	2.6554
2790	0	0	34	2.6554
2791	0	0	34	2.6554
2792	0	0	34	2.6554
2793	0	0	34	1.3624
2794	0	0	34	1.3624
2795	0	0	34	1.3624
2796	0	0	34	1.3624
2797	0	0	34	1.3624
2798	0	0	34	1.3624
2799	0	0	34	1.2253
2800	0	0	34	1.2253
2801	0	0	34	1.2253
2802	0	0	34	1.2253
2803	0	0	34	1.2253
2804	0	0	34	1.2253
2805	0	0	34	2.7498
2806	0	0	34	2.7498
2807	0	0	34	2.7498
2808	0	0	34	2.7498
2809	0	0	34	2.7498
2810	0	0	34	2.7498
2811	0	0	34	1.4864
2812	0	0	34	1.4864
2813	0	0	34	1.4864
2814	0	0	34	1.4864
2815	0	0	34	1.4864
2816	0	0	32	1.4812
2817	0	0	32	2.4114
2818	0	0	32	2.4114
2819	0	0	32	2.4114
2820	0	0	32	2.4114
2821	0	0	32	2.4114
2822	0	0	32	2.4114
2823	0	0	32	1.1734
2824	0	0	32	1.1734
2825	0	0	32	1.1734
2826	0	0	32	1.1734
2827	0	0	32	1.1734
2828	0	0	32	1.1734
2829	0	0	32	2.9823
2830	0	0	32	2.9823
2831	0	0	32	2.9823
2832	0	0	32	2.9823
2833	0	0	32	2.9823
2834	0	0	32	2.9823
2835	0	0	32	2.9823
2836	0	0	32	1.4733
2837	0	0	32	1.4733
2838	0	0	32	1.4733
2839	0	0	32	1.4733
2840	0	0	32	1.4733
2841	0	0	32	1.4733
2842	0	0	32	1.1615
2843	0	0	32	1.1615
2844	0	0	32	1.1615
2845	0	0	32	1.1615
2846	0	0	32	1.1615
2847	0	0	32	1.1615
2848	0	0	32	1.17
2849	0	0	32	1.17
2850	0	0	32	1.17
2851	0	0	32	1.17
2852	0	0	32	1.17
2853	0	0	31	1.1719
2854	0	0	31	1.3212
2855	0	0	31	1.3212
2856	0	0	31	1.3212
2857	0	0	31	1.3212
2858	0	0	31	1.3212
2859	0	0	31	1.3212
2860	0	0	31	1.6585
2861	0	0	31	1.6585
2862	0	0	31	1.6585
2863	0	0	31	1.6585
2864	0	0	31	1.6585
2865	0	0	31	1.6585
2866	0	0	31	2.3932
2867	0	0	31	2.3932
2868	0	0	31	2.3932
2869	0	0	31	2.3932
2870	0	0	31	2.3932
2871	0	0	31	2.3932
2872	0	0	31	1.3979
2873	0	0	31	1.3979
2874	0	0	31	1.3945
2875	0	0	31	1.3945
2876	0	0	31	1.3945
2877	0	0	31	1.3945
2878	0	0	31	2.5953
2879	0	0	31	2.5953
2880	0	0	31	2.5953
2881	0	0	31	2.5953
2882	0	0	31	2.5953
2883	0	0	31	2.5953
2884	0	0	31	1.1628
2885	0	0	31	1.1628
2886	0	0	31	1.1628
2887	0	0	31	1.1628
2888	0	0	31	1.1628
2889	0	0	31	1.1628
2890	0	0	31	1.7009
2891	0	0	31	1.7009
2892	0	0	31	1.7009
2893	0	0	31	1.7009
2894	0	0	31	1.7009
2895	0	0	31	1.7009
2896	0	0	31	2.4446
2897	0	0	31	2.4446
2898	0	0	31	2.4446
2899	0	0	31	2.4446
2900	0	0	31	2.4446
2901	0	0	31	2.4446
2902	0	0	31	1.224
2903	0	0	31	1.224
2904	0	0	31	1.224
2905	0	0	31	1.224
2906	0	0	31	1.224
2907	0	0	31	1.224
2908	0	0	31	1.224
2909	0	0	31	2.657
2910	0	0	31	2.657
2911	0	0	31	2.657
2912	0	0	31	2.657
2913	0	0	31	2.657
2914	0	0	31	2.657
2915	0	0	31	1.4387
2916	0	0	31	1.4387
2917	0	0	31	1.4387
2918	0	0	31	1.4387
2919	0	0	31	1.4387
2920	0	0	31	1.4387
2921	0	0	31	2.8592
2922	0	0	31	2.8592
2923	0	0	31	2.8592
2924	0	0	31	2.8592
2925	0	0	31	2.8592
2926	0	0	31	2.8592
2927	0	0	31	2.5148
2928	0	0	31	2.5148
2929	0	0	31	2.5148
2930	0	0	31	2.5148
2931	0	0	31	2.5148
2932	0	0	29	2.4884
2933	0	0	29	1.3608
2934	0	0	29	1.3608
2935	0	0	29	1.3608
2936	0	0	29	1.3608
2937	0	0	29	1.3608
2938	0	0	29	1.3608
2939	0	0	29	1.2033
2940	0	0	29	1.2033
2941	0	0	29	1.2033
2942	0	0	29	1.2033
2943	0	0	29	1.2033
2944	0	0	29	1.2033
2945	0	0	29	1.1534
2946	0	0	29	1.1534
2947	0	0	29	1.1534
2948	0	0	29	1.1534
2949	0	0	29	1.1534
2950	0	0	29	1.1534
2951	0	0	29	2.4043
2952	0	0	29	2.4043
2953	0	0	29	2.4043
2954	0	0	29	2.4043
2955	0	0	29	2.4043
2956	0	0	29	2.4043
2957	0	0	29	1.6253
2958	0	0	29	1.6253
2959	0	0	29	1.6253
2960	0	0	29	1.6253
2961	0	0	29	1.6253
2962	0	0	29	1.6253
2963	0	0	29	1.205
2964	0	0	29	1.205
2965	0	0	29	1.205
2966	0	0	29	1.205
2967	0	0	29	1.205
2968	0	0	29	1.205
2969	0	0	29	2.3858
2970	0	0	29	2.3858
2971	0	0	29	2.3858
2972	0	0	28	2.3858
2973	0	0	28	2.3858
2974	0	0	28	2.3858
2975	0	0	28	1.3311
2976	0	0	28	1.3311
2977	0	0	28	1.3311
2978	0	0	28	1.3311
2979	0	0	28	1.3311
2980	0	0	28	1.3311
2981	0	0	28	2.387
2982	0	0	28	2.387
2983	0	0	28	2.387
2984	0	0	28	2.387
2985	0	0	28	2.387
2986	0	0	28	2.3863
2987	0	0	28	2.3863
2988	0	0	28	1.3834
2989	0	0	28	1.3834
2990	0	0	28	1.3834
2991	0	0	28	1.3834
2992	0	0	28	1.3834
2993	0	0	28	1.3834
2994	0	0	28	1.2455
2995	0	0	28	1.2455
2996	0	0	28	1.2455
2997	0	0	28	1.2455
2998	0	0	28	1.2455
2999	0	0	28	1.2455
3000	0	0	28	2.3745
3001	0	0	28	2.3745
3002	0	0	28	2.3745
3003	0	0	28	2.3745
3004	0	0	28	2.3745
3005	0	0	28	2.3745
3006	0	0	28	1.1934
3007	0	0	28	1.1934
3008	0	0	28	1.1934
3009	0	0	28	1.1934
3010	0	0	28	1.1934
3011	0	0	28	1.1934
3012	0	0	28	1.1828
3013	0	0	28	1.1828
3014	0	0	28	1.1828
3015	0	0	28	1.1828
3016	0	0	28	1.1828
3017	0	0	28	1.1828
3018	0	0	28	1.9549
3019	0	0	28	1.9549
3020	0	0	28	1.9549
3021	0	0	28	1.9549
3022	0	0	28	1.9549
3023	0	0	28	1.9549
3024	0	0	28	1.1559
3025	0	0	28	1.1559
3026	0	0	28	1.1559
3027	0	0	28	1.1559
3028	0	0	28	1.1559
3029	0	0	28	1.1559
3030	0	0	28	2.4098
3031	0	0	28	2.4098
3032	0	0	28	2.4098
3033	0	0	28	2.4098
3034	0	0	28	2.4098
3035	0	0	28	2.4098
3036	0	0	28	1.2747
3037	0	0	28	1.2747
3038	0	0	28	1.2747
3039	0	0	28	1.2747
3040	0	0	28	1.2747
3041	0	0	28	1.2747
3042	0	0	26	1.1659
3043	0	0	26	1.1659
3044	0	0	26	1.1659
3045	0	0	26	1.1659
3046	0	0	26	1.1659
3047	0	0	26	1.1659
3048	0	0	26	1.1546
3049	0	0	26	1.1546
3050	0	0	26	1.1546
3051	0	0	26	1.1546
3052	0	0	26	1.1546
3053	0	0	26	1.1546
3054	0	0	26	1.2021
3055	0	0	26	1.2021
3056	0	0	26	1.2021
3057	0	0	26	1.2021
3058	0	0	26	1.2021
3059	0	0	26	1.2021
3060	0	0	26	1.2021
3061	0	0	26	1.4195
3062	0	0	26	1.4195
3063	0	0	26	1.4195
3064	0	0	26	1.4195
3065	0	0	26	1.4195
3066	0	0	26	1.4195
3067	0	0	26	1.1665
3068	0	0	26	1.1665
3069	0	0	26	1.1665
3070	0	0	26	1.1665
3071	0	0	26	1.1665
3072	0	0	26	1.1665
3073	0	0	26	1.1761
3074	0	0	26	1.1761
3075	0	0	26	1.1761
3076	0	0	26	1.1761
3077	0	0	26	1.1761
3078	0	0	26	1.1761
3079	0	0	26	1.8658
3080	0	0	26	1.8658
3081	0	0	26	1.8658
3082	0	0	26	1.8658
3083	0	0	26	1.8658
3084	0	0	26	1.8658
3085	0	0	26	1.1546
3086	0	0	26	1.1546
3087	0	0	26	1.1546
3088	0	0	26	1.1546
3089	0	0	26	1.1546
3090	0	0	26	1.1546
3091	0	0	25	1.1659
3092	0	0	25	1.1659
3093	0	0	25	1.1659
3094	0	0	25	1.1659
3095	0	0	25	1.1659
3096	0	0	25	1.1659
3097	0	0	25	1.3421
3098	0	0	25	1.3421
3099	0	0	24	1.3392
3100	0	0	24	1.3392
3101	0	0	24	1.3392
3102	0	0	24	1.3392
3103	0	0	24	1.2513
3104	0	0	24	1.2513
3105	0	0	24	1.2513
3106	0	0	24	1.2513
3107	0	0	24	1.2513
3108	0	0	24	1.2513
3109	0	0	24	2.3707
3110	0	0	24	2.3707
3111	0	0	24	2.3707
3112	0	0	24	2.3707
3113	0	0	24	2.3707
3114	0	0	24	2.3707
3115	0	0	24	1.1927
3116	0	0	24	1.1927
3117	0	0	24	1.1927
3118	0	0	24	1.1927
3119	0	0	24	1.1927
3120	0	0	24	1.1927
3121	0	0	24	1.3037
3122	0	0	24	1.3037
3123	0	0	24	1.3037
3124	0	0	24	1.3037
3125	0	0	24	1.3037
3126	0	0	24	1.3037
3127	0	0	24	1.1651
3128	0	0	24	1.1651
3129	0	0	24	1.1651
3130	0	0	24	1.1651
3131	0	0	24	1.1651
3132	0	0	24	1.1651
3133	0	0	24	1.1651
3134	0	0	24	1.5072
3135	0	0	24	1.5072
3136	0	0	24	1.5072
3137	0	0	24	1.5072
3138	0	0	24	1.5072
3139	0	0	24	1.5072
3140	0	0	24	2.4835
3141	0	0	24	2.4835
3142	0	0	24	2.4835
3143	0	0	24	2.4835
3144	0	0	24	2.4835
3145	0	0	24	2.4835
3146	0	0	24	2.5021
3147	0	0	24	2.5021
3148	0	0	24	2.5021
3149	0	0	24	2.5021
3150	0	0	24	2.5021
3151	0	0	24	2.5021
3152	0	0	24	1.1673
3153	0	0	24	1.1673
3154	0	0	24	1.1673
3155	0	0	24	1.1673
3156	0	0	23	1.168
3157	0	0	23	1.168
3158	0	0	23	1.5204
3159	0	0	23	1.5204
3160	0	0	23	1.5204
3161	0	0	23	1.5204
3162	0	0	23	1.5204
3163	0	0	23	1.5204
3164	0	0	23	2.5288
3165	0	0	23	2.5288
3166	0	0	23	2.5288
3167	0	0	23	2.5288
3168	0	0	23	2.5288
3169	0	0	23	2.5288
3170	0	0	23	2.5029
3171	0	0	23	2.5029
3172	0	0	23	2.5029
3173	0	0	23	2.5029
3174	0	0	23	2.5029
3175	0	0	23	2.5029
3176	0	0	23	1.1691
3177	0	0	23	1.1691
3178	0	0	23	1.1691
3179	0	0	23	1.1691
3180	0	0	23	1.1691
3181	0	0	23	1.1691
3182	0	0	23	2.4583
3183	0	0	23	2.4583
3184	0	0	23	2.4583
3185	0	0	23	2.4583
3186	0	0	23	2.4583
3187	0	0	23	2.4583
3188	0	0	23	2.3698
3189	0	0	23	2.3698
3190	0	0	23	2.3698
3191	0	0	23	2.3698
3192	0	0	23	2.3698
3193	0	0	23	2.3698
3194	0	0	23	1.2091
3195	0	0	23	1.2091
3196	0	0	23	1.2091
3197	0	0	23	1.2091
3198	0	0	23	1.2091
3199	0	0	23	1.2091
3200	0	0	23	1.2339
3201	0	0	23	1.2339
3202	0	0	23	1.2339
3203	0	0	23	1.2339
3204	0	0	23	1.2339
3205	0	0	23	1.2339
3206	0	0	23	1.2339
3207	0	0	23	2.6709
3208	0	0	23	2.6709
3209	0	0	23	2.6709
3210	0	0	22	2.6341
3211	0	0	22	2.6341
3212	0	0	22	2.6341
3213	0	0	22	1.1724
3214	0	0	22	1.1724
3215	0	0	22	1.1724
3216	0	0	22	1.1724
3217	0	0	22	1.1724
3218	0	0	22	1.1724
3219	0	0	22	1.2286
3220	0	0	21	1.2428
3221	0	0	21	1.2428
3222	0	0	21	1.2428
3223	0	0	21	1.2428
3224	0	0	21	1.2428
3225	0	0	21	1.4138
3226	0	0	21	1.4138
3227	0	0	21	1.4138
3228	0	0	21	1.4138
3229	0	0	21	1.4138
3230	0	0	21	1.4138
3231	0	0	21	1.1561
3232	0	0	21	1.1561
3233	0	0	21	1.1561
3234	0	0	21	1.1561
3235	0	0	21	1.1561
3236	0	0	21	1.1561
3237	0	0	21	2.409
3238	0	0	21	2.409
3239	0	0	21	2.409
3240	0	0	21	2.409
3241	0	0	21	2.409
3242	0	0	21	2.409
3243	0	0	21	2.6363
3244	0	0	21	2.6363
3245	0	0	21	2.6363
3246	0	0	21	2.6363
3247	0	0	21	2.6363
3248	0	0	21	2.6363
3249	0	0	21	1.1724
3250	0	0	21	1.1724
3251	0	0	21	1.1724
3252	0	0	21	1.1724
3253	0	0	21	1.1724
3254	0	0	21	1.1724
3255	0	0	21	1.2146
3256	0	0	21	1.2146
3257	0	0	21	1.2146
3258	0	0	21	1.2146
3259	0	0	21	1.2146
3260	0	0	21	1.2146
3261	0	0	21	1.2045
3262	0	0	21	1.2045
3263	0	0	21	1.2045
3264	0	0	21	1.2045
3265	0	0	21	1.2045
3266	0	0	21	1.2045
3267	0	0	21	2.6059
3268	0	0	21	2.6059
3269	0	0	21	2.6059
3270	0	0	21	2.6059
3271	0	0	21	2.6059
3272	0	0	21	2.6059
3273	0	0	21	1.2326
3274	0	0	21	1.2326
3275	0	0	21	1.2326
3276	0	0	21	1.2326
3277	0	0	21	1.2326
3278	0	0	21	1.2326
3279	0	0	21	1.2326
3280	0	0	21	1.4796
3281	0	0	21	1.4796
3282	0	0	21	1.4796
3283	0	0	20	1.4744
3284	0	0	20	1.4744
3285	0	0	20	1.4744
3286	0	0	20	1.6112
3287	0	0	20	1.6112
3288	0	0	20	1.6112
3289	0	0	20	1.6112
3290	0	0	20	1.6112
3291	0	0	20	1.6112
3292	0	0	20	2.3966
3293	0	0	20	2.3966
3294	0	0	20	2.3966
3295	0	0	20	2.3966
3296	0	0	20	2.3966
3297	0	0	20	2.3966
3298	0	0	20	1.1963
3299	0	0	20	1.1963
3300	0	0	20	1.1963
3301	0	0	20	1.1963
3302	0	0	20	1.1963
3303	0	0	20	1.1963
3304	0	0	20	1.226
3305	0	0	20	1.226
3306	0	0	20	1.226
3307	0	0	20	1.226
3308	0	0	20	1.226
3309	0	0	20	1.226
3310	0	0	20	1.374
3311	0	0	20	1.374
3312	0	0	20	1.374
3313	0	0	20	1.374
3314	0	0	20	1.374
3315	0	0	20	1.374
3316	0	0	20	2.4196
3317	0	0	20	2.4196
3318	0	0	20	2.4196
3319	0	0	20	2.4196
3320	0	0	20	2.4196
3321	0	0	20	2.4196
3322	0	0	20	2.7901
3323	0	0	20	2.7901
3324	0	0	20	2.7901
3325	0	0	20	2.7901
3326	0	0	20	2.7901
3327	0	0	20	2.7901
3328	0	0	19	1.4724
3329	0	0	19	1.4724
3330	0	0	19	1.4724
3331	0	0	19	1.4724
3332	0	0	19	1.4724
3333	0	0	19	1.4724
3334	0	0	19	2.4118
3335	0	0	19	2.4118
3336	0	0	19	2.4118
3337	0	0	19	2.4118
3338	0	0	19	2.4118
3339	0	0	19	2.4118
3340	0	0	19	1.5603
3341	0	0	19	1.5603
3342	0	0	19	1.5603
3343	0	0	19	1.5603
3344	0	0	19	1.5603
3345	0	0	19	1.5603
3346	0	0	19	1.2126
3347	0	0	19	1.2126
3348	0	0	19	1.2126
3349	0	0	19	1.2126
3350	0	0	18	1.2143
3351	0	0	18	1.2143
3352	0	0	18	1.2143
3353	0	0	18	3.2857
3354	0	0	18	3.2857
3355	0	0	18	3.2857
3356	0	0	18	3.2857
3357	0	0	18	3.2857
3358	0	0	18	3.2857
3359	0	0	18	2.4627
3360	0	0	18	2.4627
3361	0	0	18	2.4627
3362	0	0	18	2.4627
3363	0	0	18	2.4627
3364	0	0	18	2.4627
3365	0	0	18	1.193
3366	0	0	18	1.193
3367	0	0	18	1.193
3368	0	0	18	1.193
3369	0	0	18	1.193
3370	0	0	18	1.193
3371	0	0	18	1.5389
3372	0	0	18	1.5389
3373	0	0	18	1.5389
3374	0	0	18	1.5389
3375	0	0	18	1.5389
3376	0	0	18	1.5389
3377	0	0	18	2.4145
3378	0	0	18	2.4145
3379	0	0	18	2.4145
3380	0	0	18	2.4145
3381	0	0	18	2.4145
3382	0	0	18	2.4145
3383	0	0	18	1.7698
3384	0	0	18	1.7698
3385	0	0	18	1.7698
3386	0	0	18	1.7698
3387	0	0	18	1.7698
3388	0	0	18	1.7698
3389	0	0	18	2.4112
3390	0	0	18	2.4112
3391	0	0	18	2.4112
3392	0	0	18	2.4112
3393	0	0	18	2.4112
3394	0	0	18	2.4112
3395	0	0	18	1.3006
3396	0	0	18	1.3006
3397	0	0	18	1.3006
3398	0	0	18	1.3006
3399	0	0	18	1.3006
3400	0	0	18	1.3006
3401	0	0	18	2.4072
3402	0	0	18	2.4072
3403	0	0	18	2.4072
3404	0	0	18	2.4072
3405	0	0	18	2.4072
3406	0	0	18	2.4072
3407	0	0	18	1.1812
3408	0	0	18	1.1812
3409	0	0	18	1.1812
3410	0	0	18	1.1812
3411	0	0	18	1.1812
3412	0	0	18	1.1812
3413	0	0	17	1.8661
3414	0	0	17	1.8661
3415	0	0	17	1.8661
3416	0	0	17	1.8661
3417	0	0	17	1.8661
3418	0	0	17	1.8661
3419	0	0	17	2.4071
3420	0	0	17	2.4071
3421	0	0	17	2.4071
3422	0	0	17	2.4071
3423	0	0	17	2.4071
3424	0	0	17	2.4071
3425	0	0	17	2.4071
3426	0	0	17	1.4654
3427	0	0	17	1.4654
3428	0	0	17	1.4654
3429	0	0	17	1.4654
3430	0	0	17	1.4654
3431	0	0	17	1.4654
3432	0	0	17	1.2399
3433	0	0	17	1.2399
3434	0	0	17	1.2399
3435	0	0	17	1.2399
3436	0	0	17	1.2399
3437	0	0	17	1.2399
3438	0	0	17	3.0388
3439	0	0	17	3.0388
3440	0	0	17	3.0388
3441	0	0	17	3.0388
3442	0	0	17	3.0388
3443	0	0	17	3.0388
3444	0	0	17	1.161
3445	0	0	17	1.161
3446	0	0	17	1.161
3447	0	0	16	1.1595
3448	0	0	16	1.1595
3449	0	0	16	1.1595
3450	0	0	16	1.2304
3451	0	0	16	1.2304
3452	0	0	16	1.2304
3453	0	0	16	1.2304
3454	0	0	16	1.2304
3455	0	0	16	1.2304
3456	0	0	16	2.187
3457	0	0	16	2.187
3458	0	0	16	2.187
3459	0	0	16	2.187
3460	0	0	16	2.187
3461	0	0	16	2.187
3462	0	0	16	1.2014
3463	0	0	16	1.2014
3464	0	0	16	1.2014
3465	0	0	16	1.2014
3466	0	0	16	1.2014
3467	0	0	16	1.2014
3468	0	0	16	1.1717
3469	0	0	16	1.1717
3470	0	0	16	1.1717
3471	0	0	16	1.1717
3472	0	0	16	1.1717
3473	0	0	16	1.1717
3474	0	0	16	1.4198
3475	0	0	16	1.4198
3476	0	0	16	1.4198
